1634 1581 53 0 0.799931 0.793061 0.00687011 7 1 7 1
1685 1564 121 4 0.799907 0.783332 0.0165755 7 0 7 0
1692 1606 86 8 0.799921 0.790184 0.00973709 7 0 7 0
1789 1621 168 1 0.799915 0.778323 0.021592 7 1 7 1
1833 1554 279 2 0.799978 0.767494 0.0324835 6 0 6 0
2399 2306 93 9 0.699964 0.686906 0.0130582 7 2 7 2
2611 2385 226 7 0.699925 0.672348 0.0275768 6 3 5 3
2741 2491 250 3 0.699929 0.667872 0.0320574 6 2 6 2
3476 3240 236 6 0.599995 0.5726 0.0273954 7 2 7 2
3688 3383 305 4 0.899984 0.861921 0.0380639 7 1 3 1
3846 3508 338 1 0.899983 0.860418 0.0395656 8 0 3 0
4293 4033 260 5 0.499936 0.46776 0.0321754 6 3 6 3
4371 4165 206 8 0.799921 0.773775 0.0261459 6 3 4 3
4442 4147 295 0 0.799936 0.763066 0.03687 6 3 3 2
4668 4493 175 2 0.799896 0.774885 0.0250105 6 1 1 1
5028 4766 262 7 0.899994 0.867093 0.032901 5 4 4 2
5394 5049 345 4 0.89983 0.858653 0.0411763 8 1 3 0
6219 6143 76 8 0.899896 0.890535 0.00936098 6 3 2 2
6441 6113 328 1 0.79985 0.756463 0.0433875 5 3 1 3
6782 6440 342 7 0.899918 0.860843 0.0390754 5 4 3 1
7011 6856 155 6 0.799912 0.780602 0.0193097 7 2 6 1
7263 6928 335 9 0.599994 0.560284 0.0397105 7 2 5 2
7304 7225 79 2 0.79996 0.788739 0.011221 5 3 4 3
7380 7118 262 0 0.799991 0.767821 0.0321705 7 2 5 1
7691 7328 363 5 0.899948 0.857015 0.0429337 7 2 3 0
7758 7401 357 3 0.599888 0.557714 0.0421732 6 3 6 3
7879 7631 248 4 0.799913 0.768892 0.0310209 6 3 5 3
8453 8238 215 7 0.899959 0.873733 0.0262254 3 6 0 2
8486 8283 203 8 0.79999 0.772252 0.0277377 7 2 4 1
8615 8295 320 1 0.899928 0.863258 0.0366701 5 3 0 0
9105 9015 90 2 0.899913 0.890022 0.00989111 5 3 1 0
9844 9648 196 4 0.899953 0.877751 0.0222021 5 4 3 2
9975 9797 178 7 0.899972 0.878407 0.0215647 4 5 3 1
10160 10029 131 0 0.799943 0.782401 0.0175412 4 5 4 5
10396 10247 149 8 0.899917 0.883318 0.016599 7 2 3 0
10428 10354 74 2 0.899948 0.889999 0.00994914 6 2 4 1
10487 10434 53 6 0.699925 0.692885 0.00703988 5 4 4 4
10928 10739 189 9 0.799905 0.777831 0.0220733 7 2 3 1
11176 10832 344 5 0.699917 0.659609 0.0403085 5 4 3 4
11419 11281 138 3 0.799979 0.78363 0.016349 4 5 1 3
12116 11901 215 0 0.899967 0.875069 0.0248981 6 3 2 0
12211 12115 96 7 0.799873 0.786903 0.01297 6 3 4 3
12673 12556 117 2 0.799988 0.78327 0.0167186 9 0 7 0
12725 12526 199 1 0.599934 0.576422 0.023512 7 2 6 2
13453 13400 53 8 0.699904 0.693187 0.00671702 8 1 6 1
13544 13331 213 6 0.799903 0.774529 0.0253746 8 1 7 0
13676 13456 220 5 0.899914 0.873836 0.0260774 5 4 2 3
13986 13930 56 7 0.899978 0.892722 0.00725587 6 3 2 0
14752 14545 207 4 0.499985 0.474604 0.0253809 7 2 7 1
14928 14812 116 3 0.699935 0.683739 0.0161965 5 4 4 4
15272 15032 240 9 0.599985 0.573055 0.02693 8 1 8 1
16091 15833 258 5 0.799902 0.767954 0.031948 6 3 5 3
16197 16052 145 1 0.799946 0.782206 0.0177399 6 3 2 2
16202 16048 154 7 0.79999 0.779553 0.0204368 7 2 5 2
16853 16784 69 0 0.499919 0.491057 0.00886201 5 4 5 4
16876 16818 58 2 0.599891 0.59266 0.00723145 6 3 6 3
18047 17737 310 6 0.599905 0.563189 0.0367159 8 1 6 1
18350 18094 256 8 0.599994 0.56821 0.0317842 7 2 6 2
18731 18678 53 9 0.799953 0.792975 0.00697861 7 2 5 2
18788 18692 96 3 0.699929 0.687328 0.0126007 5 4 4 3
18982 18678 304 7 0.799973 0.76344 0.0365325 6 3 3 3
19474 19381 93 2 0.899917 0.888963 0.010954 5 4 2 2
19896 19583 313 5 0.699973 0.657971 0.0420013 6 3 4 2
21047 20820 227 7 0.899924 0.872878 0.027046 5 4 2 1
21107 20868 239 3 0.899968 0.869822 0.0301462 8 1 6 1
21298 21202 96 1 0.499859 0.487484 0.0123744 5 4 5 4
21424 21061 363 4 0.49998 0.455034 0.0449458 8 1 8 1
21428 21192 236 9 0.799906 0.770934 0.0289729 6 3 5 1
21706 21367 339 0 0.699985 0.660983 0.0390016 5 4 5 4
22490 22340 150 6 0.699952 0.681649 0.0183026 9 0 7 0
23455 23257 198 2 0.599957 0.573249 0.0267083 4 5 4 5
24060 23994 66 9 0.799961 0.79271 0.00725111 6 3 5 3
24316 24192 124 8 0.499926 0.484427 0.0154983 7 2 7 2
24475 24221 254 1 0.899943 0.866042 0.0339014 7 2 4 1
24708 24640 68 6 0.89996 0.891427 0.00853287 9 0 2 0
25737 25684 53 7 0.499892 0.492313 0.00757933 7 2 7 2
25767 25484 283 5 0.49989 0.462301 0.03759 8 1 8 1
25789 25736 53 3 0.499846 0.492433 0.00741264 4 5 4 5
26128 25983 145 6 0.89998 0.881599 0.0183814 7 2 4 2
26450 26121 329 4 0.699898 0.661781 0.0381168 6 3 6 3
26802 26744 58 1 0.7999 0.792179 0.00772066 4 5 1 3
26921 26868 53 2 0.799901 0.791244 0.00865717 3 6 2 3
27407 27236 171 8 0.899941 0.879391 0.0205501 6 3 2 1
27759 27441 318 9 0.699929 0.662662 0.0372661 6 3 5 3
28587 28290 297 6 0.799948 0.764081 0.0358672 5 4 4 3
28785 28731 54 8 0.899939 0.89325 0.00668861 6 3 4 2
28790 28664 126 3 0.899899 0.883286 0.0166125 6 3 5 1
28818 28673 145 4 0.899905 0.881467 0.0184381 6 3 4 3
29030 28823 207 0 0.3 0.274539 0.025461 5 4 5 4
29626 29458 168 2 0.799918 0.777805 0.0221129 6 3 5 1
