828 733 95 6 0.899906 0.88571 0.0141962 4 0 4 0
925 775 150 1 0.899943 0.876954 0.0229894 5 0 5 0
938 781 157 9 0.899966 0.878513 0.0214535 6 0 6 0
1118 827 291 0 0.899925 0.863791 0.0361335 3 0 3 0
1643 1582 61 2 0.799985 0.791216 0.00876873 5 1 5 1
1753 1560 193 7 0.799843 0.777256 0.0225871 4 2 4 2
1894 1570 324 5 0.799936 0.759699 0.0402376 6 2 6 2
2559 2424 135 3 0.699899 0.684425 0.0154738 6 3 6 3
2631 2469 162 8 0.699992 0.679249 0.0207435 4 4 4 4
3045 2981 64 6 0.799984 0.791162 0.00882258 4 3 3 3
3306 3099 207 9 0.799944 0.77614 0.0238038 7 1 5 1
3312 3216 96 2 0.899998 0.887414 0.0125837 6 2 1 1
3479 3358 121 0 0.799946 0.786645 0.0133011 5 3 4 3
3932 3737 195 5 0.899978 0.873615 0.0263627 6 3 1 2
4086 3914 172 1 0.699923 0.677647 0.0222764 8 0 7 0
4561 4312 249 7 0.799901 0.768705 0.0311968 7 1 4 1
4870 4817 53 4 0.399967 0.394127 0.00583986 8 1 8 1
4901 4593 308 2 0.899971 0.865707 0.034264 5 3 5 2
5205 5049 156 9 0.899924 0.880017 0.0199074 5 4 0 4
5887 5552 335 6 0.799852 0.760751 0.0391017 6 3 6 3
6243 5893 350 0 0.799997 0.758623 0.0413739 8 1 6 1
6265 6100 165 5 0.799954 0.781516 0.0184386 6 3 4 2
7572 7185 387 3 0.599912 0.553006 0.0469062 4 5 4 5
7608 7269 339 8 0.599962 0.560552 0.0394102 5 4 5 4
8245 7933 312 2 0.699915 0.662864 0.0370504 7 2 6 2
8299 8198 101 9 0.699919 0.687366 0.0125534 5 4 5 3
8433 8159 274 4 0.899976 0.866828 0.033148 9 0 6 0
8630 8528 102 6 0.799977 0.785954 0.0140232 6 3 3 3
8835 8720 115 1 0.599906 0.585371 0.0145348 7 2 7 2
9180 8917 263 0 0.799918 0.768829 0.0310892 6 3 3 3
9963 9736 227 7 0.499944 0.473801 0.0261433 3 6 3 6
10416 10311 105 6 0.899986 0.888381 0.0116048 9 0 5 0
10549 10409 140 5 0.599913 0.582778 0.0171343 8 1 8 1
10726 10513 213 2 0.899922 0.874104 0.0258184 7 2 3 1
11299 11089 210 3 0.799909 0.774112 0.0257971 6 3 6 3
11443 11158 285 9 0.79994 0.765628 0.0343121 6 3 3 2
11537 11434 103 4 0.699894 0.687167 0.0127278 8 1 8 1
12569 12231 338 1 0.7999 0.76024 0.0396597 4 5 3 4
12866 12733 133 8 0.599935 0.583145 0.0167899 8 1 8 1
13777 13528 249 0 0.599932 0.570654 0.0292782 6 3 5 3
13862 13702 160 2 0.699981 0.679373 0.0206078 8 1 6 1
14311 14212 99 6 0.599921 0.587033 0.0128874 6 3 6 3
14768 14403 365 1 0.899906 0.856557 0.043349 4 5 3 1
14801 14627 174 7 0.699926 0.679972 0.019954 5 4 4 4
14956 14710 246 5 0.699951 0.670144 0.0298072 8 1 7 1
15922 15591 331 3 0.599913 0.55855 0.0413631 6 3 4 2
16065 15738 327 9 0.599955 0.561886 0.0380688 6 3 5 3
16287 16034 253 2 0.899909 0.869792 0.0301173 3 6 1 5
16419 16174 245 8 0.799811 0.76895 0.0308608 5 4 2 3
16462 16219 243 1 0.899902 0.871094 0.0288084 4 5 2 2
16495 16144 351 4 0.59989 0.557287 0.0426034 4 5 4 4
17828 17215 613 0 0.799968 0.732182 0.0677866 5 4 4 4
18147 18048 99 5 0.799951 0.786998 0.012953 7 2 1 1
18500 18234 266 8 0.899902 0.86945 0.0304518 4 5 1 3
18878 18590 288 7 0.699989 0.663566 0.0364224 4 5 3 4
19337 19122 215 4 0.899985 0.874063 0.0259222 3 6 3 4
19547 19437 110 3 0.799912 0.787627 0.0122845 5 4 4 3
19704 19529 175 1 0.699907 0.677377 0.0225301 8 1 8 1
19780 19557 223 9 0.799987 0.775015 0.0249723 8 1 6 1
20551 20234 317 6 0.499972 0.457603 0.0423692 6 3 6 3
21013 20960 53 2 0.49984 0.492042 0.00779774 8 1 8 1
21295 21114 181 7 0.899941 0.878232 0.021709 4 5 4 1
21346 21229 117 3 0.899926 0.88388 0.016046 6 3 3 3
21481 21393 88 0 0.699993 0.687909 0.0120844 5 4 5 4
21605 21508 97 5 0.699921 0.687402 0.0125194 3 6 2 6
21744 21496 248 8 0.69998 0.668424 0.0315557 5 4 5 3
22545 22382 163 9 0.799902 0.779601 0.0203013 5 4 2 4
22635 22365 270 4 0.699959 0.66909 0.0308687 6 3 5 2
22757 22704 53 1 0.799995 0.7929 0.00709521 6 3 2 3
22781 22634 147 3 0.899897 0.880967 0.0189302 5 4 2 3
23868 23567 301 0 0.899956 0.865796 0.0341607 7 2 4 0
24167 24114 53 3 0.899981 0.892792 0.00718823 7 2 4 1
24247 23917 330 8 0.899917 0.862178 0.0377388 6 3 3 1
24544 24444 100 6 0.799972 0.786482 0.01349 5 4 4 3
24607 24554 53 5 0.799897 0.793019 0.00687776 6 3 4 2
24873 24806 67 4 0.899894 0.890365 0.00952906 6 3 2 1
25205 25080 125 9 0.79993 0.784579 0.0153509 7 2 6 1
25491 25267 224 1 0.799974 0.771522 0.0284522 9 0 6 0
25897 25844 53 7 0.499788 0.491418 0.0083697 8 1 8 1
26238 26136 102 0 0.799915 0.78856 0.0113543 9 0 7 0
26523 26265 258 3 0.799961 0.767714 0.0322476 9 0 4 0
26589 26426 163 2 0.599899 0.581755 0.0181439 7 2 6 2
27245 27130 115 5 0.799951 0.785709 0.0142426 7 2 6 1
28010 27952 58 0 0.899976 0.890899 0.00907702 5 4 2 4
28177 27932 245 6 0.699937 0.67 0.0299372 7 2 7 2
28303 28181 122 8 0.599922 0.585148 0.0147741 7 2 5 1
28592 28346 246 3 0.899907 0.871819 0.0280878 7 2 1 2
28657 28563 94 9 0.699963 0.687489 0.0124745 4 5 2 5
28992 28714 278 4 0.599983 0.566787 0.0331962 7 2 6 2
29026 28697 329 7 0.899973 0.858733 0.0412395 6 3 2 2
29075 28947 128 1 0.699989 0.68426 0.0157291 2 7 1 7
29156 28894 262 5 0.899918 0.866659 0.0332585 4 5 1 3
29378 29142 236 2 0.899914 0.871708 0.0282054 7 2 1 1
29483 29281 202 0 0.899902 0.873543 0.0263589 3 6 0 4
