824 744 80 8 0.899973 0.889012 0.0109615 6 1 6 1
846 737 109 5 0.899916 0.887567 0.0123493 6 0 6 0
858 804 54 2 0.899918 0.892423 0.00749593 4 1 4 1
890 771 119 3 0.899986 0.883936 0.0160498 5 0 5 0
1623 1540 83 6 0.799908 0.790787 0.00912111 8 0 8 0
1711 1558 153 1 0.799891 0.781419 0.0184722 5 1 5 1
2204 2111 93 8 0.899917 0.889633 0.0102847 8 0 5 0
2215 2137 78 2 0.899937 0.890055 0.00988261 6 0 5 0
2412 2115 297 5 0.89999 0.863344 0.0366455 8 1 5 1
2738 2416 322 0 0.699964 0.660555 0.0394098 4 5 4 5
2856 2484 372 9 0.699776 0.653442 0.0463341 7 1 7 1
3378 3157 221 7 0.599918 0.574601 0.0253165 8 1 8 1
3537 3312 225 6 0.899949 0.873441 0.0265077 8 1 5 1
3649 3475 174 8 0.899987 0.87868 0.0213066 7 2 4 2
4073 3810 263 5 0.899899 0.86997 0.0299292 7 2 2 2
4209 3878 331 3 0.699952 0.660211 0.0397409 7 1 5 1
4229 3889 340 4 0.499892 0.459895 0.0399971 8 1 8 1
4433 4288 145 2 0.799986 0.783136 0.0168508 7 1 4 1
5173 4880 293 6 0.89997 0.866056 0.0339141 7 2 2 1
6015 5942 73 1 0.599891 0.591537 0.00835476 7 2 6 2
6032 5786 246 8 0.799972 0.771865 0.0281065 7 2 4 1
6933 6634 299 0 0.69999 0.666055 0.0339353 6 3 5 3
6952 6773 179 9 0.699994 0.677753 0.022241 4 5 4 5
7339 6957 382 2 0.799995 0.752971 0.0470235 5 3 3 3
7445 7045 400 5 0.699917 0.650558 0.0493585 7 2 6 2
8162 8108 54 4 0.799915 0.792345 0.00756985 5 4 5 4
8240 8080 160 3 0.699914 0.681915 0.0179988 4 4 3 3
8519 8219 300 6 0.699986 0.664998 0.0349882 8 1 7 0
8610 8439 171 7 0.599952 0.577208 0.0227437 6 3 6 3
8785 8643 142 8 0.799957 0.781145 0.0188121 5 4 4 4
10755 10574 181 9 0.69993 0.677957 0.0219728 6 3 6 3
11034 10743 291 6 0.899968 0.858622 0.041346 8 1 1 0
11502 11361 141 8 0.799894 0.78205 0.0178435 6 3 5 1
11564 11328 236 5 0.699917 0.670671 0.0292456 7 2 6 2
11793 11721 72 1 0.499925 0.489341 0.0105843 6 3 6 3
11818 11425 393 4 0.69995 0.653211 0.0467386 9 0 8 0
11822 11621 201 2 0.599897 0.574594 0.0253029 6 3 5 3
13235 12865 370 7 0.69996 0.654018 0.0459421 2 7 2 6
13587 13225 362 0 0.399963 0.355027 0.0449358 6 3 6 3
13626 13311 315 6 0.799916 0.763651 0.0362655 8 1 4 0
13947 13779 168 5 0.899979 0.878793 0.0211859 4 5 2 4
14786 14459 327 3 0.39994 0.359231 0.0407084 6 3 6 3
14966 14757 209 1 0.899905 0.874611 0.0252942 6 3 1 1
14999 14732 267 8 0.699912 0.665714 0.0341984 5 4 4 3
15194 14923 271 4 0.8 0.768286 0.0317136 4 5 2 5
15340 15286 54 5 0.89996 0.892121 0.00783881 3 6 3 6
15713 15402 311 9 0.599967 0.559368 0.040599 4 5 4 5
16418 16036 382 2 0.699896 0.654116 0.0457796 5 4 4 4
16574 16359 215 7 0.799993 0.774433 0.0255603 2 7 2 4
17302 17049 253 0 0.899935 0.871452 0.0284834 5 4 5 3
17472 17144 328 1 0.799941 0.763261 0.0366795 6 3 4 3
17602 17243 359 8 0.899912 0.856569 0.0433436 7 2 2 1
17780 17428 352 5 0.79992 0.758311 0.0416089 5 4 5 3
18032 17965 67 6 0.599998 0.592637 0.00736111 3 6 2 6
18058 17803 255 4 0.799916 0.768565 0.0313506 5 4 3 3
19215 19044 171 8 0.899924 0.878253 0.0216709 8 1 3 0
19352 19216 136 1 0.899913 0.8826 0.0173131 6 3 4 2
20015 19961 54 7 0.699977 0.693179 0.00679784 9 0 8 0
20470 20290 180 2 0.699971 0.67793 0.0220402 7 2 6 2
20638 20261 377 0 0.699952 0.65321 0.0467425 9 0 9 0
21078 20759 319 3 0.599988 0.562185 0.0378034 7 2 6 1
21105 20869 236 9 0.599968 0.571076 0.0288926 6 3 6 3
21357 21304 53 5 0.699986 0.693662 0.00632388 6 3 6 2
21530 21326 204 6 0.799955 0.774719 0.0252359 7 2 6 0
22739 22623 116 2 0.899974 0.884115 0.0158588 9 0 4 0
23013 22947 66 7 0.799936 0.791719 0.00821763 9 0 6 0
23070 23017 53 8 0.599951 0.592445 0.00750657 8 1 8 1
23512 23458 54 5 0.899993 0.891302 0.00869113 6 3 1 0
23599 23292 307 6 0.899957 0.859689 0.0402678 8 1 4 0
24308 23958 350 2 0.899868 0.856386 0.0434814 7 2 2 2
24335 23991 344 4 0.399759 0.359332 0.0404269 7 2 7 2
24819 24579 240 3 0.799964 0.766334 0.0336303 8 1 6 1
25557 25406 151 9 0.699948 0.681763 0.0181847 7 2 6 2
25656 25462 194 0 0.599918 0.574906 0.0250122 7 2 6 2
25706 25613 93 1 0.299981 0.286246 0.0137358 5 4 5 4
25731 25549 182 7 0.799943 0.777823 0.0221207 7 2 6 2
26561 26405 156 8 0.79989 0.781562 0.0183277 8 1 5 1
26759 26704 55 6 0.699797 0.691627 0.00817028 6 3 4 3
28195 27816 379 4 0.899953 0.855835 0.0441181 6 3 2 1
28371 28257 114 7 0.799959 0.784472 0.0154873 6 3 2 3
28402 28268 134 8 0.899891 0.882805 0.0170858 7 2 1 1
28414 28233 181 2 0.599951 0.576807 0.0231434 7 2 6 2
28434 28257 177 0 0.899953 0.879069 0.0208834 8 1 4 0
29042 28826 216 6 0.899811 0.874476 0.0253354 5 4 2 2
29094 28833 261 5 0.399957 0.366127 0.0338297 2 7 2 7
29580 29453 127 1 0.899798 0.885545 0.0142524 5 4 1 1
