775 693 82 2 0.899864 0.888324 0.01154 4 0 4 0
950 803 147 0 0.899911 0.879799 0.0201116 5 0 5 0
1007 769 238 7 0.9 0.87185 0.0281504 5 0 5 0
1625 1565 60 8 0.799947 0.791653 0.00829426 6 1 6 1
1701 1635 66 9 0.799901 0.791735 0.0081657 6 1 6 1
2379 2253 126 0 0.899948 0.88038 0.0195681 7 0 7 0
2441 2379 62 4 0.699956 0.692893 0.00706293 6 1 6 1
2558 2390 168 6 0.699896 0.678759 0.0211364 9 0 9 0
2585 2437 148 5 0.699915 0.680017 0.0198976 4 3 4 3
2589 2410 179 1 0.699927 0.677799 0.0221285 7 1 7 1
3355 3201 154 3 0.599938 0.581209 0.0187283 6 3 6 3
3507 3160 347 7 0.799899 0.757945 0.0419542 7 2 7 2
3786 3710 76 0 0.899941 0.888613 0.0113286 6 2 2 2
4724 3719 1005 2 0.699892 0.578591 0.121301 6 1 6 1
4887 4727 160 5 0.899959 0.87861 0.0213488 3 5 1 3
4990 4725 265 6 0.899997 0.870719 0.0292782 7 2 2 2
5139 4917 222 8 0.699954 0.675969 0.0239849 7 2 6 2
5314 4994 320 9 0.699909 0.661326 0.0385828 2 6 2 6
6357 6189 168 1 0.699946 0.680699 0.0192477 7 1 7 1
6495 6160 335 4 0.699898 0.659848 0.0400504 8 1 7 1
6905 6789 116 3 0.799991 0.786715 0.0132753 9 0 5 0
7180 6890 290 5 0.79994 0.764479 0.0354607 6 3 5 2
7471 7131 340 6 0.799998 0.759455 0.0405437 5 4 4 4
8039 7917 122 7 0.599947 0.58554 0.0144076 6 3 6 3
8269 8127 142 8 0.799995 0.78178 0.0182144 6 3 3 2
8826 8329 497 0 0.499964 0.438603 0.0613607 6 3 6 2
9104 8937 167 2 0.699915 0.679506 0.0204094 7 2 6 2
9796 9693 103 5 0.799877 0.788365 0.0115119 6 3 6 3
9840 9499 341 4 0.799959 0.758059 0.0418999 6 3 5 3
10205 10127 78 9 0.599936 0.589626 0.0103102 7 2 6 2
10514 10240 274 3 0.699972 0.667442 0.0325296 7 2 6 2
11061 10794 267 8 0.799892 0.768706 0.0311856 4 5 2 4
11264 10974 290 6 0.699924 0.662759 0.0371652 5 4 4 3
11308 10929 379 1 0.599892 0.550955 0.0489376 5 4 5 4
11356 11259 97 2 0.899971 0.886074 0.0138974 4 5 1 4
11565 11370 195 7 0.799971 0.774818 0.0251522 4 5 2 4
12183 11996 187 0 0.899906 0.878037 0.021869 7 2 2 1
13085 12712 373 3 0.899968 0.857623 0.0423445 5 4 3 2
13329 13055 274 4 0.699905 0.667853 0.0320521 6 3 5 2
13497 13444 53 2 0.799941 0.791864 0.00807676 7 2 7 1
13521 13178 343 5 0.699923 0.656886 0.0430371 7 2 7 2
13612 13492 120 6 0.899904 0.886486 0.0134182 7 2 6 1
13688 13586 102 9 0.799817 0.787813 0.0120043 7 2 6 2
13839 13718 121 8 0.799949 0.783353 0.0165961 3 6 3 4
14781 14549 232 3 0.899846 0.8722 0.0276454 6 3 4 1
14961 14866 95 7 0.699999 0.687638 0.0123607 4 5 4 4
15159 14903 256 6 0.899922 0.868382 0.0315392 5 4 3 3
15398 15190 208 0 0.699975 0.675598 0.0243766 5 4 5 4
16227 16131 96 3 0.899788 0.887007 0.012781 8 1 5 1
16862 16564 298 6 0.899914 0.86386 0.0360535 6 3 5 1
17075 16762 313 2 0.699971 0.661451 0.0385198 8 1 8 1
17155 17070 85 7 0.899974 0.88972 0.0102539 5 4 4 1
17407 17240 167 8 0.699994 0.681633 0.0183611 6 3 6 2
17515 17167 348 4 0.69998 0.65956 0.04042 7 2 7 1
17640 17313 327 1 0.499936 0.456934 0.0430019 5 4 5 4
18077 17812 265 9 0.599872 0.567259 0.0326122 3 6 3 6
18224 18171 53 5 0.599801 0.591482 0.00831866 6 3 6 3
18561 18355 206 0 0.799905 0.776072 0.0238332 6 3 5 2
18648 18433 215 7 0.899891 0.87436 0.0255313 6 3 2 2
20287 20017 270 7 0.899979 0.868574 0.0314053 5 4 3 2
20482 20328 154 8 0.799935 0.779881 0.0200538 5 4 3 1
20683 20601 82 4 0.799975 0.788348 0.0116273 8 1 5 0
20824 20771 53 6 0.599837 0.592647 0.0071898 7 2 6 2
21064 20853 211 3 0.499972 0.473261 0.0267115 8 1 8 1
21249 21007 242 2 0.699908 0.670541 0.0293675 6 3 6 3
21756 21552 204 5 0.799974 0.775319 0.0246542 7 2 6 0
21873 21692 181 7 0.899899 0.879288 0.020611 3 6 1 2
22169 21994 175 0 0.699984 0.68 0.0199838 9 0 8 0
22521 22296 225 1 0.699949 0.672498 0.0274509 5 4 5 3
23374 23273 101 9 0.599943 0.58692 0.0130232 5 4 5 4
23433 23306 127 6 0.899927 0.883816 0.0161109 8 1 4 1
23553 23494 59 5 0.89979 0.892643 0.00714651 5 4 1 4
23554 23434 120 2 0.899775 0.882343 0.0174327 4 5 0 3
23563 23208 355 4 0.799916 0.756632 0.0432839 7 2 3 1
24759 24702 57 1 0.89998 0.890743 0.00923693 7 2 4 0
24923 24750 173 6 0.89992 0.879722 0.0201975 8 1 1 0
25060 24876 184 7 0.699994 0.677839 0.0221546 6 3 6 2
25139 24957 182 3 0.799969 0.777703 0.0222668 6 3 3 3
25630 25574 56 8 0.499955 0.492161 0.00779385 5 4 4 4
25642 25404 238 4 0.899919 0.87277 0.0271493 7 2 1 1
25844 25670 174 5 0.799992 0.77693 0.0230624 5 4 3 2
27055 26811 244 0 0.599895 0.570011 0.0298834 5 4 4 4
27110 26863 247 1 0.799897 0.768311 0.0315862 9 0 5 0
27254 27201 53 7 0.899846 0.892645 0.00720078 7 2 5 1
27764 27552 212 9 0.699986 0.674014 0.0259717 6 3 6 2
28373 28041 332 2 0.499924 0.46048 0.0394436 8 1 8 1
28799 28511 288 8 0.899758 0.867389 0.0323692 7 2 5 0
29004 28743 261 6 0.599939 0.568588 0.0313505 6 3 6 3
29818 29523 295 4 0.599942 0.564906 0.0350364 7 2 5 2
