953 777 176 0 0.899966 0.878121 0.0218442 6 0 6 0
1675 1611 64 9 0.799989 0.790687 0.00930213 9 0 9 0
1712 1628 84 1 0.799922 0.789014 0.0109076 8 0 8 0
1733 1573 160 8 0.799962 0.78218 0.017782 8 0 8 0
2492 2435 57 5 0.699914 0.692853 0.00706141 8 1 8 1
2501 2406 95 7 0.699893 0.687393 0.0125 7 1 7 1
2530 2447 83 6 0.699928 0.689744 0.0101837 7 1 7 1
2586 2377 209 2 0.69993 0.675021 0.0249094 9 0 9 0
3358 3158 200 4 0.599961 0.57797 0.0219911 6 3 6 3
3382 3209 173 3 0.599928 0.578998 0.0209306 9 0 9 0
3604 3355 249 9 0.899968 0.869481 0.0304872 9 0 3 0
4482 4314 168 8 0.799942 0.780199 0.019743 8 1 6 1
4529 4237 292 1 0.799909 0.765061 0.0348481 9 0 5 0
4796 4592 204 5 0.899899 0.875126 0.0247722 7 2 4 1
4982 4796 186 2 0.899985 0.878713 0.0212721 8 1 3 1
4989 4739 250 0 0.599893 0.567917 0.0319755 3 6 3 6
5499 5446 53 7 0.799991 0.792987 0.00700415 7 2 4 2
6046 5931 115 3 0.899944 0.882931 0.0170133 8 1 2 1
6313 6135 178 5 0.899964 0.877757 0.0222066 7 2 3 1
6432 6301 131 2 0.899977 0.885038 0.0149388 9 0 3 0
6577 6285 292 6 0.699932 0.666582 0.0333501 8 1 7 1
7107 6743 364 4 0.799945 0.757262 0.0426829 7 2 4 1
8131 7940 191 7 0.799996 0.776862 0.0231342 7 2 4 2
8158 7828 330 8 0.699963 0.661445 0.0385175 8 1 7 1
8178 8123 55 3 0.7999 0.792556 0.00734442 7 2 4 2
8345 7995 350 1 0.699901 0.656257 0.0436442 8 1 8 1
9249 8974 275 4 0.899989 0.868293 0.0316958 6 3 2 2
9319 9200 119 5 0.699914 0.681946 0.0179684 6 3 5 2
9662 9142 520 9 0.39998 0.342086 0.0578944 7 2 7 2
10022 9663 359 6 0.7999 0.755686 0.0442141 4 5 3 4
10315 10260 55 8 0.899819 0.891951 0.00786779 7 2 4 1
10541 10177 364 0 0.59995 0.555793 0.0441569 6 3 6 2
11370 10994 376 2 0.499945 0.453255 0.0466897 8 1 8 1
11506 11453 53 8 0.899935 0.892426 0.00750965 6 3 2 1
11659 11404 255 5 0.899977 0.870232 0.029745 6 3 3 1
12008 11867 141 6 0.899916 0.884287 0.0156285 4 5 3 2
13225 13131 94 1 0.599922 0.586519 0.0134026 8 1 8 1
13314 13147 167 4 0.599893 0.578491 0.021402 6 3 5 3
13409 13245 164 7 0.499968 0.481353 0.018614 8 1 8 1
13524 13234 290 3 0.499991 0.4632 0.0367907 7 2 7 2
14524 14425 99 8 0.69993 0.687878 0.0120522 5 4 5 3
14546 14460 86 2 0.899907 0.889425 0.0104826 6 3 2 3
14826 14638 188 5 0.699844 0.67879 0.0210541 8 1 8 1
14958 14905 53 0 0.699935 0.693949 0.00598648 7 2 6 2
15040 14887 153 9 0.699897 0.678424 0.0214731 3 6 2 5
15906 15805 101 6 0.599979 0.587377 0.0126023 5 4 5 4
16789 16686 103 1 0.799905 0.788098 0.0118069 7 2 3 2
17258 17178 80 9 0.899845 0.888623 0.0112215 4 5 3 1
17341 17007 334 0 0.899907 0.860834 0.0390731 7 2 3 1
17698 17490 208 8 0.799993 0.772826 0.0271673 6 3 6 2
18398 18272 126 3 0.699946 0.683673 0.0162728 5 4 4 4
18487 18368 119 2 0.599927 0.584433 0.0154936 8 1 6 1
18640 18567 73 5 0.699916 0.69223 0.00768616 5 4 5 3
19607 19239 368 4 0.499804 0.456565 0.0432389 6 3 5 2
19690 19603 87 0 0.799913 0.788345 0.0115673 5 4 5 3
19914 19659 255 7 0.499909 0.468029 0.0318801 8 1 8 1
20277 20067 210 6 0.699901 0.67177 0.0281309 6 3 5 3
20595 20306 289 8 0.799972 0.76619 0.0337822 4 5 3 4
20868 20734 134 5 0.899933 0.881816 0.0181172 5 4 3 0
21105 20972 133 1 0.599983 0.585264 0.0147195 6 3 6 3
22004 21865 139 2 0.799919 0.781046 0.0188731 7 2 4 2
22320 21933 387 9 0.49992 0.450588 0.0493329 5 4 5 4
22557 22177 380 3 0.699819 0.650063 0.049756 3 6 3 6
22561 22426 135 8 0.899976 0.884161 0.0158149 4 5 0 1
22723 22487 236 6 0.899942 0.872573 0.0273697 3 6 1 4
23151 23007 144 5 0.79989 0.782804 0.0170864 4 5 4 4
23231 22892 339 7 0.89998 0.860088 0.039892 6 3 1 3
23712 23540 172 4 0.799976 0.779409 0.0205678 5 4 2 3
23894 23631 263 1 0.89994 0.867654 0.0322861 7 2 3 2
23988 23876 112 0 0.59995 0.585339 0.0146115 3 6 3 5
24031 23761 270 2 0.8999 0.86655 0.0333502 6 3 2 1
24984 24907 77 6 0.79984 0.790693 0.00914679 8 1 8 0
25485 25426 59 2 0.899945 0.891725 0.00821975 3 6 1 3
25638 25286 352 1 0.899984 0.855563 0.0444202 8 1 3 0
25640 25530 110 7 0.799913 0.786291 0.0136217 5 4 3 2
26546 26322 224 4 0.799973 0.773221 0.0267515 6 3 5 2
26587 26534 53 6 0.899987 0.891239 0.00874761 8 1 3 1
26782 26495 287 0 0.899971 0.863179 0.0367918 6 3 5 1
27462 27330 132 5 0.599968 0.583074 0.0168939 6 3 5 2
28011 27840 171 6 0.899916 0.879301 0.0206155 7 2 5 1
28187 27933 254 8 0.399821 0.368692 0.0311291 8 1 8 1
28254 27896 358 9 0.599958 0.555835 0.0441236 8 1 7 1
28412 28109 303 7 0.799901 0.766275 0.0336264 6 3 6 2
28730 28378 352 2 0.699984 0.652494 0.04749 7 2 7 2
28843 28688 155 1 0.699953 0.679344 0.0206095 5 4 3 4
29262 28954 308 3 0.399896 0.363274 0.036622 6 3 6 3
29437 29170 267 4 0.799947 0.768235 0.0317114 4 5 2 3
