735 682 53 5 0.89997 0.893026 0.0069444 4 0 4 0
806 655 151 2 0.899979 0.883063 0.016916 6 0 6 0
870 811 59 0 0.899975 0.893494 0.00648111 7 0 7 0
1061 807 254 3 0.899903 0.869059 0.0308435 3 1 3 1
1856 1579 277 7 0.799899 0.76618 0.0337197 5 0 5 0
1926 1660 266 1 0.799902 0.768258 0.031644 7 1 7 1
2559 2404 155 8 0.699941 0.680139 0.0198016 7 0 7 0
2657 2452 205 9 0.699974 0.670838 0.0291362 7 1 7 1
2659 2434 225 4 0.699971 0.671554 0.0284167 8 0 8 0
2908 2770 138 5 0.799972 0.783253 0.0167194 3 5 2 5
3199 2910 289 2 0.799921 0.764846 0.0350748 7 2 5 2
3280 3201 79 6 0.599944 0.590703 0.00924071 6 3 6 3
3845 3723 122 1 0.89991 0.885004 0.0149054 6 2 1 1
4426 4132 294 3 0.699892 0.664338 0.0355535 3 4 3 4
4835 4527 308 7 0.799947 0.764208 0.0357393 7 1 5 1
5011 4629 382 5 0.899975 0.853472 0.0465026 4 4 2 1
5495 5439 56 0 0.499905 0.492648 0.00725714 7 1 5 1
5797 5744 53 6 0.89996 0.892277 0.00768247 7 2 3 1
5909 5812 97 2 0.799997 0.786097 0.0138997 5 4 5 3
6381 6020 361 1 0.799955 0.757153 0.0428024 7 2 6 1
6642 6390 252 8 0.699982 0.669665 0.0303164 5 4 5 4
6785 6534 251 9 0.699906 0.670549 0.0293568 7 2 6 2
7365 7283 82 5 0.799894 0.787479 0.0124146 4 4 3 3
7765 7513 252 3 0.799918 0.770506 0.0294117 2 5 2 2
8191 7870 321 6 0.799997 0.763663 0.0363346 6 3 2 3
8350 8129 221 4 0.499942 0.473892 0.0260501 6 3 6 3
8508 8419 89 2 0.799995 0.788775 0.0112201 5 4 4 2
9136 9081 55 5 0.899958 0.891922 0.00803568 6 2 3 1
9137 8831 306 8 0.899921 0.863877 0.0360437 6 3 4 2
9248 9005 243 9 0.899899 0.871409 0.0284907 8 1 5 1
9339 9185 154 7 0.599916 0.578401 0.0215151 6 3 5 3
10560 10309 251 3 0.799902 0.770168 0.0297343 4 4 3 2
10676 10488 188 8 0.899939 0.876525 0.0234143 4 5 2 2
10863 10556 307 9 0.89991 0.864386 0.0355247 6 3 4 2
11086 11013 73 2 0.799934 0.789469 0.0104652 6 3 4 1
11197 10817 380 0 0.599943 0.549947 0.049996 8 1 6 1
11537 11340 197 4 0.899899 0.874191 0.0257078 7 2 2 0
11688 11515 173 1 0.499916 0.476461 0.0234546 6 3 6 3
12371 12318 53 3 0.899997 0.894038 0.00595937 3 5 3 3
12845 12754 91 7 0.799894 0.789217 0.0106768 7 2 5 1
12997 12857 140 8 0.799966 0.78345 0.0165164 5 4 5 4
13472 12886 586 5 0.59992 0.531472 0.0684478 8 1 7 1
13499 13134 365 9 0.799953 0.754978 0.0449746 5 4 3 4
13992 13735 257 4 0.79994 0.770702 0.0292382 5 4 5 3
14395 14155 240 6 0.399973 0.369528 0.030445 6 3 6 3
14764 14473 291 3 0.799843 0.763614 0.0362294 5 3 4 3
15399 15230 169 2 0.599929 0.578497 0.0214319 8 1 8 1
15583 15528 55 0 0.699881 0.690859 0.00902152 4 5 4 4
15615 15503 112 8 0.799994 0.785985 0.0140091 7 2 7 1
15657 15351 306 7 0.799964 0.76418 0.0357839 9 0 7 0
15823 15508 315 1 0.799894 0.760652 0.0392417 4 5 3 2
16509 16249 260 5 0.899983 0.868041 0.0319416 5 4 3 3
17506 17451 55 7 0.899915 0.891862 0.00805348 9 0 6 0
17685 17381 304 4 0.699916 0.664992 0.0349247 6 3 5 2
17772 17660 112 0 0.899938 0.887627 0.0123111 6 3 6 1
17889 17802 87 9 0.599982 0.589488 0.0104942 7 2 7 2
17942 17865 77 5 0.899993 0.888019 0.0119743 7 2 5 2
17966 17650 316 1 0.899905 0.864182 0.0357233 5 4 4 1
18116 17833 283 6 0.899961 0.86732 0.032642 6 3 3 2
19941 19870 71 0 0.799884 0.789579 0.0103049 7 2 7 2
20261 19910 351 3 0.499911 0.45854 0.0413715 9 0 7 0
20607 20492 115 2 0.599893 0.583923 0.0159704 9 0 8 0
21034 20716 318 4 0.7999 0.763335 0.036565 9 0 8 0
21224 20875 349 5 0.699929 0.659242 0.0406871 9 0 9 0
21445 21136 309 6 0.699918 0.661741 0.038177 6 3 6 3
22099 22046 53 9 0.699927 0.693644 0.00628303 6 3 5 2
22118 21884 234 1 0.599905 0.572941 0.0269637 7 2 7 2
22380 22203 177 8 0.299935 0.277494 0.0224404 8 1 8 1
23011 22839 172 7 0.399993 0.378314 0.0216785 5 4 5 4
23440 23145 295 2 0.899988 0.863617 0.0363709 9 0 2 0
24339 24152 187 3 0.799939 0.777461 0.022478 7 2 4 2
24464 24318 146 5 0.799914 0.783265 0.0166488 7 2 5 2
24935 24737 198 1 0.89989 0.87702 0.0228697 7 2 3 1
26179 26102 77 4 0.499985 0.490458 0.00952602 6 3 6 3
26188 25831 357 9 0.699839 0.65645 0.0433889 6 3 5 2
26322 26212 110 1 0.899902 0.885335 0.0145665 7 2 4 1
26405 26142 263 6 0.599891 0.567795 0.0320961 7 2 7 2
26753 26624 129 0 0.299999 0.28546 0.0145387 7 2 6 2
26761 26578 183 2 0.699983 0.676439 0.0235441 6 3 6 3
27079 27021 58 8 0.799841 0.791414 0.00842675 6 3 5 3
27497 27231 266 7 0.799931 0.767446 0.0324852 5 4 5 2
28011 27665 346 1 0.899966 0.85787 0.0420958 4 5 0 3
28737 28632 105 5 0.599928 0.586918 0.0130103 6 3 5 3
28843 28524 319 3 0.599961 0.560554 0.0394077 3 6 3 6
29679 29564 115 8 0.799904 0.784091 0.0158132 6 3 5 2
29757 29250 507 9 0.799963 0.717585 0.0823775 6 3 5 3
