947 810 137 8 0.899955 0.883205 0.0167499 7 0 7 0
1144 816 328 0 0.899931 0.861769 0.0381625 4 0 4 0
1649 1533 116 1 0.799901 0.784526 0.0153756 6 1 6 1
1734 1570 164 9 0.799897 0.779132 0.0207651 5 2 5 2
1833 1614 219 6 0.799977 0.774335 0.0256426 5 1 5 1
1834 1518 316 3 0.79997 0.759279 0.0406914 8 0 8 0
2526 2473 53 5 0.69995 0.693176 0.00677442 4 4 4 4
2535 2212 323 8 0.899994 0.861232 0.0387627 6 3 5 3
2616 2403 213 2 0.699981 0.673485 0.0264963 5 3 5 3
2790 2576 214 0 0.899891 0.873526 0.0263652 4 2 1 2
3495 3217 278 7 0.59992 0.567593 0.032328 6 3 6 3
3633 3559 74 6 0.899938 0.889576 0.0103622 3 5 1 4
4076 3686 390 3 0.89992 0.849943 0.0499776 7 1 1 1
4211 4121 90 4 0.499961 0.488896 0.0110651 6 1 6 1
4309 4169 140 1 0.799983 0.782598 0.0173853 7 2 5 1
4374 4292 82 9 0.799994 0.78663 0.0133637 4 5 3 5
4702 4567 135 5 0.899979 0.885138 0.0148411 5 3 3 2
5106 4945 161 0 0.799997 0.774353 0.0256439 5 3 5 3
5833 5533 300 3 0.899966 0.866757 0.0332088 6 2 4 1
5871 5586 285 2 0.799938 0.764686 0.0352526 8 0 6 0
5935 5620 315 8 0.699915 0.663239 0.0366767 7 2 6 2
6168 6033 135 1 0.899926 0.883383 0.0165433 4 5 3 5
6348 5989 359 5 0.899926 0.859925 0.0400011 7 1 4 1
6755 6592 163 6 0.699991 0.681115 0.018876 6 2 5 1
7086 6925 161 9 0.799928 0.780703 0.0192251 5 4 2 0
7411 7060 351 4 0.899918 0.857007 0.0429104 5 3 3 3
7523 7199 324 3 0.89998 0.862927 0.0370534 5 4 1 2
7716 7389 327 1 0.899995 0.861579 0.0384155 4 5 3 2
8554 8491 63 2 0.799991 0.793069 0.00692111 5 4 3 4
8765 8549 216 0 0.699902 0.673912 0.0259901 5 4 5 2
8959 8875 84 6 0.899935 0.888282 0.0116524 6 2 3 1
9004 8668 336 7 0.59992 0.559748 0.0401722 7 2 7 2
9382 9147 235 1 0.899796 0.872982 0.0268136 4 5 3 1
9982 9665 317 9 0.799907 0.761458 0.0384491 3 6 3 4
10053 9721 332 4 0.799929 0.761691 0.0382379 4 5 3 4
10289 10231 58 2 0.89989 0.890612 0.00927782 6 3 3 2
10572 10225 347 5 0.599893 0.559939 0.0399535 8 1 8 1
11606 11495 111 8 0.499931 0.485849 0.0140824 4 5 4 5
12221 11908 313 6 0.699864 0.662768 0.0370958 9 0 9 0
12827 12489 338 7 0.799989 0.758715 0.0412736 7 2 3 1
13050 12717 333 4 0.799915 0.761574 0.038341 7 2 5 1
13392 13156 236 2 0.699941 0.671159 0.0287821 8 1 8 1
13404 13099 305 3 0.399876 0.365402 0.0344738 8 1 8 1
13549 13215 334 5 0.899975 0.860844 0.0391309 8 1 2 1
13622 13452 170 9 0.699954 0.679761 0.0201926 6 3 5 3
13679 13333 346 0 0.599904 0.556924 0.04298 7 2 6 2
14277 14002 275 1 0.499977 0.467363 0.0326138 2 7 1 7
15955 15741 214 9 0.899924 0.875282 0.0246424 7 2 4 0
16341 16158 183 6 0.699939 0.676376 0.0235629 7 2 7 2
16482 16190 292 8 0.699884 0.664212 0.0356715 8 1 7 1
16768 16413 355 2 0.79996 0.757747 0.0422131 5 4 5 4
17253 17176 77 0 0.799947 0.78983 0.0101175 6 3 4 3
17429 17358 71 4 0.579611 0.568804 0.0108067 6 3 4 3
17475 17181 294 7 0.599947 0.565514 0.0344335 6 3 6 3
17985 17730 255 3 0.799913 0.768365 0.0315481 7 2 3 1
18170 18074 96 1 0.799957 0.789405 0.0105511 4 5 4 2
18466 18312 154 5 0.49996 0.483029 0.0169311 4 5 4 5
18510 18160 350 9 0.799924 0.758794 0.0411308 5 4 3 2
19144 18928 216 0 0.899999 0.874417 0.0255823 7 2 3 2
19643 19529 114 8 0.799947 0.786849 0.0130973 7 2 3 2
20351 20071 280 4 0.89979 0.86542 0.0343701 7 2 1 0
20405 20073 332 7 0.899959 0.86109 0.0388693 7 2 3 1
20479 20367 112 9 0.9 0.886021 0.0139788 6 3 3 1
20506 20287 219 2 0.699891 0.672171 0.0277199 6 3 4 1
20678 20475 203 0 0.899942 0.872593 0.0273497 7 2 3 0
21325 21081 244 6 0.599942 0.569947 0.0299948 5 4 5 4
21457 21377 80 5 0.899911 0.888915 0.0109957 5 4 3 1
21497 21375 122 3 0.699999 0.68638 0.0136195 4 5 4 5
21858 21541 317 1 0.699927 0.661231 0.0386957 7 2 6 2
22251 22197 54 8 0.799898 0.792664 0.00723322 3 6 2 5
22382 22041 341 0 0.89997 0.857775 0.042195 6 3 1 2
22777 22689 88 7 0.799948 0.788581 0.0113678 3 6 1 5
22799 22621 178 9 0.799984 0.779049 0.0209349 6 3 4 3
23582 23397 185 4 0.699907 0.678527 0.0213798 5 4 4 4
24592 24529 63 9 0.899895 0.890641 0.00925322 7 2 5 0
25465 25226 239 5 0.599891 0.569175 0.0307165 7 2 6 1
25553 25220 333 2 0.599934 0.561538 0.0383961 7 2 6 2
25638 25507 131 0 0.699904 0.683025 0.0168786 5 4 5 2
26231 26005 226 3 0.599917 0.574179 0.025738 6 3 6 2
26401 26108 293 7 0.699895 0.662573 0.0373221 8 1 8 0
27436 27332 104 1 0.499985 0.487178 0.0128066 6 3 5 3
27538 27204 334 8 0.499991 0.461167 0.0388245 6 3 6 3
28081 27779 302 0 0.899994 0.863361 0.0366326 5 4 2 2
28347 28292 55 9 0.599999 0.59189 0.00810912 6 3 5 2
28392 28227 165 2 0.899912 0.879119 0.0207933 6 3 2 2
28444 28105 339 6 0.399814 0.357391 0.0424222 6 3 6 3
28980 28834 146 3 0.899915 0.88196 0.0179551 7 2 3 0
29205 28925 280 5 0.799898 0.763175 0.0367225 5 4 3 3
29268 28923 345 4 0.499927 0.459469 0.0404576 4 5 3 5
29628 29483 145 7 0.799953 0.780971 0.018982 9 0 2 0
