875 817 58 8 0.899893 0.891373 0.0085199 4 0 4 0
881 779 102 6 0.899963 0.887269 0.0126933 4 0 4 0
906 718 188 4 0.89992 0.877667 0.0222527 5 0 5 0
1636 1583 53 0 0.799956 0.792431 0.00752433 6 1 6 1
1798 1617 181 3 0.79994 0.778183 0.0217561 6 1 6 1
2448 2395 53 5 0.699969 0.691215 0.00875385 7 1 7 1
2596 2430 166 7 0.699914 0.679246 0.0206686 7 0 7 0
2749 2445 304 1 0.699961 0.664592 0.0353695 7 0 7 0
3135 2914 221 8 0.79995 0.773799 0.0261512 8 0 7 0
3179 2924 255 6 0.799941 0.771471 0.0284693 5 2 5 2
3249 3040 209 4 0.799927 0.775459 0.0244685 8 0 6 0
3322 3229 93 2 0.599956 0.586458 0.0134971 4 4 4 4
3373 3158 215 9 0.599936 0.575189 0.0247473 8 1 8 1
4311 4122 189 0 0.799965 0.774529 0.0254359 5 2 0 1
5294 5220 74 3 0.699998 0.69064 0.00935789 6 2 5 2
5479 5382 97 5 0.799773 0.78557 0.0142036 7 2 7 2
5932 5557 375 7 0.799831 0.755006 0.0448255 7 2 5 2
6756 6533 223 8 0.699992 0.673754 0.0262388 7 2 6 2
6840 6513 327 6 0.699962 0.659213 0.0407498 7 2 7 1
6847 6686 161 9 0.799946 0.782245 0.0177011 9 0 7 0
7405 7153 252 5 0.899901 0.870447 0.0294548 7 2 4 1
7589 7318 271 2 0.699892 0.666851 0.0330403 4 5 4 3
7614 7434 180 4 0.599994 0.578489 0.0215049 7 2 7 2
7661 7382 279 3 0.899962 0.867505 0.0324572 4 4 1 2
7919 7681 238 0 0.699922 0.670167 0.029755 6 3 5 1
8550 8246 304 1 0.499895 0.465281 0.0346139 6 3 6 3
9141 9006 135 3 0.899907 0.882036 0.0178712 5 4 4 4
9319 9122 197 6 0.899953 0.877161 0.0227918 5 4 2 2
9943 9621 322 5 0.799996 0.760866 0.0391297 6 3 4 2
10294 10240 54 9 0.699901 0.691548 0.00835242 6 3 6 3
10606 10319 287 7 0.599974 0.563715 0.0362588 6 3 4 3
10707 10477 230 3 0.899972 0.874081 0.0258912 6 3 4 1
10892 10687 205 6 0.899974 0.875861 0.0241124 5 4 2 2
11404 11162 242 8 0.599979 0.568222 0.0317574 7 2 5 2
11795 11606 189 1 0.899907 0.877676 0.0222312 4 5 2 3
12087 11786 301 5 0.899803 0.86374 0.0360633 7 2 3 0
12126 11824 302 4 0.699968 0.664993 0.0349751 4 5 4 5
12392 12234 158 6 0.899929 0.880701 0.0192274 3 6 0 2
12434 12259 175 2 0.599964 0.578204 0.0217599 6 3 6 3
12839 12624 215 0 0.599982 0.573654 0.0263277 5 4 5 4
12951 12898 53 3 0.799987 0.793458 0.00652918 7 2 4 1
13401 13270 131 7 0.899912 0.883902 0.0160108 5 4 0 3
13535 13215 320 9 0.799905 0.760455 0.0394501 2 7 0 5
13857 13724 133 6 0.89989 0.880408 0.0194827 2 7 1 4
14648 14336 312 4 0.899898 0.860459 0.0394389 7 2 4 0
15311 15117 194 5 0.699855 0.674732 0.0251229 5 4 5 4
15444 15387 57 0 0.899902 0.892802 0.00709994 9 0 5 0
15586 15492 94 7 0.799922 0.787463 0.0124595 6 3 5 2
15822 15537 285 1 0.59991 0.565759 0.0341507 7 2 7 2
16223 15972 251 6 0.799948 0.769068 0.0308801 5 4 4 2
16631 16492 139 8 0.599925 0.582618 0.0173065 8 1 6 1
17206 17044 162 9 0.699928 0.679366 0.020562 8 1 8 1
17282 17088 194 3 0.599936 0.576117 0.0238186 6 3 5 3
17629 17524 105 0 0.799953 0.786643 0.0133104 4 5 3 5
17675 17400 275 2 0.599914 0.567117 0.0327969 6 3 6 3
18887 18566 321 4 0.59996 0.561915 0.038045 8 1 6 1
19418 19078 340 5 0.699899 0.658511 0.0413878 8 1 6 1
19419 19366 53 1 0.799818 0.792558 0.00725945 7 2 5 1
19617 19319 298 0 0.899946 0.863772 0.0361743 8 1 5 1
20454 20200 254 9 0.799997 0.767585 0.0324121 7 2 3 1
21189 21119 70 2 0.799897 0.789903 0.00999486 6 3 5 2
21711 21386 325 7 0.399923 0.363278 0.0366445 8 1 7 1
21759 21480 279 4 0.899938 0.868941 0.0309968 8 1 5 0
21918 21653 265 5 0.899916 0.869027 0.030889 9 0 5 0
21947 21894 53 0 0.799969 0.792488 0.00748105 6 3 3 2
21947 21643 304 8 0.599982 0.562218 0.0377637 8 1 7 1
22107 21937 170 1 0.8 0.781309 0.0186911 9 0 5 0
22285 22107 178 6 0.399954 0.379131 0.0208222 7 2 7 2
22635 22287 348 3 0.599847 0.556641 0.0432062 2 7 2 6
23473 23121 352 4 0.899917 0.857265 0.0426523 5 4 3 4
24299 24141 158 5 0.799966 0.778407 0.0215594 6 3 4 3
24957 24614 343 1 0.799939 0.756625 0.0433148 7 2 5 2
24961 24701 260 9 0.599787 0.568148 0.0316386 8 1 6 1
25416 25301 115 3 0.899943 0.883862 0.0160807 5 4 4 1
25519 25341 178 2 0.599951 0.579111 0.0208394 4 5 4 5
25961 25682 279 6 0.899973 0.867735 0.0322379 5 4 3 2
26050 25993 57 7 0.799998 0.790744 0.00925397 6 3 5 3
26805 26707 98 3 0.899963 0.886908 0.0130547 5 4 3 2
27181 26963 218 0 0.499956 0.474809 0.0251469 8 1 8 1
27881 27544 337 9 0.899942 0.860802 0.0391404 7 2 3 1
27995 27701 294 7 0.899926 0.864576 0.0353501 8 1 6 0
28089 28036 53 2 0.899894 0.89405 0.00584334 6 3 4 2
28196 27850 346 8 0.499947 0.457574 0.0423731 8 1 7 1
28401 28142 259 4 0.499893 0.468193 0.0316991 8 1 8 1
28685 28506 179 1 0.699904 0.678012 0.0218921 6 3 5 2
28891 28525 366 5 0.599941 0.555785 0.0441562 7 2 7 2
28952 28899 53 3 0.799876 0.7923 0.0075756 6 3 3 1
29391 29280 111 9 0.899954 0.886923 0.0130315 5 4 2 4
