882 738 144 9 0.899973 0.880907 0.0190666 5 0 5 0
1641 1511 130 5 0.79993 0.781747 0.0181832 5 1 5 1
1651 1589 62 6 0.799983 0.790982 0.00900142 9 0 9 0
1705 1646 59 4 0.79994 0.792034 0.0079061 8 1 8 1
1756 1534 222 2 0.799978 0.773432 0.0265458 6 0 6 0
2420 2342 78 0 0.69991 0.69121 0.00869989 6 2 6 2
2466 2195 271 9 0.899922 0.86444 0.0354821 7 2 6 2
2793 2424 369 7 0.699989 0.657816 0.0421732 7 2 7 2
3552 3291 261 1 0.599924 0.567787 0.0321371 7 0 7 0
3732 3560 172 2 0.899941 0.880266 0.0196747 5 1 2 1
4357 4154 203 8 0.499952 0.475095 0.0248566 6 3 6 3
4441 4194 247 4 0.799899 0.770297 0.0296023 7 2 6 2
4485 4127 358 3 0.499895 0.45632 0.0435754 8 1 8 1
5144 4961 183 6 0.69994 0.678418 0.0215226 5 4 5 4
5558 5334 224 0 0.8 0.772073 0.0279266 4 5 3 3
5836 5538 298 9 0.699972 0.664606 0.0353656 7 2 5 2
6038 5884 154 7 0.799816 0.781779 0.0180371 5 4 2 4
6162 5873 289 2 0.799967 0.766832 0.0331349 7 2 5 2
6953 6698 255 5 0.49997 0.469005 0.0309651 7 2 7 2
7411 7326 85 0 0.899768 0.889159 0.0106092 7 2 4 1
7552 7346 206 8 0.899994 0.876295 0.0236985 4 5 2 2
7631 7346 285 6 0.89992 0.863211 0.0367089 7 2 3 1
8649 8396 253 3 0.799985 0.769649 0.0303362 7 2 6 2
8744 8672 72 0 0.899909 0.891353 0.00855599 8 1 3 0
8807 8681 126 4 0.599947 0.585109 0.0148381 7 2 7 2
8964 8888 76 8 0.899936 0.889258 0.0106785 6 3 4 0
8985 8777 208 2 0.79999 0.773415 0.026575 8 1 4 1
9708 9491 217 1 0.499988 0.472778 0.0272097 7 1 7 1
9840 9764 76 9 0.699943 0.689956 0.00998631 5 4 5 4
10035 9974 61 5 0.899993 0.891366 0.00862713 4 5 2 4
10173 10014 159 0 0.89998 0.882202 0.0177781 7 2 2 1
10504 10435 69 3 0.899941 0.88999 0.00995049 4 5 1 4
10558 10292 266 7 0.599902 0.568498 0.0314041 3 6 3 6
11004 10736 268 6 0.699985 0.666951 0.0330343 5 4 5 2
11468 11318 150 5 0.899935 0.881932 0.0180029 5 4 1 1
11907 11592 315 2 0.799927 0.763327 0.0365998 3 6 2 5
12182 12129 53 4 0.799813 0.792687 0.00712597 7 2 4 0
12860 12765 95 9 0.799995 0.787572 0.0124239 9 0 6 0
12973 12688 285 8 0.59981 0.564338 0.0354719 6 3 6 3
13306 13154 152 7 0.899988 0.880745 0.0192424 3 6 2 1
13827 13633 194 5 0.799942 0.775854 0.0240875 7 2 7 1
14054 13850 204 4 0.899991 0.876307 0.0236839 7 2 2 0
14337 14251 86 3 0.59989 0.589924 0.00996675 7 2 6 2
14607 14348 259 1 0.699977 0.670203 0.0297743 4 4 3 4
14829 14637 192 7 0.899826 0.876243 0.0235829 3 6 2 2
15057 14817 240 0 0.499986 0.470557 0.0294288 6 3 6 3
15469 15288 181 4 0.899955 0.876841 0.0231148 7 2 3 1
15578 15361 217 2 0.699951 0.674307 0.0256442 4 5 3 3
16356 16238 118 9 0.699996 0.685779 0.0142163 9 0 5 0
16508 16337 171 5 0.799929 0.778981 0.0209485 4 5 3 5
16911 16585 326 6 0.499933 0.461101 0.0388323 4 5 3 4
16956 16847 109 3 0.899988 0.88502 0.0149677 6 3 2 2
17120 17057 63 7 0.788736 0.781477 0.00725887 4 5 4 2
17425 17211 214 8 0.699898 0.672103 0.0277951 4 5 3 5
18485 18378 107 1 0.699953 0.685511 0.0144413 5 4 5 4
18489 18239 250 5 0.899913 0.871493 0.0284195 6 3 3 0
18655 18491 164 4 0.699974 0.679127 0.0208475 5 4 4 4
19649 19284 365 9 0.799886 0.754888 0.0449977 7 2 4 2
19720 19443 277 2 0.699911 0.667025 0.0328858 4 5 4 5
19779 19622 157 7 0.799979 0.780241 0.0197384 6 3 5 2
19897 19745 152 0 0.699976 0.681256 0.0187192 6 3 5 3
19969 19894 75 3 0.69997 0.691341 0.00862926 9 0 8 0
20681 20624 57 1 0.899899 0.892223 0.00767573 6 3 1 0
20732 20495 237 8 0.799799 0.770294 0.0295053 5 4 5 3
21009 20706 303 4 0.899897 0.86241 0.0374874 3 6 0 3
21745 21638 107 6 0.699918 0.68573 0.0141875 7 2 6 1
22055 22002 53 0 0.899976 0.892406 0.00756954 9 0 6 0
22416 22352 64 7 0.799958 0.78929 0.0106679 6 3 4 1
23030 22710 320 2 0.799911 0.761282 0.038629 8 1 8 0
23401 23195 206 5 0.499945 0.476114 0.0238311 6 3 6 3
23428 23158 270 9 0.699962 0.666832 0.0331298 9 0 8 0
23474 23285 189 0 0.899835 0.875357 0.0244782 8 1 5 1
23591 23232 359 4 0.799971 0.758311 0.0416601 6 3 4 1
23708 23591 117 1 0.699791 0.686302 0.013489 7 2 5 2
23897 23843 54 3 0.699965 0.69175 0.00821493 5 4 5 4
25039 24944 95 7 0.799782 0.786038 0.0137434 7 2 5 2
25206 24900 306 8 0.599896 0.560942 0.0389542 3 6 3 4
25767 25491 276 6 0.699902 0.665919 0.0339825 6 3 4 3
25845 25566 279 9 0.899894 0.86637 0.0335247 8 1 3 1
26584 26525 59 2 0.699925 0.691583 0.00834238 3 6 2 5
26615 26506 109 0 0.699923 0.68673 0.0131928 6 3 5 3
27572 27195 377 5 0.799988 0.75327 0.0467181 7 2 3 1
27798 27649 149 3 0.699937 0.681066 0.0188703 7 2 6 2
28082 27943 139 4 0.599805 0.5835 0.0163051 5 4 4 4
28228 27954 274 6 0.899969 0.868147 0.0318215 4 5 3 4
28409 28356 53 1 0.599911 0.592965 0.00694646 9 0 8 0
28785 28730 55 0 0.899899 0.891191 0.00870869 6 3 1 3
28992 28686 306 2 0.899822 0.863275 0.0365464 4 5 3 1
29118 28727 391 8 0.799977 0.752921 0.0470569 3 6 3 4
