806 707 99 0 0.899968 0.887774 0.0121938 6 0 6 0
946 781 165 9 0.899953 0.873656 0.0262972 7 0 7 0
1716 1639 77 8 0.799954 0.790918 0.00903652 7 1 7 1
1883 1594 289 1 0.799946 0.764837 0.0351091 5 1 5 1
2429 2376 53 5 0.699984 0.692199 0.00778504 7 1 7 1
2533 2408 125 7 0.699983 0.684491 0.0154915 5 3 5 3
2601 2475 126 6 0.699953 0.682668 0.0172855 7 0 7 0
2632 2348 284 3 0.699955 0.666237 0.0337177 6 3 6 3
2706 2367 339 2 0.699761 0.659268 0.0404937 7 1 7 1
3300 3100 200 9 0.799874 0.776915 0.0229584 5 2 2 2
3837 3714 123 0 0.699954 0.685605 0.0143492 8 1 6 1
4322 4214 108 8 0.799893 0.786081 0.0138125 6 2 2 1
4684 4559 125 1 0.79985 0.78406 0.0157899 7 1 4 1
5201 4871 330 4 0.399893 0.359268 0.0406255 4 5 4 5
5810 5550 260 6 0.799895 0.7699 0.0299948 6 2 5 2
6284 5857 427 9 0.799953 0.744093 0.0558597 7 1 5 1
6361 6238 123 5 0.699896 0.686022 0.0138737 7 2 5 2
6384 6277 107 7 0.699973 0.685928 0.0140453 7 1 6 1
6608 6373 235 1 0.899942 0.871899 0.028043 7 2 3 2
6835 6578 257 2 0.699918 0.671092 0.0288262 7 2 5 2
6927 6874 53 8 0.799963 0.793788 0.00617452 4 5 4 3
6971 6744 227 0 0.799982 0.77284 0.0271416 6 3 5 3
7673 7392 281 3 0.599955 0.565025 0.0349304 5 4 5 4
8046 7965 81 1 0.899869 0.889713 0.0101564 5 4 3 3
8776 8440 336 6 0.799879 0.760361 0.039518 6 3 4 3
9340 9287 53 7 0.799926 0.794105 0.00582111 8 1 7 1
9373 9022 351 2 0.899946 0.855864 0.0440818 8 1 4 1
9528 9429 99 8 0.799993 0.78758 0.0124127 8 1 6 1
9663 9483 180 4 0.799939 0.777691 0.0222481 3 6 3 3
9995 9844 151 9 0.699957 0.67953 0.0204271 8 1 8 1
11117 10980 137 1 0.699919 0.68199 0.017929 7 2 6 2
11135 10936 199 5 0.59994 0.575251 0.0246888 6 3 6 3
11348 11205 143 0 0.59995 0.58214 0.0178104 6 3 6 2
11600 11431 169 6 0.799963 0.781381 0.0185811 7 2 4 1
12153 11951 202 3 0.699903 0.677379 0.022524 8 1 7 1
12523 12451 72 2 0.699918 0.688725 0.0111936 5 4 5 4
12938 12666 272 7 0.699942 0.667441 0.0325009 7 2 5 2
13257 12867 390 8 0.699792 0.653732 0.0460592 6 3 4 3
14060 13912 148 4 0.599932 0.580928 0.0190034 7 2 7 2
14109 14013 96 1 0.799982 0.786451 0.0135312 8 1 6 1
14131 13890 241 9 0.699988 0.671044 0.0289446 6 3 5 3
14958 14628 330 2 0.899894 0.861993 0.0379007 6 3 3 1
15024 14700 324 0 0.79995 0.757264 0.0426858 3 6 3 6
15220 15132 88 3 0.799972 0.788033 0.0119391 7 2 4 2
15354 15015 339 6 0.699945 0.66024 0.0397052 9 0 7 0
16458 16199 259 5 0.599916 0.571149 0.0287674 4 5 4 5
16563 16327 236 9 0.899926 0.87297 0.0269558 7 2 4 0
16575 16354 221 2 0.899766 0.873591 0.0261742 5 4 2 2
16641 16340 301 8 0.799981 0.765916 0.0340655 7 2 5 1
16895 16578 317 4 0.899919 0.863431 0.0364873 5 4 1 3
17023 16782 241 7 0.699971 0.671164 0.0288074 7 2 6 1
17248 16906 342 3 0.899911 0.85998 0.0399318 7 2 2 1
17723 17440 283 1 0.699924 0.664548 0.0353762 5 4 2 4
18151 17868 283 9 0.899974 0.867141 0.032833 5 4 3 3
18624 18389 235 6 0.799976 0.772335 0.0276405 8 1 4 1
18805 18565 240 0 0.699974 0.673245 0.0267291 4 5 2 3
19352 19022 330 5 0.899973 0.86166 0.0383128 6 3 5 1
19355 19122 233 4 0.799966 0.772205 0.027761 7 2 6 2
19440 19211 229 7 0.899916 0.871589 0.0283268 8 1 4 1
20418 20315 103 3 0.699894 0.68805 0.0118443 4 5 4 5
20457 20404 53 9 0.799908 0.7918 0.00810766 3 6 1 5
20751 20443 308 2 0.599914 0.561139 0.0387749 8 1 8 1
21154 21099 55 4 0.899912 0.892541 0.00737042 7 2 3 1
21212 20947 265 8 0.599941 0.565753 0.0341873 8 1 7 1
21895 21841 54 0 0.79996 0.794028 0.00593111 6 3 4 3
21928 21548 380 5 0.799939 0.754442 0.0454963 8 1 5 0
21985 21616 369 1 0.699934 0.654358 0.0455754 7 2 5 1
22140 22033 107 6 0.699985 0.685947 0.0140381 3 6 2 6
22763 22408 355 4 0.899925 0.857516 0.0424088 6 3 2 1
23427 23330 97 7 0.599817 0.587341 0.0124755 6 3 6 3
24402 24150 252 3 0.699961 0.670463 0.0294983 5 4 5 1
24751 24690 61 9 0.599905 0.591882 0.00802262 5 4 5 4
24792 24607 185 8 0.799901 0.777098 0.0228025 7 2 6 1
25294 25190 104 0 0.699982 0.688128 0.0118542 7 2 6 1
25309 25034 275 4 0.799966 0.766923 0.0330426 9 0 6 0
25924 25869 55 2 0.59989 0.592632 0.00725771 6 3 5 3
26166 25884 282 1 0.699985 0.66815 0.0318347 8 1 7 1
26453 26283 170 5 0.599997 0.579516 0.0204804 7 2 6 1
26842 26733 109 6 0.599841 0.584736 0.015105 6 3 6 2
26881 26629 252 3 0.899942 0.868173 0.0317695 5 4 0 1
27611 27316 295 8 0.7999 0.765189 0.0347113 2 7 2 6
28269 27957 312 4 0.799979 0.764579 0.0353999 9 0 4 0
28536 28221 315 0 0.799993 0.763322 0.036671 6 3 4 3
28642 28410 232 2 0.899991 0.872443 0.0275475 8 1 4 0
29336 29185 151 1 0.799933 0.778049 0.0218844 7 2 6 2
29566 29356 210 6 0.899938 0.874576 0.0253615 6 3 2 1
29611 29243 368 7 0.499995 0.45672 0.0432752 6 3 6 3
29803 29424 379 8 0.899922 0.852078 0.0478447 2 7 1 2
