929 750 179 7 0.899805 0.879118 0.0206867 9 0 9 0
953 814 139 6 0.899917 0.882444 0.0174738 8 1 8 1
1712 1659 53 0 0.799925 0.79189 0.00803487 7 2 7 2
1749 1581 168 2 0.799912 0.77848 0.0214319 9 0 9 0
1761 1630 131 5 0.799897 0.783158 0.0167395 8 1 8 1
2573 2347 226 3 0.699951 0.673788 0.0261633 6 3 6 3
2813 2501 312 8 0.699931 0.663463 0.0364677 5 4 5 4
3617 3256 361 4 0.599976 0.558714 0.041262 7 2 7 2
4362 4015 347 1 0.499835 0.456859 0.0429759 6 3 6 3
5077 4963 114 0 0.699854 0.684026 0.0158285 7 2 7 2
5917 5671 246 9 0.299953 0.272122 0.0278309 7 2 7 2
6079 5873 206 8 0.79978 0.775452 0.0243272 6 3 6 3
6090 6016 74 5 0.599917 0.591323 0.00859462 5 4 5 4
6710 6410 300 7 0.399948 0.36545 0.034498 4 5 4 5
7441 7231 210 6 0.299967 0.275599 0.0243678 6 3 6 3
7492 7432 60 2 0.397875 0.391288 0.00658677 6 3 6 3
8285 8107 178 3 0.499945 0.478099 0.0218464 5 4 5 4
8608 8236 372 1 0.799912 0.753957 0.0459553 4 5 4 5
9603 9371 232 5 0.799996 0.771058 0.0289371 5 4 5 4
9832 9619 213 4 0.499936 0.47312 0.0268159 5 4 5 4
10015 9678 337 0 0.599823 0.560449 0.0393738 5 4 5 4
11543 11215 328 6 0.899919 0.857713 0.042206 7 2 7 2
12297 11965 332 8 0.399963 0.361802 0.0381612 6 3 6 3
12461 12083 378 1 0.699933 0.653805 0.0461276 7 2 7 2
13027 12677 350 0 0.899924 0.857428 0.0424959 7 2 7 2
13154 12960 194 9 0.499899 0.477305 0.0225945 6 3 6 3
13300 13089 211 5 0.69989 0.674888 0.0250026 5 4 5 4
13696 13323 373 2 0.599812 0.555402 0.0444108 4 5 4 5
14564 14303 261 7 0.399947 0.371023 0.0289237 5 4 5 4
14811 14482 329 3 0.49998 0.461705 0.0382749 4 5 4 5
15491 15310 181 4 0.599962 0.578626 0.0213355 6 3 6 3
16488 16316 172 6 0.499924 0.480388 0.0195366 6 3 6 3
16550 16379 171 1 0.699938 0.677373 0.022565 6 3 6 3
16817 16613 204 8 0.799954 0.773858 0.0260961 4 5 4 5
18085 17780 305 9 0.699937 0.665761 0.0341759 7 2 7 2
18281 18027 254 2 0.699926 0.66866 0.0312661 8 1 8 1
18735 18528 207 8 0.899822 0.874457 0.0253651 6 3 6 3
18847 18672 175 0 0.399969 0.377862 0.0221071 6 3 6 3
18907 18686 221 1 0.899763 0.871657 0.0281062 5 4 5 4
19092 18762 330 5 0.499943 0.460522 0.0394211 4 5 4 5
20276 20112 164 8 0.899896 0.881865 0.0180311 7 2 7 2
20428 20250 178 6 0.799953 0.778971 0.0209818 6 3 6 3
20676 20505 171 4 0.599948 0.577336 0.0226121 5 4 5 4
21014 20961 53 3 0.49995 0.492588 0.00736191 6 3 6 3
21380 21327 53 2 0.799978 0.793223 0.00675495 5 4 5 4
22569 22414 155 8 0.799976 0.780549 0.0194262 8 1 8 1
23157 22829 328 9 0.599949 0.56213 0.0378186 7 2 7 2
23213 23051 162 0 0.799808 0.780522 0.0192864 5 4 5 4
23242 22860 382 7 0.2999 0.25328 0.0466199 7 2 7 2
24461 24343 118 1 0.399999 0.385468 0.0145302 7 2 7 2
24812 24689 123 6 0.599946 0.582969 0.0169762 6 3 6 3
25754 25492 262 5 0.499957 0.470061 0.029896 6 3 6 3
26159 25962 197 8 0.699987 0.676349 0.0236378 5 4 5 4
26692 26484 208 3 0.599898 0.571751 0.0281474 4 5 4 5
27426 27148 278 2 0.399981 0.36679 0.0331914 6 3 6 3
27653 27378 275 0 0.59995 0.566902 0.0330481 5 4 5 4
27706 27429 277 4 0.399893 0.36829 0.0316028 4 5 4 5
28487 28211 276 6 0.799834 0.767035 0.0327993 5 4 5 4
29574 29513 61 1 0.699986 0.690854 0.00913129 6 3 6 3
