838 769 69 6 0.899933 0.891687 0.00824654 8 1 8 1
845 707 138 0 0.899979 0.88048 0.0194985 9 0 9 0
1696 1568 128 9 0.799892 0.785265 0.0146272 9 0 9 0
1784 1632 152 1 0.799894 0.7814 0.0184935 9 0 9 0
2252 2152 100 0 0.89997 0.887739 0.0122307 7 2 7 2
3340 3131 209 5 0.59999 0.574133 0.0258575 9 0 9 0
3382 3269 113 4 0.599976 0.585739 0.0142369 7 2 7 2
3581 3265 316 3 0.599966 0.56422 0.035746 8 1 8 1
3864 3623 241 6 0.69993 0.670725 0.029205 6 3 6 3
4207 4098 109 7 0.499947 0.486675 0.0132722 4 5 4 5
4269 4057 212 2 0.499891 0.472126 0.0277654 5 4 5 4
4327 4264 63 9 0.791849 0.784901 0.00694854 4 5 4 5
5904 5834 70 8 0.299936 0.292149 0.00778658 7 2 7 2
6076 5913 163 5 0.899971 0.880663 0.0193079 6 3 6 3
6178 6023 155 9 0.89992 0.881558 0.0183626 5 4 5 4
7015 6790 225 1 0.499934 0.473778 0.0261562 8 1 8 1
7189 6837 352 0 0.499932 0.456914 0.0430178 7 2 7 2
7964 7743 221 6 0.699988 0.672279 0.0277096 6 3 6 3
9007 8831 176 7 0.699923 0.67868 0.0212431 6 3 6 3
9386 9051 335 5 0.699911 0.65709 0.0428211 5 4 5 4
10280 10087 193 4 0.399964 0.374304 0.0256596 7 2 7 2
10377 10324 53 3 0.399958 0.393808 0.00615008 5 4 5 4
10434 10094 340 6 0.899939 0.860379 0.0395606 7 2 7 2
10480 10415 65 8 0.799908 0.791216 0.00869198 5 4 5 4
10862 10553 309 2 0.499967 0.463136 0.0368312 4 5 4 5
10912 10809 103 9 0.499849 0.485055 0.014794 4 5 4 5
11902 11661 241 1 0.699997 0.672338 0.0276591 5 4 5 4
12206 11944 262 0 0.699935 0.669 0.0309354 4 5 4 5
13843 13542 301 6 0.699979 0.664225 0.0357547 8 1 8 1
13867 13654 213 7 0.599966 0.574235 0.0257311 8 1 8 1
14258 14059 199 1 0.899929 0.874008 0.0259215 7 2 7 2
14709 14381 328 0 0.899941 0.858279 0.0416613 6 3 6 3
15337 15007 330 5 0.499986 0.459068 0.0409178 6 3 6 3
15386 15312 74 4 0.699896 0.690481 0.00941486 7 2 7 2
15663 15363 300 9 0.699969 0.662712 0.0372575 6 3 6 3
15756 15597 159 1 0.899983 0.880722 0.0192606 5 4 5 4
16450 16164 286 0 0.899967 0.866609 0.0333575 5 4 5 4
16533 16295 238 8 0.399927 0.372108 0.0278193 5 4 5 4
17382 17305 77 7 0.799952 0.788169 0.0117839 7 2 7 2
17896 17719 177 6 0.699941 0.677697 0.0222439 6 3 6 3
17977 17775 202 3 0.399985 0.377466 0.0225186 6 3 6 3
18051 17861 190 0 0.899985 0.875686 0.0242984 5 4 5 4
18276 17993 283 2 0.399977 0.367398 0.0325783 4 5 4 5
19264 19156 108 4 0.699992 0.684383 0.0156093 6 3 6 3
19526 19473 53 1 0.59995 0.593434 0.00651606 5 4 5 4
19650 19423 227 0 0.899916 0.872687 0.0272292 6 3 6 3
20415 20066 349 5 0.699973 0.659631 0.0403419 4 5 4 5
21198 20887 311 6 0.799932 0.764674 0.0352574 6 3 6 3
21350 21297 53 9 0.499908 0.491895 0.00801279 7 2 7 2
21565 21362 203 3 0.899955 0.875873 0.024082 6 3 6 3
21747 21580 167 7 0.599942 0.579734 0.020208 5 4 5 4
21891 21674 217 8 0.699966 0.676105 0.0238611 4 5 4 5
22289 22235 54 4 0.799927 0.792813 0.00711383 6 3 6 3
23720 23533 187 0 0.599933 0.579117 0.0208157 9 0 9 0
24029 23667 362 1 0.699778 0.657446 0.0423312 8 1 8 1
24089 23823 266 6 0.799944 0.768683 0.0312618 7 2 7 2
24670 24547 123 3 0.699956 0.684373 0.0155832 6 3 6 3
25812 25643 169 4 0.69992 0.67927 0.0206502 8 1 8 1
26085 26029 56 5 0.499959 0.492707 0.00725152 6 3 6 3
26241 25944 297 7 0.699913 0.664903 0.03501 6 3 6 3
26251 25853 398 2 0.39999 0.353075 0.0469148 8 1 8 1
26901 26820 81 9 0.599938 0.588968 0.0109706 5 4 5 4
27396 27343 53 8 0.499884 0.491818 0.00806504 5 4 5 4
27809 27535 274 6 0.699932 0.665014 0.0349182 4 5 4 5
28758 27893 865 1 0.699918 0.607759 0.092159 5 4 5 4
28903 28734 169 0 0.599915 0.578496 0.0214182 5 4 5 4
28934 28799 135 4 0.79999 0.784045 0.0159457 4 5 4 5
29534 29281 253 3 0.599994 0.569577 0.0304168 5 4 5 4
