953 777 176 0 0.899966 0.878121 0.0218442 9 0 9 0
1675 1611 64 9 0.799989 0.790687 0.00930213 8 1 8 1
1709 1546 163 4 0.799932 0.777517 0.0224151 9 0 9 0
2566 2401 165 8 0.699911 0.679199 0.0207115 7 2 7 2
2812 2402 410 2 0.699913 0.649346 0.050567 6 3 6 3
3301 3079 222 0 0.799924 0.773679 0.0262445 7 2 7 2
3401 3257 144 5 0.599976 0.58381 0.0161658 6 3 6 3
4396 4084 312 6 0.49997 0.46129 0.0386799 6 3 6 3
4408 4105 303 7 0.499936 0.461324 0.0386117 5 4 5 4
5334 4963 371 1 0.399903 0.355373 0.0445294 6 3 6 3
5904 5732 172 3 0.299958 0.278573 0.0213849 6 3 6 3
6117 5848 269 9 0.599965 0.56841 0.0315556 5 4 5 4
7468 7227 241 8 0.599934 0.571225 0.0287091 6 3 6 3
7675 7513 162 4 0.399957 0.380783 0.0191738 5 4 5 4
8437 8384 53 0 0.499858 0.492578 0.00728074 5 4 5 4
8451 8363 88 2 0.499957 0.490286 0.00967111 6 3 6 3
10021 9710 311 3 0.89999 0.862782 0.0372077 6 3 6 3
10052 9896 156 7 0.599909 0.579978 0.0199315 5 4 5 4
10091 10038 53 5 0.39993 0.393818 0.00611195 5 4 5 4
10602 10511 91 9 0.678733 0.666189 0.0125441 5 4 5 4
11886 11730 156 8 0.699905 0.682627 0.0172785 5 4 5 4
11920 11623 297 6 0.399957 0.362969 0.0369879 6 3 6 3
12184 12091 93 0 0.799897 0.785052 0.0148458 6 3 6 3
12407 12183 224 1 0.499981 0.472782 0.0271993 5 4 5 4
12854 12713 141 4 0.699935 0.683851 0.0160838 4 5 4 5
13719 13462 257 7 0.799958 0.769867 0.0300908 6 3 6 3
13859 13660 199 9 0.799893 0.775963 0.0239296 5 4 5 4
13959 13782 177 2 0.599954 0.578983 0.0209706 4 5 4 5
14861 14747 114 0 0.79993 0.785373 0.0145565 7 2 7 2
15063 14852 211 8 0.799961 0.773884 0.0260768 7 2 7 2
15752 15600 152 3 0.399918 0.380226 0.0196927 6 3 6 3
16209 15916 293 5 0.599901 0.563651 0.0362497 7 2 7 2
16684 16431 253 9 0.799942 0.771164 0.0287789 7 2 7 2
16854 16572 282 0 0.8999 0.866255 0.0336456 6 3 6 3
17386 17333 53 2 0.799962 0.78822 0.0117422 5 4 5 4
18189 18018 171 7 0.599911 0.578502 0.0214088 7 2 7 2
18376 18277 99 0 0.899958 0.889077 0.0108811 7 2 7 2
18681 18395 286 8 0.699979 0.667185 0.0327937 7 2 7 2
18735 18573 162 6 0.4999 0.479544 0.020356 6 3 6 3
19616 19539 77 1 0.399994 0.391533 0.00846111 6 3 6 3
19911 19631 280 0 0.899894 0.867251 0.0326433 6 3 6 3
20031 19926 105 4 0.299891 0.285168 0.0147229 5 4 5 4
20210 19991 219 2 0.799893 0.77474 0.0251525 4 5 4 5
21234 20907 327 8 0.899895 0.859486 0.0404092 5 4 5 4
21862 21750 112 9 0.499949 0.48572 0.0142291 5 4 5 4
21922 21585 337 3 0.599914 0.559356 0.040558 6 3 6 3
23287 23051 236 5 0.399892 0.371425 0.0284673 6 3 6 3
23353 22993 360 0 0.699942 0.655247 0.0446954 7 2 7 2
24137 24042 95 7 0.499912 0.488088 0.0118237 7 2 7 2
24715 24582 133 3 0.899922 0.884244 0.015678 6 3 6 3
25273 25004 269 6 0.499981 0.468947 0.0310336 6 3 6 3
25601 25363 238 2 0.49981 0.471165 0.0286453 6 3 6 3
26669 26450 219 9 0.69991 0.671427 0.0284837 7 2 7 2
27228 27032 196 4 0.499902 0.474276 0.0256253 6 3 6 3
27729 27647 82 8 0.299904 0.290893 0.00901111 6 3 6 3
28147 27920 227 1 0.299944 0.272655 0.0272883 6 3 6 3
28360 28005 355 0 0.599904 0.554868 0.045036 5 4 5 4
28563 28361 202 5 0.699962 0.675961 0.0240002 5 4 5 4
29975 29708 267 9 0.799956 0.769257 0.0306996 5 4 5 4
