1056 750 306 7 0.899935 0.863575 0.0363599 8 1 8 1
1076 731 345 5 0.899891 0.858789 0.0411016 9 0 9 0
1638 1585 53 1 0.8 0.794187 0.00581218 6 3 6 3
1760 1528 232 9 0.799893 0.773506 0.0263867 7 2 7 2
2518 2447 71 6 0.699902 0.689207 0.010695 7 2 7 2
2742 2488 254 3 0.699937 0.669677 0.0302594 7 2 7 2
3460 3297 163 8 0.599977 0.581155 0.0188215 6 3 6 3
3494 3273 221 0 0.599953 0.572132 0.0278207 7 2 7 2
4874 4617 257 6 0.89998 0.868647 0.0313335 7 2 7 2
5018 4860 158 7 0.599906 0.579458 0.0204488 6 3 6 3
5312 5182 130 9 0.699937 0.684675 0.0152626 5 4 5 4
5405 4958 447 5 0.599947 0.541693 0.0582539 5 4 5 4
5818 5736 82 2 0.299958 0.290946 0.00901111 5 4 5 4
5871 5641 230 4 0.299986 0.270319 0.0296667 6 3 6 3
7793 7497 296 3 0.599932 0.566526 0.0334054 7 2 7 2
7801 7536 265 1 0.399994 0.367299 0.0326945 6 3 6 3
8019 7663 356 8 0.699791 0.657688 0.0421031 5 4 5 4
9854 9558 296 6 0.499947 0.46426 0.0356869 7 2 7 2
10437 10072 365 7 0.599816 0.551881 0.0479355 7 2 7 2
10990 10712 278 9 0.499899 0.461293 0.0386062 7 2 7 2
11248 11056 192 8 0.79992 0.776516 0.0234034 6 3 6 3
11271 11086 185 0 0.299972 0.278178 0.0217935 5 4 5 4
11573 11383 190 4 0.699904 0.676518 0.0233866 4 5 4 5
12440 12086 354 1 0.799914 0.758126 0.0417875 4 5 4 5
12485 12326 159 5 0.39999 0.38136 0.0186295 5 4 5 4
13260 13115 145 7 0.899907 0.882221 0.0176863 5 4 5 4
13756 13703 53 4 0.899871 0.893612 0.00625955 6 3 6 3
14637 14574 63 6 0.699937 0.690743 0.0091944 8 1 8 1
14855 14617 238 8 0.699877 0.67308 0.0267972 7 2 7 2
14896 14564 332 2 0.299927 0.262586 0.0373414 8 1 8 1
15767 15419 348 3 0.29991 0.257619 0.0422912 6 3 6 3
15990 15846 144 4 0.799934 0.779226 0.020708 5 4 5 4
16329 16216 113 7 0.699866 0.684227 0.0156391 6 3 6 3
17922 17551 371 5 0.699899 0.656492 0.0434066 6 3 6 3
18302 17987 315 9 0.39994 0.360834 0.0391064 6 3 6 3
18597 18432 165 7 0.899945 0.88016 0.019785 5 4 5 4
18636 18370 266 0 0.499916 0.465257 0.034659 6 3 6 3
19449 19250 199 1 0.299996 0.276935 0.0230613 6 3 6 3
19463 19401 62 4 0.69998 0.690106 0.00987403 6 3 6 3
20173 19995 178 6 0.499989 0.477091 0.0228976 5 4 5 4
20475 20325 150 8 0.499817 0.480925 0.0188921 4 5 4 5
20864 20773 91 7 0.799981 0.788107 0.0118747 4 5 4 5
21320 21029 291 5 0.799961 0.762003 0.037958 5 4 5 4
22341 22146 195 3 0.599929 0.572655 0.0272736 5 4 5 4
22542 22397 145 4 0.79993 0.78194 0.0179903 6 3 6 3
22762 22489 273 0 0.799921 0.764744 0.0351766 5 4 5 4
23309 22944 365 2 0.399865 0.355578 0.0442877 6 3 6 3
23667 23420 247 9 0.699897 0.668976 0.0309206 5 4 5 4
25037 24788 249 6 0.699992 0.670526 0.0294661 7 2 7 2
25135 24840 295 1 0.699996 0.666746 0.0332504 6 3 6 3
25285 25067 218 8 0.699909 0.671603 0.0283062 6 3 6 3
26564 26466 98 5 0.499961 0.487599 0.0123614 7 2 7 2
26847 26794 53 2 0.899938 0.892768 0.00717026 7 2 7 2
26951 26619 332 3 0.699922 0.662493 0.0374283 6 3 6 3
27673 27523 150 7 0.299991 0.280955 0.0190357 7 2 7 2
27978 27843 135 0 0.499886 0.48197 0.0179157 6 3 6 3
28404 28349 55 8 0.799918 0.791948 0.00797001 6 3 6 3
28581 28389 192 4 0.399939 0.378764 0.0211747 5 4 5 4
28749 28429 320 9 0.599946 0.56151 0.0384365 5 4 5 4
29896 29725 171 6 0.599986 0.580063 0.019923 5 4 5 4
