834 781 53 3 0.899899 0.892651 0.00724791 7 2 7 2
862 768 94 4 0.899826 0.886559 0.0132666 8 1 8 1
878 751 127 1 0.899955 0.883884 0.0160709 9 0 9 0
1687 1633 54 8 0.799953 0.792913 0.00704024 8 1 8 1
1882 1620 262 5 0.799996 0.768208 0.0317884 9 0 9 0
2630 2318 312 2 0.699906 0.662354 0.0375519 7 2 7 2
2690 2351 339 0 0.699932 0.659249 0.0406826 6 3 6 3
3108 2947 161 3 0.799962 0.779516 0.0204458 7 2 7 2
3387 3243 144 8 0.899944 0.881154 0.0187899 6 3 6 3
3635 3296 339 9 0.599897 0.560062 0.0398346 5 4 5 4
4154 4088 66 6 0.49998 0.492203 0.00777711 7 2 7 2
4637 4535 102 5 0.799999 0.788595 0.0114043 7 2 7 2
4732 4646 86 4 0.599929 0.588403 0.0115264 6 3 6 3
4743 4690 53 1 0.599881 0.591253 0.00862843 5 4 5 4
5716 5663 53 2 0.799944 0.792701 0.00724366 6 3 6 3
5863 5739 124 7 0.29994 0.283528 0.0164111 5 4 5 4
6132 5770 362 0 0.799957 0.757104 0.0428522 5 4 5 4
6470 6405 65 8 0.699927 0.690791 0.00913594 4 5 4 5
6742 6419 323 3 0.699888 0.663696 0.0361923 4 5 4 5
7597 7364 233 2 0.899905 0.871577 0.0283281 6 3 6 3
8171 7859 312 6 0.79991 0.763425 0.0364849 6 3 6 3
8192 7950 242 0 0.89998 0.872029 0.0279513 5 4 5 4
8907 8551 356 8 0.899902 0.856487 0.0434149 6 3 6 3
8920 8759 161 9 0.599976 0.58015 0.0198252 6 3 6 3
9167 8942 225 3 0.899895 0.869901 0.0299942 6 3 6 3
9750 9697 53 1 0.599875 0.591787 0.00808816 7 2 7 2
10063 9774 289 4 0.59995 0.562616 0.0373335 7 2 7 2
10496 10392 104 7 0.799964 0.78669 0.013274 5 4 5 4
10593 10370 223 5 0.39999 0.37343 0.0265597 6 3 6 3
11603 11450 153 2 0.599932 0.580472 0.0194603 7 2 7 2
11872 11731 141 6 0.699998 0.683614 0.0163848 6 3 6 3
12218 12052 166 8 0.699938 0.67983 0.0201087 6 3 6 3
12303 12250 53 9 0.799931 0.792025 0.00790568 5 4 5 4
13563 13436 127 4 0.799946 0.785785 0.0141605 8 1 8 1
13848 13648 200 0 0.399936 0.375699 0.0242366 8 1 8 1
14061 13815 246 3 0.49992 0.47065 0.02927 7 2 7 2
14240 13881 359 1 0.699982 0.657285 0.0426973 6 3 6 3
14272 13999 273 5 0.899931 0.869098 0.0308328 5 4 5 4
14646 14313 333 8 0.899964 0.858954 0.0410103 4 5 4 5
14919 14708 211 7 0.599988 0.574335 0.025653 4 5 4 5
16635 16493 142 5 0.799893 0.782061 0.0178324 7 2 7 2
16747 16434 313 9 0.599946 0.561323 0.0386223 8 1 8 1
17099 16884 215 8 0.799953 0.772426 0.0275271 7 2 7 2
17375 17223 152 0 0.89989 0.880731 0.0191595 6 3 6 3
17447 17288 159 6 0.499991 0.480284 0.0197077 5 4 5 4
18027 17698 329 4 0.599872 0.560179 0.0396931 5 4 5 4
18123 17950 173 3 0.799982 0.780695 0.0192878 4 5 4 5
18991 18922 69 1 0.59998 0.592227 0.0077527 6 3 6 3
19220 19153 67 2 0.299827 0.290881 0.00894607 6 3 6 3
19930 19625 305 8 0.79993 0.76517 0.0347596 6 3 6 3
20473 20234 239 9 0.799918 0.771294 0.0286247 6 3 6 3
20830 20777 53 5 0.59987 0.593115 0.00675481 5 4 5 4
21013 20673 340 3 0.799993 0.756116 0.0438774 6 3 6 3
21237 21184 53 0 0.599859 0.592146 0.0077128 5 4 5 4
22391 22085 306 6 0.699911 0.663444 0.0364667 6 3 6 3
22415 22345 70 4 0.699937 0.691275 0.00866158 6 3 6 3
22677 22456 221 7 0.299902 0.26979 0.030112 5 4 5 4
22957 22608 349 8 0.799917 0.757327 0.0425897 4 5 4 5
24059 23756 303 2 0.799972 0.764481 0.0354908 6 3 6 3
24819 24585 234 6 0.899951 0.872925 0.027026 7 2 7 2
25187 24949 238 5 0.69999 0.67113 0.02886 6 3 6 3
25424 25350 74 0 0.699927 0.689134 0.0107933 6 3 6 3
25537 25278 259 3 0.599806 0.567874 0.0319319 6 3 6 3
25649 25549 100 8 0.799923 0.786088 0.0138344 5 4 5 4
26561 26335 226 9 0.399939 0.371856 0.0280834 5 4 5 4
26618 26443 175 1 0.299926 0.277973 0.0219528 4 5 4 5
27079 27013 66 4 0.599941 0.592594 0.00734646 6 3 6 3
27999 27846 153 6 0.699963 0.680046 0.0199173 6 3 6 3
29343 29061 282 5 0.699893 0.66672 0.0331727 5 4 5 4
29389 29056 333 7 0.59996 0.558152 0.0418083 6 3 6 3
29510 29216 294 2 0.499909 0.466119 0.0337899 4 5 4 5
29638 29573 65 4 0.899896 0.89255 0.00734634 5 4 5 4
