850 797 53 7 0.899977 0.892393 0.0075842 9 0 9 0
984 819 165 4 0.899985 0.879328 0.0206567 7 2 7 2
1060 807 253 3 0.899903 0.869285 0.0306171 9 0 9 0
1674 1511 163 5 0.799901 0.779436 0.0204649 7 2 7 2
1709 1483 226 2 0.799898 0.772034 0.0278638 8 1 8 1
2415 2362 53 1 0.699897 0.692243 0.0076543 7 2 7 2
2573 2444 129 0 0.699954 0.682668 0.0172859 6 3 6 3
3226 3143 83 4 0.799966 0.789931 0.0100351 6 3 6 3
3379 2947 432 7 0.79991 0.744932 0.0549782 7 2 7 2
3419 3199 220 3 0.799926 0.771106 0.0288197 5 4 5 4
3521 3213 308 8 0.599908 0.56246 0.0374481 4 5 4 5
4174 4008 166 6 0.499991 0.480922 0.0190685 5 4 5 4
4353 4100 253 9 0.499991 0.471288 0.0287022 5 4 5 4
5337 5049 288 5 0.699944 0.662843 0.0371005 6 3 6 3
6151 6067 84 7 0.799993 0.789921 0.0100714 6 3 6 3
6756 6553 203 4 0.699954 0.67508 0.024874 7 2 7 2
7040 6773 267 2 0.499857 0.469966 0.0298913 5 4 5 4
7169 6962 207 1 0.599962 0.576021 0.0239413 6 3 6 3
7840 7552 288 5 0.899958 0.864781 0.0351775 6 3 6 3
8227 8116 111 0 0.499967 0.485538 0.0144291 6 3 6 3
8914 8826 88 8 0.569398 0.557233 0.0121646 6 3 6 3
9143 8875 268 4 0.899939 0.86657 0.0333686 5 4 5 4
9353 9042 311 9 0.699996 0.664305 0.0356907 6 3 6 3
9680 9622 58 6 0.599948 0.593343 0.00660511 5 4 5 4
10246 10062 184 5 0.799936 0.776329 0.0236071 5 4 5 4
10464 10177 287 3 0.2999 0.26681 0.0330905 4 5 4 5
11328 11215 113 7 0.499917 0.484286 0.0156314 7 2 7 2
11846 11727 119 2 0.699952 0.685978 0.0139745 7 2 7 2
12330 12140 190 1 0.599991 0.57681 0.0231804 6 3 6 3
12828 12775 53 0 0.699853 0.692598 0.00725555 5 4 5 4
13021 12952 69 4 0.599943 0.589919 0.0100232 4 5 4 5
13145 12848 297 5 0.799933 0.765196 0.0347366 5 4 5 4
14191 14088 103 8 0.599965 0.58509 0.0148755 7 2 7 2
15135 14799 336 2 0.799908 0.762289 0.0376197 7 2 7 2
15267 14925 342 9 0.499855 0.459363 0.0404914 7 2 7 2
15712 15426 286 6 0.499907 0.464977 0.0349297 6 3 6 3
16012 15959 53 7 0.699822 0.692483 0.00733825 6 3 6 3
16598 16537 61 1 0.699938 0.690579 0.009359 6 3 6 3
17805 17586 219 3 0.499945 0.47221 0.0277356 7 2 7 2
17991 17938 53 4 0.599892 0.593291 0.00660162 8 1 8 1
18478 18386 92 2 0.699955 0.687239 0.012716 6 3 6 3
18495 18277 218 7 0.899928 0.874702 0.0252259 7 2 7 2
19351 19139 212 5 0.399906 0.375301 0.0246054 6 3 6 3
20134 19879 255 0 0.299915 0.267404 0.0325113 7 2 7 2
20165 20045 120 8 0.499977 0.484226 0.0157514 7 2 7 2
20981 20806 175 9 0.599896 0.580528 0.0193685 6 3 6 3
21650 21289 361 4 0.799927 0.755685 0.0442423 5 4 5 4
21984 21645 339 3 0.79993 0.759568 0.0403618 4 5 4 5
22054 21982 72 6 0.499891 0.488699 0.0111922 4 5 4 5
23497 23145 352 7 0.499944 0.456068 0.0438753 7 2 7 2
23998 23710 288 1 0.299928 0.264485 0.0354431 7 2 7 2
24029 23835 194 3 0.899987 0.872794 0.0271928 6 3 6 3
24171 23855 316 2 0.499955 0.463114 0.0368414 5 4 5 4
24630 24328 302 9 0.799948 0.763038 0.0369101 5 4 5 4
25079 24782 297 8 0.699955 0.656114 0.0438411 5 4 5 4
25332 25049 283 4 0.699942 0.665725 0.0342172 4 5 4 5
26677 26456 221 0 0.599983 0.573808 0.0261758 6 3 6 3
26982 26927 55 5 0.399973 0.391239 0.00873432 7 2 7 2
27368 27227 141 2 0.899907 0.884132 0.0157747 7 2 7 2
27722 27574 148 4 0.899952 0.882951 0.0170009 6 3 6 3
28491 28220 271 7 0.699968 0.66541 0.0345583 7 2 7 2
29908 29721 187 9 0.5 0.477802 0.0221979 8 1 8 1
