926 775 151 1 0.899943 0.87756 0.0223833 9 0 9 0
1347 827 520 0 0.899925 0.839569 0.060356 8 1 8 1
1615 1521 94 2 0.799937 0.787402 0.0125346 8 1 8 1
1671 1616 55 4 0.799956 0.792658 0.00729719 6 3 6 3
1796 1573 223 6 0.799942 0.770131 0.0298108 7 2 7 2
2318 2253 65 1 0.899916 0.891369 0.00854746 6 3 6 3
3247 3185 62 7 0.599956 0.59264 0.00731549 9 0 9 0
3318 3262 56 9 0.599997 0.592799 0.00719717 7 2 7 2
3380 3304 76 2 0.899894 0.889099 0.0107954 6 3 6 3
3384 3253 131 8 0.599927 0.584283 0.0156444 8 1 8 1
4734 4403 331 1 0.799911 0.759752 0.0401592 6 3 6 3
4862 4531 331 0 0.699909 0.660246 0.039663 5 4 5 4
4914 4644 270 2 0.899904 0.868218 0.0316862 4 5 4 5
4951 4897 54 5 0.399914 0.392078 0.00783523 3 6 3 6
5942 5659 283 7 0.899955 0.865 0.0349552 6 3 6 3
6047 5772 275 3 0.299925 0.266061 0.0338643 6 3 6 3
6980 6851 129 6 0.499967 0.484158 0.0158095 7 2 7 2
7576 7475 101 9 0.699949 0.687562 0.0123862 7 2 7 2
8046 7863 183 2 0.699949 0.677756 0.0221928 6 3 6 3
8316 8248 68 5 0.899999 0.891632 0.00836745 5 4 5 4
8596 8357 239 4 0.299896 0.270282 0.0296141 4 5 4 5
8650 8372 278 8 0.599905 0.567063 0.0328415 3 6 3 6
9736 9628 108 0 0.599958 0.587956 0.0120019 7 2 7 2
10116 9791 325 7 0.599926 0.561588 0.0383373 6 3 6 3
10706 10401 305 5 0.799935 0.763961 0.0359732 5 4 5 4
10745 10475 270 9 0.79982 0.765755 0.0340648 5 4 5 4
10892 10725 167 1 0.399912 0.38023 0.0196818 4 5 4 5
12115 11861 254 2 0.699959 0.667801 0.032158 7 2 7 2
12306 12157 149 8 0.799982 0.781262 0.0187195 7 2 7 2
12483 12389 94 3 0.599916 0.587014 0.0129024 6 3 6 3
12682 12399 283 6 0.599939 0.564999 0.0349404 6 3 6 3
12839 12578 261 9 0.899904 0.869335 0.0305691 5 4 5 4
14210 13892 318 0 0.69989 0.663897 0.0359938 7 2 7 2
14237 14029 208 8 0.899908 0.874276 0.0256316 6 3 6 3
14298 14153 145 4 0.699963 0.683345 0.0166183 5 4 5 4
15147 15026 121 5 0.599961 0.586489 0.0134728 6 3 6 3
15283 15013 270 9 0.799917 0.765106 0.0348107 7 2 7 2
15475 15134 341 1 0.799949 0.759804 0.0401444 5 4 5 4
15630 15300 330 7 0.599966 0.561848 0.0381181 4 5 4 5
16258 16146 112 6 0.799935 0.78623 0.0137049 5 4 5 4
17108 16813 295 2 0.599999 0.566051 0.0339473 6 3 6 3
17138 17030 108 9 0.899883 0.883746 0.0161365 6 3 6 3
17613 17298 315 0 0.799882 0.761573 0.0383087 5 4 5 4
18177 18064 113 8 0.59993 0.585927 0.0140031 7 2 7 2
18365 18031 334 4 0.699973 0.660505 0.0394674 7 2 7 2
19373 19205 168 3 0.399912 0.378629 0.021283 7 2 7 2
19751 19365 386 5 0.69999 0.655035 0.0449551 6 3 6 3
20046 19851 195 1 0.599945 0.573463 0.0264822 6 3 6 3
20399 20283 116 0 0.799843 0.784611 0.0152319 6 3 6 3
22313 22158 155 2 0.599968 0.581307 0.0186615 9 0 9 0
22423 22236 187 6 0.399913 0.376829 0.0230836 7 2 7 2
22598 22189 409 4 0.699952 0.647869 0.0520836 9 0 9 0
22673 22313 360 8 0.699982 0.658227 0.0417551 7 2 7 2
23072 22912 160 0 0.799995 0.779718 0.0202774 5 4 5 4
23360 23122 238 7 0.299996 0.272827 0.0271689 4 5 4 5
23599 23481 118 9 0.299828 0.284814 0.0150135 2 7 2 7
23608 23417 191 1 0.799949 0.776672 0.023277 3 6 3 6
24714 24554 160 5 0.599978 0.580258 0.0197199 6 3 6 3
25408 25297 111 1 0.899973 0.887772 0.0122011 6 3 6 3
25892 25671 221 0 0.79985 0.771056 0.0287947 5 4 5 4
26296 26096 200 3 0.499893 0.474757 0.0251352 5 4 5 4
26748 26541 207 4 0.699974 0.675545 0.0244293 7 2 7 2
27676 27459 217 6 0.699958 0.675279 0.024679 6 3 6 3
27676 27402 274 8 0.599892 0.564053 0.0358389 7 2 7 2
28516 28443 73 0 0.799897 0.787728 0.0121696 7 2 7 2
29369 29165 204 1 0.599947 0.574301 0.0256452 7 2 7 2
29942 29586 356 5 0.599906 0.557395 0.0425106 8 1 8 1
29974 29828 146 2 0.299925 0.282319 0.0176066 7 2 7 2
