968 805 163 3 0.899992 0.879522 0.0204707 9 0 9 0
1684 1519 165 9 0.799915 0.78023 0.019685 9 0 9 0
1717 1592 125 1 0.799977 0.783518 0.016459 7 2 7 2
1760 1581 179 4 0.799839 0.775252 0.0245878 8 1 8 1
2494 2318 176 5 0.699907 0.67737 0.0225365 6 3 6 3
3334 3278 56 8 0.599962 0.591773 0.00818901 8 1 8 1
3403 3281 122 0 0.599946 0.584734 0.0152115 7 2 7 2
3750 3455 295 9 0.899928 0.866413 0.0335151 7 2 7 2
4698 4351 347 4 0.799875 0.76105 0.0388253 6 3 6 3
5108 4880 228 7 0.399996 0.372057 0.0279388 6 3 6 3
5128 4907 221 6 0.399955 0.374266 0.0256888 4 5 4 5
5138 4891 247 2 0.399971 0.371612 0.0283591 5 4 5 4
5564 5412 152 5 0.799915 0.779171 0.0207434 5 4 5 4
5927 5572 355 3 0.499895 0.457648 0.042247 4 5 4 5
5982 5929 53 1 0.59998 0.594155 0.0058253 4 5 4 5
7664 7440 224 4 0.799989 0.771076 0.0289133 4 5 4 5
7768 7528 240 8 0.699903 0.670049 0.0298542 3 6 3 6
8485 8432 53 6 0.899917 0.892751 0.00716648 7 2 7 2
8666 8563 103 9 0.499948 0.488611 0.011337 6 3 6 3
9642 9395 247 2 0.799952 0.770999 0.0289525 8 1 8 1
9963 9905 58 8 0.899904 0.892341 0.00756366 6 3 6 3
9994 9794 200 5 0.599964 0.57133 0.028634 7 2 7 2
10216 10158 58 7 0.699914 0.692952 0.00696144 5 4 5 4
10508 10165 343 1 0.699927 0.654342 0.045585 4 5 4 5
11068 10931 137 0 0.299909 0.281262 0.0186465 6 3 6 3
11554 11435 119 6 0.699771 0.684611 0.01516 4 5 4 5
11581 11390 191 2 0.899912 0.877979 0.0219329 5 4 5 4
11675 11586 89 9 0.899945 0.890482 0.00946308 4 5 4 5
12753 12379 374 3 0.499939 0.454834 0.0451058 7 2 7 2
13601 13395 206 5 0.799908 0.77598 0.0239274 7 2 7 2
13937 13794 143 9 0.799903 0.781962 0.0179414 6 3 6 3
14596 14413 183 4 0.299932 0.276942 0.0229896 6 3 6 3
14726 14550 176 8 0.499984 0.479258 0.0207261 5 4 5 4
14815 14506 309 6 0.799892 0.763723 0.036169 5 4 5 4
15567 15433 134 2 0.599913 0.582926 0.0169871 6 3 6 3
16837 16649 188 3 0.799983 0.777539 0.0224439 6 3 6 3
17229 17018 211 1 0.399924 0.374301 0.0256229 6 3 6 3
17499 17210 289 7 0.299908 0.267286 0.0326221 5 4 5 4
18190 17867 323 5 0.599923 0.563392 0.0365308 7 2 7 2
18347 18200 147 0 0.499894 0.480361 0.0195324 6 3 6 3
18512 18459 53 8 0.799992 0.792897 0.00709483 5 4 5 4
20082 20029 53 6 0.499846 0.491789 0.00805713 7 2 7 2
20662 20552 110 9 0.299995 0.286362 0.0136328 7 2 7 2
20774 20549 225 2 0.599971 0.574302 0.025669 8 1 8 1
21170 20844 326 4 0.599951 0.562847 0.0371037 6 3 6 3
22080 21725 355 3 0.499924 0.455438 0.0444867 5 4 5 4
22749 22696 53 8 0.599883 0.591449 0.00843411 5 4 5 4
22793 22472 321 5 0.699937 0.661343 0.0385942 5 4 5 4
23171 22975 196 0 0.699969 0.678315 0.0216544 4 5 4 5
24214 23846 368 7 0.599837 0.555265 0.044572 5 4 5 4
24271 24183 88 2 0.799941 0.790312 0.00962848 5 4 5 4
24835 24752 83 1 0.399893 0.389085 0.0108077 7 2 7 2
25404 25340 64 4 0.699903 0.690505 0.00939807 7 2 7 2
25983 25890 93 5 0.799992 0.789771 0.0102211 6 3 6 3
27137 27067 70 6 0.399968 0.392277 0.00769111 7 2 7 2
27196 26942 254 9 0.599804 0.567087 0.0327162 8 1 8 1
27844 27690 154 3 0.599984 0.580918 0.0190656 7 2 7 2
27892 27757 135 0 0.599912 0.582861 0.0170509 6 3 6 3
28496 28443 53 2 0.599945 0.593374 0.00657101 5 4 5 4
29481 29425 56 8 0.399892 0.393357 0.0065353 5 4 5 4
