846 737 109 5 0.899916 0.887567 0.0123493 9 0 9 0
858 804 54 2 0.899918 0.892423 0.00749593 8 1 8 1
1564 1507 57 6 0.799978 0.792703 0.00727546 9 0 9 0
1658 1558 100 7 0.799927 0.787391 0.0125356 7 2 7 2
1676 1529 147 4 0.799951 0.781829 0.0181217 8 1 8 1
3151 3097 54 1 0.599964 0.592254 0.00770934 9 0 9 0
3293 3223 70 6 0.899912 0.891614 0.00829864 8 1 8 1
3360 3244 116 8 0.599935 0.584898 0.0150366 7 2 7 2
3540 3238 302 0 0.599911 0.564658 0.0352533 9 0 9 0
3780 3626 154 5 0.699933 0.681961 0.0179716 5 4 5 4
4274 4194 80 4 0.799951 0.79116 0.00879111 5 4 5 4
4409 4204 205 9 0.499979 0.473307 0.0266723 4 5 4 5
4788 4512 276 2 0.599932 0.565467 0.0344655 3 6 3 6
6026 5847 179 8 0.899946 0.879973 0.0199729 6 3 6 3
6074 5734 340 3 0.299974 0.257145 0.0428287 7 2 7 2
6823 6659 164 7 0.49989 0.480328 0.0195624 8 1 8 1
6832 6776 56 4 0.799861 0.791577 0.00828423 7 2 7 2
7572 7291 281 1 0.69985 0.663083 0.0367675 6 3 6 3
8418 8236 182 5 0.599908 0.576519 0.0233889 6 3 6 3
9039 8700 339 6 0.399819 0.357992 0.0418269 5 4 5 4
9047 8959 88 8 0.699957 0.689058 0.0108995 6 3 6 3
9065 9008 57 9 0.699975 0.693714 0.00626111 5 4 5 4
10134 10081 53 4 0.699931 0.693798 0.00613296 5 4 5 4
10586 10288 298 0 0.399948 0.363533 0.0364149 5 4 5 4
11914 11616 298 2 0.399951 0.364576 0.0353744 7 2 7 2
12200 11975 225 8 0.799957 0.774026 0.025931 7 2 7 2
12642 12514 128 5 0.699914 0.684214 0.0157006 6 3 6 3
12864 12792 72 9 0.699968 0.689673 0.0102947 5 4 5 4
13362 13105 257 7 0.499939 0.469307 0.0306312 4 5 4 5
13391 13331 60 3 0.499893 0.490211 0.00968262 5 4 5 4
14959 14816 143 1 0.299897 0.281044 0.0188535 7 2 7 2
15227 15029 198 6 0.599936 0.574924 0.0250119 6 3 6 3
15662 15570 92 4 0.499948 0.488449 0.0114988 7 2 7 2
15971 15734 237 0 0.699991 0.668321 0.0316699 6 3 6 3
16090 15792 298 9 0.799949 0.764271 0.0356775 5 4 5 4
16467 16199 268 2 0.799907 0.768207 0.0316995 4 5 4 5
17571 17314 257 8 0.499997 0.468982 0.0310153 4 5 4 5
17640 17275 365 5 0.599924 0.556409 0.0435148 5 4 5 4
18152 17816 336 6 0.899907 0.860555 0.0393519 6 3 6 3
18799 18746 53 9 0.799931 0.793643 0.00628723 6 3 6 3
18945 18609 336 4 0.899895 0.859103 0.040792 6 3 6 3
18994 18906 88 7 0.599962 0.586828 0.0131344 5 4 5 4
20232 19951 281 2 0.699893 0.666152 0.0337411 8 1 8 1
20557 20489 68 3 0.399938 0.389965 0.0099731 7 2 7 2
21239 21155 84 4 0.799964 0.788292 0.0116719 7 2 7 2
22286 21939 347 5 0.699912 0.658182 0.0417299 7 2 7 2
22687 22606 81 6 0.499892 0.488831 0.0110614 6 3 6 3
23223 23065 158 0 0.299935 0.278233 0.0217019 6 3 6 3
23317 22938 379 1 0.399894 0.354369 0.0455251 6 3 6 3
23832 23779 53 9 0.499902 0.491707 0.00819431 6 3 6 3
24119 23877 242 3 0.899991 0.867022 0.0329691 5 4 5 4
24126 23978 148 7 0.599946 0.580571 0.0193755 4 5 4 5
25543 25421 122 8 0.299785 0.285106 0.0146785 5 4 5 4
25625 25315 310 5 0.799943 0.763295 0.0366483 5 4 5 4
25805 25610 195 2 0.499891 0.47435 0.0255412 3 6 3 6
26419 26231 188 4 0.499894 0.477557 0.0223374 6 3 6 3
26436 26325 111 3 0.799923 0.785592 0.0143312 5 4 5 4
27770 27525 245 7 0.799909 0.769119 0.0307906 6 3 6 3
28259 28060 199 6 0.599974 0.575375 0.0245986 6 3 6 3
28649 28478 171 1 0.699932 0.678042 0.0218894 6 3 6 3
29384 29060 324 5 0.699946 0.661411 0.0385346 7 2 7 2
29558 29301 257 8 0.899944 0.869674 0.0302691 6 3 6 3
