775 693 82 2 0.899864 0.888324 0.01154 8 0 8 0
945 764 181 1 0.899892 0.875303 0.0245894 8 1 8 1
1676 1593 83 3 0.799932 0.788337 0.0115951 8 1 8 1
1681 1551 130 8 0.799934 0.782668 0.017266 8 1 8 1
1738 1623 115 5 0.799987 0.784682 0.0153047 6 3 6 3
1857 1571 286 6 0.799899 0.765424 0.0344748 7 2 7 2
1885 1623 262 7 0.799898 0.768958 0.0309395 4 5 4 5
1908 1541 367 4 0.799961 0.753518 0.0464429 8 1 8 1
3376 3245 131 0 0.599935 0.583166 0.0167689 9 0 9 0
3602 3409 193 8 0.899839 0.874914 0.0249245 8 1 8 1
3781 3641 140 7 0.899849 0.883634 0.0162153 7 2 7 2
4470 4167 303 9 0.499922 0.464146 0.0357755 7 2 7 2
4674 4565 109 4 0.799977 0.785315 0.0146615 7 2 7 2
5057 4716 341 1 0.599968 0.557348 0.0426203 6 3 6 3
5377 4997 380 3 0.699968 0.653838 0.04613 5 4 5 4
6243 5896 347 5 0.599918 0.555621 0.0442971 6 3 6 3
6291 6185 106 2 0.399905 0.386706 0.0131988 5 4 5 4
6926 6718 208 7 0.699894 0.675423 0.0244709 5 4 5 4
7704 7396 308 8 0.599891 0.565908 0.0339825 6 3 6 3
7888 7749 139 6 0.399897 0.381035 0.0188611 5 4 5 4
8685 8590 95 1 0.79998 0.789539 0.0104411 6 3 6 3
9619 9257 362 0 0.49999 0.455752 0.0442382 6 3 6 3
9960 9630 330 4 0.499903 0.462484 0.037419 5 4 5 4
10992 10696 296 7 0.699903 0.663427 0.0364756 7 2 7 2
11477 11269 208 2 0.699931 0.674832 0.0250997 6 3 6 3
11927 11742 185 3 0.399994 0.378193 0.0218004 5 4 5 4
12731 12559 172 9 0.299959 0.278929 0.0210301 7 2 7 2
13044 12942 102 6 0.699993 0.687647 0.0123453 7 2 7 2
13173 13120 53 5 0.399851 0.393116 0.0067352 5 4 5 4
13184 12981 203 4 0.899948 0.875295 0.0246526 6 3 6 3
14095 13747 348 1 0.499961 0.455436 0.0445247 4 5 4 5
15384 15303 81 3 0.899908 0.889622 0.0102861 5 4 5 4
15394 15206 188 8 0.299915 0.276769 0.0231461 6 3 6 3
16490 16149 341 2 0.599785 0.559561 0.0402235 7 2 7 2
16678 16505 173 7 0.499993 0.480845 0.0191484 7 2 7 2
16905 16531 374 9 0.899955 0.856212 0.0437427 6 3 6 3
17669 17616 53 6 0.599984 0.591832 0.00815114 6 3 6 3
17716 17640 76 0 0.299976 0.288412 0.0115639 5 4 5 4
18793 18639 154 4 0.399893 0.379472 0.0204211 6 3 6 3
19262 19209 53 9 0.799923 0.792398 0.00752549 6 3 6 3
19718 19611 107 1 0.599858 0.586423 0.0134356 6 3 6 3
20173 19900 273 3 0.5 0.465688 0.0343117 5 4 5 4
20398 20205 193 6 0.899926 0.87526 0.0246663 5 4 5 4
20956 20622 334 5 0.399907 0.358989 0.040918 4 5 4 5
21810 21751 59 8 0.599919 0.592289 0.00762935 7 2 7 2
22481 22415 66 2 0.499989 0.491538 0.00845098 6 3 6 3
22526 22169 357 7 0.59995 0.557516 0.0424337 6 3 6 3
22633 22548 85 6 0.799917 0.789307 0.0106101 6 3 6 3
22939 22592 347 9 0.699949 0.659235 0.0407134 4 5 4 5
24198 23860 338 4 0.699875 0.659436 0.0404386 6 3 6 3
24338 23922 416 1 0.699932 0.648304 0.0516273 5 4 5 4
24340 23978 362 0 0.599958 0.555987 0.0439711 4 5 4 5
25186 24887 299 3 0.699916 0.665179 0.0347376 6 3 6 3
25918 25865 53 8 0.699858 0.692429 0.00742875 7 2 7 2
26057 25961 96 6 0.699913 0.689362 0.0105511 7 2 7 2
26549 26243 306 2 0.799944 0.763174 0.0367702 6 3 6 3
27218 26876 342 7 0.699927 0.659866 0.0400611 6 3 6 3
27248 26976 272 5 0.599994 0.567821 0.032174 5 4 5 4
27449 27283 166 4 0.799919 0.779306 0.0206128 5 4 5 4
28522 28397 125 2 0.899962 0.886028 0.0139341 7 2 7 2
28789 28543 246 9 0.499957 0.468068 0.0318897 6 3 6 3
29188 29005 183 6 0.799922 0.778923 0.0209994 7 2 7 2
29509 29164 345 1 0.599962 0.556844 0.0431178 8 1 8 1
29726 29539 187 0 0.599994 0.577445 0.0225497 6 3 6 3
