1364 820 544 26 0.899962 0.840097 0.0598653 8 0 8 0
1430 800 630 25 0.899931 0.827734 0.0721968 7 0 7 0
1598 767 831 9 0.899873 0.790687 0.109186 5 0 5 0
1736 1622 114 21 0.799899 0.785293 0.0146059 8 1 8 1
1851 1665 186 35 0.799903 0.773094 0.0268084 11 4 11 2
1878 1651 227 16 0.799943 0.771893 0.0280497 18 2 18 2
1888 1630 258 38 0.799991 0.76695 0.0330405 10 1 10 1
1932 1605 327 2 0.799953 0.755987 0.0439663 8 0 8 0
1957 1623 334 20 0.799947 0.757485 0.0424622 12 1 12 1
2762 2363 399 10 0.699915 0.652989 0.0469263 13 1 13 1
2801 2437 364 1 0.699995 0.659885 0.0401105 17 0 17 0
2822 2373 449 3 0.699985 0.648447 0.0515385 12 2 12 2
2919 2431 488 27 0.699911 0.643863 0.0560481 13 3 13 3
3155 2543 612 17 0.699904 0.630095 0.0698097 16 3 16 3
3440 3372 68 19 0.599994 0.591831 0.00816282 16 1 16 1
3547 3344 203 24 0.599974 0.573741 0.0262326 17 9 17 7
3581 3323 258 28 0.599983 0.570078 0.0299048 18 1 18 1
3682 3150 532 36 0.599948 0.539879 0.0600697 19 4 19 4
3717 3365 352 33 0.599961 0.557529 0.0424313 16 5 17 4
3789 3419 370 31 0.599946 0.556897 0.0430491 23 1 22 0
3878 3298 580 12 0.599934 0.530593 0.0693406 18 3 17 2
3916 3304 612 15 0.599971 0.526789 0.0731823 16 2 16 2
4376 4241 135 5 0.499928 0.484479 0.0154498 18 3 18 3
4385 4158 227 7 0.499899 0.471117 0.0287821 22 2 22 2
4389 4071 318 22 0.499815 0.457955 0.0418605 19 5 19 5
4433 4137 296 30 0.49985 0.458115 0.0417347 17 5 17 5
4505 4091 414 8 0.499923 0.447491 0.0524324 20 3 20 3
4506 4113 393 4 0.499937 0.449502 0.0504344 17 5 17 5
4542 4122 420 39 0.49992 0.452664 0.0472561 22 1 22 1
4656 4074 582 0 0.499905 0.432832 0.0670729 24 1 24 1
4694 4039 655 6 0.499904 0.41812 0.0817844 22 2 22 2
5002 4809 193 29 0.4 0.373011 0.0269882 17 9 18 9
5176 4975 201 18 0.399966 0.375488 0.0244785 18 8 18 8
5432 4975 457 37 0.399919 0.343554 0.0563645 24 4 24 4
5743 5118 625 34 0.39996 0.326615 0.0733442 20 4 19 3
5764 4544 1220 38 0.799915 0.662065 0.137851 16 2 9 1
5818 5022 796 32 0.399983 0.305382 0.0946008 16 6 16 6
5834 5592 242 25 0.599903 0.57326 0.0266431 11 7 7 7
6157 5748 409 23 0.299935 0.254536 0.0453992 23 4 23 4
6738 6351 387 20 0.599976 0.555318 0.0446582 15 10 12 10
6929 6322 607 26 0.499953 0.427317 0.0726356 18 6 14 6
6933 6641 292 9 0.499898 0.464503 0.0353952 15 9 14 9
7017 6774 243 1 0.699826 0.665716 0.0341103 20 5 10 5
7063 6679 384 11 0.199973 0.151691 0.0482818 22 3 22 3
7087 6750 337 14 0.199904 0.16027 0.0396337 19 7 19 7
7237 6629 608 13 0.19991 0.129191 0.0707192 20 4 20 4
7652 7108 544 35 0.49999 0.431669 0.0683207 17 6 9 4
7913 7215 698 2 0.499957 0.419199 0.0807578 17 9 13 9
7931 7797 134 27 0.599917 0.584272 0.0156451 18 9 9 7
8459 7936 523 16 0.39997 0.336617 0.0633535 23 9 17 8
8495 7723 772 3 0.599898 0.507599 0.0922984 19 3 10 3
8525 8293 232 7 0.799935 0.770447 0.0294887 25 2 9 1
8556 8318 238 22 0.799904 0.768061 0.0318427 22 5 8 2
8787 8581 206 4 0.799954 0.768257 0.031697 20 5 9 1
8984 8397 587 12 0.69991 0.624507 0.0754034 22 7 10 5
9045 8928 117 5 0.699968 0.684636 0.0153322 26 3 13 1
9252 8948 304 37 0.899969 0.864253 0.0357162 23 5 4 1
9310 8927 383 17 0.499906 0.452666 0.04724 24 9 17 6
9550 9368 182 19 0.499975 0.477786 0.0221889 21 8 13 8
9736 9101 635 31 0.599964 0.523824 0.0761402 28 2 17 1
9904 9398 506 21 0.199994 0.143055 0.0569394 18 10 16 10
9972 9643 329 28 0.499932 0.461639 0.038293 24 6 18 6
10004 9624 380 24 0.499952 0.454258 0.0456943 22 10 16 5
10587 10181 406 10 0.29996 0.252637 0.0473234 23 5 19 4
10709 10216 493 8 0.599945 0.539349 0.0605962 23 5 14 5
10755 10337 418 0 0.599955 0.54241 0.0575447 26 6 18 5
11178 11024 154 18 0.59999 0.58039 0.0195997 17 12 10 9
11198 10725 473 36 0.399933 0.338448 0.0614847 33 3 22 1
11214 11066 148 34 0.69991 0.681396 0.0185143 23 8 12 6
11226 10928 298 15 0.399937 0.36384 0.0360978 18 8 11 7
11266 11213 53 22 0.799955 0.793231 0.0067237 25 7 8 3
11374 11176 198 32 0.699905 0.672194 0.0277104 21 6 10 1
11584 11382 202 38 0.499955 0.472944 0.0270111 24 6 16 4
11586 10961 625 29 0.599987 0.525906 0.0740815 23 11 13 8
11745 11472 273 33 0.299909 0.265153 0.0347568 17 16 12 15
11817 11649 168 26 0.69999 0.677677 0.0223128 20 9 10 4
12307 11767 540 30 0.399915 0.334961 0.0649537 27 5 23 1
12403 11842 561 39 0.399975 0.333259 0.0667159 31 7 21 7
12422 12059 363 5 0.799997 0.757857 0.0421401 27 5 5 3
12491 12396 95 37 0.699981 0.688327 0.0116543 26 7 13 4
12679 12249 430 6 0.399915 0.348562 0.0513527 28 6 17 6
13099 12995 104 12 0.699927 0.685765 0.0141613 29 8 12 4
13164 13020 144 27 0.599956 0.581711 0.018245 27 8 16 6
13288 12966 322 3 0.699988 0.661076 0.0389117 21 6 10 3
13305 12682 623 1 0.499991 0.425845 0.0741455 29 5 17 3
13616 13468 148 35 0.599971 0.582105 0.0178662 21 8 11 4
13967 13806 161 7 0.499938 0.48132 0.0186177 30 6 19 6
13993 13420 573 9 0.499898 0.432146 0.0677517 23 11 18 6
14008 13703 305 20 0.399999 0.364867 0.0351319 25 10 17 6
14132 13931 201 11 0.599958 0.57292 0.0270378 28 3 17 1
14227 13783 444 16 0.699835 0.647999 0.0518359 29 7 14 1
14476 14105 371 4 0.499915 0.454294 0.0456216 27 7 18 4
14822 14367 455 0 0.799945 0.749084 0.0508605 27 8 9 2
15054 14536 518 18 0.799924 0.735442 0.064482 18 14 7 4
15126 14664 462 22 0.699972 0.646907 0.0530657 26 9 9 6
15159 14961 198 23 0.2999 0.276336 0.0235641 27 8 16 7
15161 14369 792 25 0.199894 0.108589 0.0913048 19 12 15 10
15502 14805 697 14 0.49999 0.419934 0.0800563 23 8 15 5
15657 15036 621 13 0.499909 0.426164 0.0737448 20 11 15 10
15677 15388 289 2 0.399892 0.363993 0.035899 16 17 11 15
15677 15438 239 37 0.799998 0.769665 0.0303329 26 9 9 4
15797 15454 343 38 0.799928 0.750535 0.0493922 25 6 5 1
15935 15794 141 17 0.499986 0.482058 0.0179281 30 6 19 0
16112 15968 144 31 0.499966 0.478214 0.0217518 27 6 15 6
16254 16201 53 10 0.699894 0.692778 0.00711585 27 7 16 3
16268 15951 317 19 0.499938 0.459051 0.0408874 24 14 16 9
16685 16417 268 24 0.499967 0.468382 0.0315856 25 12 12 6
16714 16143 571 32 0.599954 0.530714 0.06924 26 7 15 2
16815 16572 243 27 0.799929 0.771907 0.0280226 30 5 7 0
17614 17204 410 36 0.599943 0.549129 0.0508138 31 6 9 5
18011 17745 266 39 0.699928 0.670677 0.0292511 29 9 8 4
18181 17833 348 29 0.499981 0.458019 0.0419622 22 14 15 9
18191 17715 476 5 0.499906 0.442604 0.0573024 30 6 15 5
18225 18111 114 3 0.599906 0.583942 0.0159638 26 7 11 5
18273 17690 583 21 0.499915 0.429343 0.0705715 21 12 12 7
18335 17814 521 12 0.599912 0.531266 0.0686455 28 10 12 3
18463 18350 113 30 0.599971 0.584639 0.0153315 25 10 16 7
18711 18094 617 26 0.399982 0.319193 0.0807886 24 9 16 4
18730 18357 373 34 0.299949 0.254785 0.0451639 20 16 17 12
18757 18179 578 33 0.599912 0.528236 0.0716758 19 16 11 8
19018 18896 122 15 0.399976 0.384233 0.0157432 24 10 19 7
19086 18270 816 20 0.799903 0.701672 0.0982308 26 10 3 1
19213 19026 187 28 0.199895 0.173379 0.0265163 29 7 23 5
19847 19267 580 0 0.599902 0.532544 0.0673575 27 8 12 3
19915 19437 478 8 0.199902 0.144107 0.0557951 34 4 24 4
20460 19877 583 1 0.499975 0.433046 0.0669297 29 8 15 7
20484 20277 207 27 0.699964 0.673912 0.0260523 25 12 12 9
20562 20016 546 22 0.599986 0.536157 0.063829 24 13 11 5
20606 19925 681 16 0.49985 0.421383 0.0784663 30 6 15 2
20690 20366 324 7 0.499994 0.460215 0.0397787 32 7 17 4
21137 20830 307 31 0.699942 0.657681 0.0422601 32 3 13 1
21259 21003 256 19 0.699905 0.67067 0.0292345 22 16 5 3
21795 21430 365 9 0.399865 0.358435 0.04143 28 7 16 2
21951 21727 224 10 0.499994 0.473554 0.0264408 26 10 18 7
22193 22134 59 6 0.199957 0.192289 0.00766884 31 7 23 5
22357 22193 164 25 0.599944 0.576249 0.0236945 23 13 14 6
22398 22141 257 18 0.299973 0.268681 0.0312922 26 11 20 3
22410 22153 257 5 0.799936 0.765112 0.0348241 30 8 8 4
22778 22240 538 13 0.499896 0.436482 0.0634139 27 12 17 8
22908 22294 614 23 0.499941 0.422091 0.0778495 30 9 17 5
22928 22649 279 37 0.299914 0.263012 0.0369024 27 11 21 7
23009 22528 481 2 0.499904 0.444451 0.055453 25 14 13 5
23049 22802 247 39 0.599891 0.570273 0.0296175 30 9 10 1
23144 22810 334 20 0.699964 0.656829 0.0431358 29 7 14 2
23231 22772 459 11 0.199906 0.144307 0.0555991 26 10 17 10
23242 23076 166 17 0.399945 0.380995 0.0189507 35 3 23 3
23347 23006 341 35 0.0999109 0.0582336 0.0416774 28 11 20 8
23388 22723 665 4 0.299939 0.22205 0.0778889 26 12 20 8
23676 23080 596 24 0.499955 0.429018 0.0709369 26 12 14 5
23828 23684 144 36 0.499974 0.482231 0.0177427 22 15 13 12
23918 23461 457 30 0.599906 0.545252 0.0546539 32 6 13 1
24102 23733 369 32 0.399916 0.353611 0.0463047 34 2 22 1
24288 23776 512 14 0.299909 0.240475 0.0594341 26 9 18 7
24641 24296 345 0 0.699903 0.660094 0.0398091 27 10 8 3
24645 24590 55 29 0.499856 0.492246 0.00761004 20 18 11 12
24732 24475 257 38 0.0999676 0.0681227 0.031845 26 11 20 8
24733 24163 570 15 0.699991 0.63397 0.0660209 27 8 12 0
24829 24070 759 21 0.599943 0.513352 0.0865916 25 10 11 3
25125 25009 116 33 0.499905 0.486032 0.0138727 26 12 16 3
25377 24510 867 12 0.499958 0.393289 0.106669 29 10 18 5
25603 25166 437 28 0.699947 0.650112 0.0498349 29 7 8 3
26398 25805 593 3 0.299965 0.231289 0.0686763 23 16 17 16
26566 26391 175 7 0.599948 0.577082 0.0228654 26 13 10 9
26991 26655 336 34 0.399945 0.358718 0.0412274 23 14 16 3
27109 26620 489 26 0.399991 0.338081 0.0619102 26 12 17 6
27300 27209 91 6 0.799967 0.786072 0.0138946 33 5 8 3
27300 26826 474 31 0.499983 0.443821 0.0561611 25 10 8 7
27464 26855 609 19 0.49999 0.424328 0.0756623 24 15 14 8
27512 27001 511 9 0.699934 0.639927 0.0600069 29 7 10 3
27946 27795 151 0 0.799957 0.778721 0.0212369 26 11 7 3
27967 27831 136 27 0.299919 0.283626 0.016293 24 13 15 5
28150 27982 168 18 0.699971 0.676527 0.023444 27 10 10 2
28188 27764 424 1 0.399974 0.351597 0.0483769 25 13 12 8
28445 28192 253 39 0.599866 0.566374 0.0334926 30 9 11 5
28461 27921 540 15 0.799996 0.736536 0.0634602 29 6 7 1
28509 28320 189 10 0.499927 0.479146 0.0207811 28 8 17 3
28761 28527 234 36 0.699894 0.67301 0.0268842 23 15 12 4
28955 28436 519 22 0.299976 0.238844 0.0611322 24 14 12 7
29031 28835 196 20 0.499958 0.47825 0.0217074 26 10 11 4
29107 28299 808 21 0.799998 0.709294 0.0907044 27 9 7 0
29122 28575 547 23 0.59995 0.532709 0.0672411 30 9 14 3
29687 29292 395 37 0.599956 0.552893 0.0470639 28 10 16 5
29710 29639 71 2 0.499965 0.491252 0.00871349 24 15 13 4
29753 29330 423 8 0.299959 0.249242 0.050717 27 11 15 10
29808 29283 525 24 0.599978 0.537366 0.0626122 28 10 13 4
