1419 834 585 24 0.899919 0.830411 0.0695079 3 0 3 0
1465 751 714 34 0.899978 0.811543 0.0884352 7 2 6 1
1516 762 754 15 0.89991 0.811979 0.0879313 10 0 10 0
1549 775 774 31 0.899835 0.809673 0.090162 9 0 9 0
1743 1567 176 7 0.799932 0.774682 0.0252502 9 3 9 3
1771 1578 193 2 0.799918 0.775882 0.0240363 12 1 12 1
2214 1610 604 16 0.799892 0.722888 0.0770038 7 1 7 1
2813 2493 320 8 0.699955 0.660981 0.038974 19 1 19 1
2863 2374 489 17 0.69991 0.64139 0.058521 19 3 18 2
2892 2481 411 25 0.699991 0.650349 0.049642 17 2 17 2
3062 2408 654 14 0.699967 0.625436 0.0745314 15 1 15 1
3372 3234 138 32 0.599903 0.582845 0.0170578 15 1 15 1
3396 3274 122 22 0.599919 0.584741 0.0151779 25 1 25 1
3416 3321 95 3 0.599989 0.586621 0.0133681 19 5 19 5
3430 3276 154 1 0.599872 0.57917 0.0207014 21 2 21 2
3441 3211 230 39 0.59995 0.571337 0.0286128 20 2 20 2
3565 3301 264 19 0.599984 0.56899 0.0309941 21 2 21 2
3566 3315 251 26 0.599914 0.568753 0.0311609 21 1 21 1
3706 3319 387 29 0.6 0.556982 0.0430176 19 3 19 3
4158 4086 72 0 0.5 0.48774 0.0122603 19 4 19 4
4179 4058 121 33 0.49993 0.48453 0.0154007 19 10 19 10
4280 4155 125 28 0.49998 0.483763 0.0162167 14 4 14 4
4360 4159 201 13 0.499931 0.47492 0.0250112 17 5 17 5
4368 4156 212 10 0.499903 0.470218 0.0296854 26 0 26 0
4377 4137 240 12 0.499957 0.470118 0.0298394 19 0 19 0
4495 4188 307 30 0.49994 0.458941 0.040999 23 3 23 3
4653 4232 421 38 0.499921 0.449007 0.050914 22 0 22 0
4757 4157 600 21 0.499893 0.430716 0.0691773 24 2 24 2
5095 5042 53 35 0.399918 0.392735 0.00718298 22 4 21 2
5228 4945 283 36 0.399985 0.365022 0.0349628 17 9 19 10
5402 4787 615 34 0.699933 0.62724 0.072693 15 4 11 2
5454 5014 440 6 0.399862 0.346939 0.0529225 22 1 22 1
5556 5040 516 4 0.39992 0.339356 0.0605633 23 4 23 4
5716 5203 513 7 0.699977 0.636862 0.0631143 17 5 10 4
5847 5003 844 18 0.399962 0.299948 0.100014 14 9 14 9
6281 5656 625 31 0.599974 0.52511 0.0748647 17 5 12 5
6463 5926 537 8 0.799951 0.740662 0.0592896 20 4 6 4
6653 6532 121 15 0.499966 0.48512 0.0148456 17 7 12 7
6666 6132 534 2 0.599895 0.538217 0.0616777 18 7 13 7
6856 6354 502 24 0.499878 0.442438 0.0574407 17 1 17 1
6931 6637 294 5 0.199821 0.162363 0.0374574 16 7 16 7
7002 6721 281 20 0.199914 0.159439 0.0404748 30 2 30 2
7949 7531 418 27 0.0999301 0.0473854 0.0525447 23 8 24 8
7992 7520 472 11 0.0998957 0.0431028 0.0567929 29 3 29 3
8101 7496 605 37 0.0999397 0.0311977 0.068742 22 4 22 4
8126 7572 554 23 0.0999228 0.0360482 0.0638746 28 3 28 3
8187 7582 605 9 0.099956 0.0306709 0.0692851 24 5 24 5
8494 7862 632 26 0.699922 0.628644 0.0712786 24 4 9 3
8585 8510 75 16 0.399822 0.387143 0.012679 21 8 18 7
8831 8700 131 19 0.599802 0.584319 0.015483 24 7 12 6
9049 8565 484 1 0.599945 0.544786 0.0551593 24 7 13 5
9333 8902 431 14 0.499892 0.450368 0.0495234 21 8 14 8
9393 8842 551 0 0.699891 0.635946 0.0639449 24 5 12 3
9396 8870 526 28 0.699945 0.634217 0.0657286 21 7 10 4
9578 9351 227 22 0.499931 0.471403 0.0285276 27 3 15 3
9884 9817 67 29 0.499981 0.490195 0.00978641 30 3 19 1
9888 9518 370 39 0.499975 0.452264 0.0477114 28 4 18 3
10282 10128 154 35 0.699945 0.681017 0.0189281 26 6 11 4
10329 10128 201 32 0.399942 0.372901 0.0270406 23 6 17 5
10367 9715 652 10 0.599987 0.522101 0.0778857 27 4 9 4
10424 9987 437 4 0.799938 0.747991 0.0519469 27 3 9 0
10447 10122 325 30 0.599905 0.558352 0.0415528 26 5 14 5
10459 10402 57 33 0.499903 0.492566 0.00733673 20 16 13 13
10470 10304 166 25 0.299926 0.276879 0.0230465 25 5 20 4
10522 10094 428 17 0.299917 0.251136 0.0487813 24 6 19 6
10930 10165 765 3 0.399967 0.308775 0.0911911 27 5 17 4
11230 11152 78 2 0.699993 0.688447 0.0115466 19 7 6 4
11321 11158 163 38 0.499975 0.478767 0.0212075 20 9 10 9
11380 10891 489 12 0.499966 0.444169 0.0557967 23 7 13 7
11679 11337 342 15 0.69991 0.658999 0.0409111 22 7 10 3
11840 11214 626 34 0.499937 0.425642 0.0742942 21 5 16 3
11969 11651 318 13 0.399923 0.364003 0.0359196 19 14 15 10
12946 12891 55 5 0.699932 0.693613 0.00631876 24 5 13 2
12997 12437 560 31 0.499808 0.431961 0.0678464 20 7 11 4
13196 12551 645 8 0.399945 0.322323 0.0776222 23 12 14 11
13293 12612 681 0 0.799923 0.718406 0.0815179 24 5 6 2
13472 12995 477 36 0.399991 0.344885 0.055106 24 9 16 5
13691 13201 490 7 0.299996 0.242741 0.0572543 29 6 21 5
13774 13387 387 24 0.499895 0.45492 0.0449751 23 5 18 5
14587 14104 483 6 0.299909 0.243142 0.0567672 33 3 22 3
14851 14752 99 20 0.499827 0.486314 0.0135126 30 7 15 6
15112 14814 298 19 0.499925 0.46489 0.0350351 32 5 17 1
15133 14887 246 10 0.699976 0.671844 0.0281326 31 5 18 2
15249 15066 183 26 0.39995 0.379721 0.020229 25 10 20 8
15255 14632 623 18 0.299987 0.223573 0.0764144 24 7 20 4
15281 14693 588 39 0.699951 0.628282 0.0716693 30 6 17 4
15322 14546 776 37 0.699938 0.604167 0.0957711 26 5 15 2
15502 14848 654 21 0.0999613 0.0218474 0.0781139 26 12 16 11
15594 15196 398 1 0.499895 0.450415 0.0494797 26 7 16 5
15622 15151 471 33 0.699998 0.641833 0.0581643 25 11 9 1
15656 15399 257 16 0.499948 0.465788 0.0341595 23 10 14 7
15907 15360 547 11 0.599959 0.535848 0.0641108 29 9 13 6
15989 15703 286 4 0.499919 0.463538 0.0363804 26 9 20 8
16046 15957 89 22 0.499961 0.489946 0.0100143 28 8 22 7
16269 15973 296 38 0.699914 0.663232 0.0366821 23 9 14 3
16463 16359 104 9 0.499922 0.488304 0.0116177 22 10 13 7
16488 16117 371 28 0.399904 0.357182 0.042722 26 9 19 8
16562 15853 709 14 0.499864 0.416717 0.0831475 30 3 22 1
16576 15947 629 25 0.699968 0.62608 0.0738885 27 9 15 7
16613 16551 62 30 0.49994 0.48989 0.0100494 27 8 19 6
16839 16614 225 5 0.699969 0.673946 0.0260233 22 11 8 8
16861 16178 683 29 0.499965 0.419144 0.080821 36 2 19 1
16879 16197 682 23 0.499948 0.419114 0.0808336 32 4 18 3
17043 16581 462 35 0.399965 0.343536 0.0564286 27 10 18 6
17191 16877 314 27 0.399897 0.358752 0.041145 29 9 21 5
17580 17072 508 3 0.59994 0.540063 0.0598766 26 9 11 7
17914 17529 385 2 0.399959 0.350697 0.0492621 23 9 15 6
18098 17356 742 15 0.499945 0.410236 0.0897093 28 6 15 2
18100 17981 119 12 0.499969 0.483479 0.0164894 24 10 11 7
18668 18450 218 34 0.499942 0.467841 0.0321014 20 11 11 8
19190 18689 501 17 0.399984 0.342214 0.05777 31 6 20 4
19649 19529 120 26 0.799932 0.782117 0.0178149 27 9 10 0
19730 18781 949 0 0.499968 0.386406 0.113562 23 11 14 9
19787 19681 106 31 0.499943 0.487012 0.0129303 24 9 12 6
20296 19731 565 32 0.199972 0.130214 0.0697581 28 8 22 5
20841 20745 96 25 0.699944 0.687218 0.0127253 28 9 13 5
20875 20822 53 10 0.499899 0.494078 0.00582111 30 8 14 5
21090 20426 664 36 0.499988 0.422478 0.0775092 25 10 18 5
21289 21138 151 8 0.399942 0.381325 0.0186174 29 8 18 2
21319 21204 115 1 0.599969 0.584869 0.0150995 30 7 14 2
21371 21087 284 6 0.599967 0.565359 0.0346087 34 5 21 3
21406 21055 351 24 0.399926 0.358667 0.0412591 28 8 14 7
21534 21051 483 38 0.599972 0.539493 0.0604788 30 5 18 2
21654 21033 621 39 0.499985 0.429284 0.0707006 34 3 21 1
21793 21482 311 4 0.599921 0.563217 0.0367042 22 17 14 11
21824 21436 388 33 0.499977 0.453866 0.0461111 26 11 14 5
21998 21299 699 13 0.199961 0.11721 0.0827517 26 11 24 7
22127 21618 509 5 0.599988 0.536734 0.0632539 32 4 20 2
22172 22119 53 11 0.499829 0.49232 0.00750833 25 13 18 7
22331 22066 265 30 0.599959 0.56634 0.0336195 30 8 16 5
22368 22083 285 37 0.399917 0.364431 0.0354866 28 6 17 3
22519 22057 462 20 0.399983 0.346522 0.0534611 32 6 22 1
22525 22389 136 27 0.69988 0.681767 0.0181131 29 9 12 5
22617 21944 673 12 0.799955 0.720449 0.0795066 25 9 9 3
22984 22762 222 9 0.499947 0.472606 0.0273409 29 5 17 2
23076 22727 349 18 0.499939 0.457875 0.0420636 26 8 16 4
23199 22869 330 3 0.599958 0.546715 0.0532429 26 12 13 6
23571 23387 184 7 0.19998 0.174994 0.024986 35 3 27 2
23608 23374 234 19 0.299949 0.266182 0.0337669 31 7 16 6
23830 23421 409 34 0.699963 0.648008 0.0519543 25 7 8 0
24010 23957 53 35 0.499986 0.493242 0.00674326 28 8 18 6
24348 23943 405 22 0.299908 0.246799 0.053109 32 6 23 5
24503 23865 638 16 0.299931 0.221492 0.0784391 25 12 16 9
24562 24284 278 28 0.399897 0.367819 0.0320783 31 8 23 5
24563 24501 62 23 0.378935 0.372128 0.00680677 31 5 19 4
24729 24251 478 29 0.39991 0.34199 0.0579202 32 6 17 5
24816 24488 328 21 0.399924 0.363423 0.036501 28 10 21 5
24946 24493 453 17 0.699938 0.63797 0.0619676 30 7 7 2
25362 24897 465 2 0.499898 0.444798 0.0551009 23 12 14 7
25384 24959 425 14 0.299991 0.252977 0.0470142 28 9 17 9
25908 25515 393 25 0.599902 0.555338 0.0445643 33 6 14 1
26193 25634 559 15 0.399923 0.333357 0.0665661 27 7 15 3
26451 26394 57 27 0.699913 0.693056 0.00685675 33 6 12 1
26506 26416 90 1 0.599911 0.588728 0.0111822 29 9 12 6
26663 26418 245 26 0.29998 0.270202 0.0297773 25 12 14 11
27046 26673 373 24 0.699928 0.654309 0.0456183 30 7 9 3
27221 26700 521 36 0.599953 0.53174 0.0682136 24 13 10 6
27557 27259 298 0 0.399928 0.365776 0.0341523 28 10 16 6
27729 27437 292 39 0.599947 0.562097 0.0378505 33 5 11 3
27831 27284 547 10 0.499988 0.435231 0.064757 29 9 10 7
27838 27388 450 6 0.499905 0.444956 0.0549485 32 7 13 5
27923 27656 267 38 0.49991 0.464429 0.0354804 27 9 15 6
28102 27870 232 31 0.299976 0.27341 0.0265655 27 8 14 6
28316 28048 268 8 0.499992 0.466041 0.0339508 26 12 14 10
28506 28109 397 32 0.499982 0.451544 0.0484389 30 7 15 0
28554 28489 65 20 0.599929 0.591009 0.00891958 32 6 15 4
28845 28763 82 28 0.799961 0.787324 0.0126363 34 5 8 2
28943 28349 594 37 0.599943 0.532246 0.0676977 29 7 9 3
29251 28662 589 34 0.59993 0.534536 0.0653939 28 9 15 6
29293 29098 195 21 0.799944 0.778471 0.021473 29 9 13 4
29330 29225 105 30 0.399841 0.382716 0.0171258 31 8 18 4
29494 28927 567 5 0.399895 0.332956 0.0669384 23 15 11 13
29496 29329 167 4 0.299778 0.277095 0.0226833 29 10 22 6
29983 29498 485 18 0.499901 0.440427 0.0594738 30 8 16 4
