1330 776 554 3 0.899941 0.837399 0.0625424 7 0 7 0
1343 783 560 1 0.899978 0.837385 0.0625931 10 0 10 0
1498 789 709 19 0.8999 0.81177 0.0881298 9 0 9 0
1697 1557 140 2 0.799965 0.783709 0.0162563 10 0 10 0
1731 1648 83 15 0.799922 0.788966 0.0109567 16 0 16 0
1835 1647 188 9 0.799967 0.777045 0.0229222 10 0 10 0
1843 1646 197 26 0.799893 0.77459 0.0253038 12 0 12 0
1888 1623 265 35 0.799911 0.766198 0.0337123 11 3 11 1
2006 1682 324 17 0.799897 0.761311 0.0385851 14 4 14 3
2188 1704 484 18 0.799952 0.739397 0.0605542 16 4 16 2
2770 2452 318 25 0.699982 0.661391 0.0385904 14 0 14 0
2782 2474 308 27 0.699969 0.66304 0.0369287 15 3 15 3
2902 2456 446 13 0.699981 0.646526 0.0534547 18 2 17 1
3040 2418 622 31 0.699931 0.62394 0.0759911 17 0 17 0
3222 2480 742 33 0.699994 0.608785 0.0912099 21 4 21 2
3452 3184 268 20 0.599909 0.561772 0.0381372 19 2 19 2
3499 3285 214 11 0.599969 0.573725 0.0262445 23 4 23 4
3647 3341 306 32 0.599999 0.562238 0.0377614 18 3 18 3
3678 3395 283 39 0.599915 0.562747 0.037168 25 0 25 0
3870 3386 484 14 0.599997 0.543065 0.0569316 23 1 24 1
4023 3376 647 37 0.599917 0.526157 0.0737604 20 1 20 1
4137 3321 816 24 0.599899 0.503813 0.096086 12 4 13 3
4241 4104 137 12 0.499999 0.482153 0.0178466 14 11 14 11
4338 4114 224 8 0.499958 0.474077 0.0258809 19 2 19 2
4526 4189 337 36 0.499969 0.46172 0.0382491 18 6 17 4
4558 4024 534 5 0.49995 0.438548 0.0614017 19 3 19 3
4571 4173 398 6 0.499892 0.450641 0.0492512 17 1 17 1
4574 4176 398 29 0.499954 0.452571 0.0473831 22 4 22 4
4627 4109 518 0 0.49993 0.441523 0.0584063 23 4 23 4
4752 4145 607 38 0.499994 0.427343 0.0726508 20 2 20 2
4838 4147 691 7 0.499864 0.419953 0.0799109 17 4 17 4
4947 4131 816 22 0.499944 0.397503 0.102441 17 4 17 4
5076 4911 165 30 0.399979 0.377139 0.0228405 23 7 23 6
5084 4978 106 28 0.399945 0.386408 0.0135375 19 0 19 0
5176 4927 249 34 0.399948 0.371218 0.0287299 20 3 20 3
5470 4967 503 21 0.399976 0.338815 0.0611616 24 5 25 8
5551 5369 182 1 0.599894 0.57637 0.0235235 15 12 11 12
5578 4999 579 23 0.3999 0.331755 0.0681451 21 3 21 3
5814 5668 146 10 0.299974 0.275238 0.024736 23 7 23 7
6200 6026 174 2 0.599985 0.574396 0.0255893 15 4 10 4
6244 6037 207 26 0.599937 0.572782 0.0271545 17 9 12 9
6267 5999 268 15 0.599921 0.566475 0.0334464 16 4 10 4
8033 7607 426 16 0.0998965 0.0509692 0.0489273 23 7 23 7
8151 7536 615 27 0.599908 0.524029 0.0758784 21 9 13 7
8173 7805 368 20 0.699968 0.656755 0.0432127 22 6 10 4
8238 7634 604 4 0.0999292 0.0258195 0.0741097 24 7 24 7
8446 7941 505 35 0.399996 0.340365 0.0596307 27 7 21 6
8514 8109 405 17 0.399965 0.347348 0.0526168 24 9 18 7
8619 8525 94 13 0.497011 0.483825 0.0131856 25 4 15 3
8707 8055 652 39 0.699993 0.623018 0.076975 27 6 9 6
8726 8673 53 9 0.299965 0.293774 0.00619145 26 3 24 3
8740 8250 490 19 0.299944 0.24415 0.0557945 17 11 13 11
8743 8557 186 0 0.799965 0.778365 0.0216005 27 2 10 0
9338 9196 142 25 0.399919 0.381226 0.0186924 25 6 20 6
9370 8808 562 3 0.199928 0.133358 0.0665705 22 7 22 7
9492 9100 392 33 0.49992 0.454081 0.0458383 25 5 13 2
9700 9128 572 28 0.79995 0.732527 0.0674228 22 5 11 5
9738 9166 572 18 0.299952 0.228402 0.0715498 30 7 25 4
9925 9271 654 37 0.599924 0.51962 0.0803044 24 8 19 7
10017 9870 147 8 0.599926 0.579614 0.020312 20 7 14 6
10180 9648 532 31 0.399956 0.337615 0.0623412 26 3 15 3
10204 10081 123 30 0.699934 0.685355 0.0145785 25 8 9 3
10306 10099 207 29 0.59991 0.574043 0.0258667 27 5 14 3
10591 10176 415 5 0.599898 0.551542 0.0483562 24 8 15 7
11024 10599 425 15 0.699919 0.650423 0.0494959 21 3 9 0
11073 10898 175 11 0.299939 0.277034 0.0229059 26 10 13 8
11176 11078 98 36 0.499892 0.485458 0.014434 22 10 11 8
11180 10630 550 7 0.599917 0.535205 0.064712 21 7 9 5
11371 11246 125 12 0.399924 0.383074 0.0168497 24 10 19 8
11414 10702 712 1 0.599935 0.516706 0.0832288 22 12 10 3
11535 11269 266 32 0.299952 0.264733 0.035219 30 5 21 4
12415 12262 153 38 0.39991 0.383023 0.0168864 24 7 15 6
12574 12339 235 26 0.499994 0.469719 0.0302743 25 7 15 6
12680 12465 215 14 0.199928 0.17254 0.0273875 21 12 14 12
12914 12314 600 2 0.499963 0.431053 0.0689099 20 8 14 6
13114 13025 89 20 0.59993 0.587815 0.0121141 27 7 12 2
13186 12831 355 39 0.699912 0.657127 0.0427853 26 11 10 6
13200 13020 180 0 0.599979 0.572589 0.0273896 29 6 12 5
13559 13348 211 22 0.299957 0.275677 0.0242806 29 3 24 1
13567 13000 567 24 0.199842 0.128993 0.0708493 24 10 20 9
13936 13449 487 23 0.399995 0.342542 0.0574527 26 9 19 8
14153 13654 499 16 0.799988 0.738808 0.06118 27 7 8 0
14506 14350 156 6 0.0999326 0.0774418 0.0224908 31 4 24 3
14702 14379 323 25 0.699948 0.661081 0.0388668 28 4 11 1
14716 14121 595 21 0.299931 0.23324 0.0666911 25 8 16 7
14718 14125 593 9 0.699923 0.631726 0.0681968 26 3 9 1
14791 14370 421 27 0.499976 0.452427 0.0475489 28 7 16 5
14887 14442 445 31 0.799968 0.748541 0.051427 27 5 9 4
15081 14605 476 35 0.599989 0.544403 0.0555858 29 8 10 5
15088 14972 116 36 0.799973 0.785545 0.0144285 22 9 9 4
15105 14542 563 34 0.199949 0.133705 0.0662442 29 7 20 6
15657 15412 245 10 0.199952 0.171469 0.0284825 23 11 15 8
15673 14920 753 5 0.699903 0.613075 0.0868278 25 10 11 3
15877 15422 455 37 0.599961 0.546413 0.0535483 27 9 13 2
16295 15908 387 28 0.399984 0.353846 0.0461376 27 10 15 8
16305 15947 358 33 0.499938 0.46055 0.0393874 26 10 14 8
16478 15878 600 13 0.399956 0.324147 0.0758089 31 4 15 1
16665 16322 343 29 0.499966 0.45854 0.0414253 27 9 18 6
16903 16372 531 17 0.399793 0.340305 0.0594887 29 6 18 2
17210 17150 60 7 0.499879 0.48987 0.010009 28 9 21 4
17247 16577 670 15 0.499912 0.419929 0.0799835 27 3 18 1
17365 17266 99 26 0.699908 0.687058 0.0128502 23 12 7 6
17642 16834 808 8 0.399907 0.297716 0.102191 23 11 15 7
17694 17391 303 22 0.899991 0.865148 0.0348427 30 3 3 0
17796 17417 379 12 0.599966 0.551493 0.0484729 25 10 8 4
17878 17083 795 9 0.899944 0.798627 0.101317 27 3 4 0
17896 17364 532 4 0.399923 0.336836 0.0630874 27 6 16 5
18024 17847 177 19 0.299931 0.274979 0.0249522 25 12 21 8
18036 17897 139 32 0.599923 0.583351 0.0165728 29 9 15 7
18560 18009 551 18 0.399847 0.336788 0.0630594 31 7 19 3
18617 18564 53 1 0.399831 0.392565 0.00726619 27 9 15 3
18693 18350 343 0 0.599915 0.560265 0.03965 27 11 10 10
18744 18350 394 2 0.599991 0.552279 0.047712 25 5 10 0
19577 19159 418 38 0.499983 0.447579 0.0524036 32 3 17 1
19586 19205 381 30 0.099998 0.0526178 0.0473802 24 12 16 11
19753 19529 224 25 0.599905 0.566278 0.0336273 26 11 14 7
19757 19062 695 20 0.499976 0.411642 0.0883336 31 6 15 3
19815 19448 367 31 0.59993 0.559407 0.0405237 25 8 7 4
20043 19685 358 3 0.199912 0.156532 0.0433801 24 10 16 7
20114 19514 600 16 0.499979 0.431938 0.0680401 28 7 12 5
20209 20048 161 11 0.29992 0.282041 0.0178795 27 10 15 7
20247 19676 571 39 0.399991 0.331258 0.068733 27 11 20 8
20449 20318 131 27 0.599937 0.583437 0.0165002 25 12 7 6
20917 20354 563 35 0.59992 0.535067 0.064853 32 6 16 1
21148 20522 626 5 0.599941 0.522968 0.0769728 21 16 10 9
21352 21038 314 37 0.599975 0.561173 0.0388021 25 12 9 5
21472 21419 53 29 0.699954 0.691005 0.00894907 26 12 11 7
21488 21030 458 36 0.399977 0.344947 0.0550298 28 8 18 2
21790 21239 551 21 0.599933 0.535598 0.0643344 25 9 11 4
22148 21732 416 23 0.399933 0.352026 0.0479069 28 10 12 7
22682 22261 421 24 0.399958 0.351225 0.0487329 24 11 10 6
23208 22901 307 34 0.49995 0.465192 0.0347581 28 10 12 6
23318 23165 153 2 0.699951 0.681762 0.0181891 25 7 8 4
23518 23109 409 17 0.599934 0.551665 0.0482691 30 6 10 2
23567 23074 493 12 0.599854 0.540761 0.0590924 25 11 13 4
23767 23231 536 10 0.499907 0.438569 0.0613377 28 9 18 3
23785 23194 591 32 0.599927 0.527335 0.0725926 28 11 13 4
23941 23333 608 31 0.799963 0.724984 0.0749789 29 6 10 1
24350 23847 503 14 0.0999732 0.0423574 0.0576158 23 16 21 13
24403 24250 153 6 0.299906 0.282393 0.0175132 28 10 16 8
24431 24083 348 28 0.399911 0.357014 0.0428972 29 10 17 5
24446 23841 605 39 0.899819 0.826682 0.0731368 29 9 8 2
24512 24355 157 7 0.399956 0.382695 0.0172611 32 6 22 4
24607 24240 367 22 0.299902 0.256272 0.0436299 31 8 21 7
24854 24342 512 13 0.399906 0.341985 0.0579204 30 6 22 3
24879 24389 490 1 0.599988 0.543684 0.056304 30 8 18 3
25175 24869 306 16 0.699911 0.662241 0.0376706 29 7 10 2
25760 25546 214 9 0.199997 0.172709 0.0272875 29 8 24 5
25800 25516 284 0 0.399981 0.367874 0.0321072 29 9 18 6
25828 25280 548 29 0.699914 0.636853 0.0630603 30 8 13 2
25876 25458 418 15 0.299949 0.249914 0.0500351 27 9 20 9
25906 25329 577 19 0.499929 0.427524 0.0724044 26 12 17 7
26128 25895 233 36 0.799906 0.773252 0.0266534 28 9 6 1
26184 25683 501 4 0.399924 0.340401 0.0595238 32 5 24 3
26353 25437 916 26 0.199906 0.0878849 0.112021 27 9 21 7
26689 26408 281 20 0.499952 0.462909 0.0370429 29 8 18 7
26759 26436 323 8 0.299967 0.260226 0.0397413 28 7 22 3
26850 26160 690 33 0.0999224 0.0185843 0.0813381 29 9 22 6
27254 26938 316 30 0.599906 0.560203 0.0397029 31 8 20 1
27256 26945 311 38 0.399789 0.360187 0.0396016 26 10 15 10
27311 27060 251 18 0.299892 0.268331 0.0315611 31 8 21 5
27543 27343 200 23 0.699908 0.675232 0.024676 27 12 12 4
27746 27389 357 5 0.499893 0.458767 0.0411258 22 16 13 8
28317 27722 595 39 0.699903 0.63105 0.068853 31 7 12 2
28329 28017 312 12 0.699995 0.662635 0.0373606 28 10 11 3
28552 28132 420 27 0.299981 0.245467 0.0545146 30 9 17 5
28558 27724 834 3 0.499982 0.397032 0.10295 33 4 22 1
28568 28037 531 2 0.599943 0.53796 0.0619835 24 9 12 5
28605 28429 176 31 0.599897 0.576929 0.0229681 33 3 17 2
28618 28392 226 25 0.199906 0.170059 0.0298462 26 12 16 7
29024 28285 739 37 0.399915 0.311746 0.088169 28 11 19 6
29050 28767 283 21 0.399939 0.364908 0.0350316 25 11 14 7
29456 28995 461 32 0.599938 0.547387 0.0525509 31 8 11 4
29717 29303 414 1 0.699905 0.650853 0.0490525 28 10 11 4
