1405 723 682 32 0.89992 0.815242 0.0846778 5 0 5 0
1477 755 722 26 0.899952 0.81333 0.0866222 5 1 5 1
1754 1590 164 20 0.799953 0.780011 0.0199415 12 0 12 0
1785 1551 234 23 0.799916 0.770818 0.0290972 11 2 11 2
1986 1627 359 16 0.799948 0.752677 0.0472711 11 0 11 0
1993 1654 339 35 0.799941 0.759266 0.0406748 15 0 15 0
2057 1662 395 38 0.79992 0.747626 0.0522942 10 0 10 0
2804 2467 337 30 0.699926 0.662081 0.0378443 15 1 15 1
2871 2469 402 4 0.699777 0.654975 0.0448022 16 2 16 2
2888 2475 413 22 0.699933 0.653562 0.0463708 15 0 15 0
2895 2550 345 36 0.699955 0.660673 0.0392818 23 0 23 0
2923 2512 411 3 0.699899 0.654098 0.045801 16 0 16 0
2924 2420 504 11 0.699951 0.642298 0.0576526 12 1 12 1
3131 2540 591 39 0.699906 0.630054 0.0698522 17 0 17 0
3160 2498 662 12 0.699951 0.622034 0.0779177 19 0 19 0
3232 2510 722 33 0.699911 0.611403 0.0885087 13 3 13 3
3287 2482 805 28 0.699916 0.603447 0.0964699 19 1 19 1
3458 3230 228 7 0.599901 0.570712 0.0291891 18 3 18 3
3477 3393 84 1 0.599781 0.589261 0.0105202 19 3 19 6
3532 3225 307 14 0.599989 0.560157 0.0398319 12 6 12 6
3659 3169 490 8 0.599988 0.542391 0.0575968 23 1 23 1
3734 3238 496 5 0.599903 0.53889 0.0610129 21 1 21 1
3807 3414 393 6 0.599967 0.554061 0.0459054 19 3 19 3
4279 4183 96 34 0.499983 0.488546 0.0114368 29 1 29 1
4403 3852 551 16 0.89993 0.833738 0.0661918 13 0 3 0
4507 4108 399 31 0.499938 0.452067 0.047871 16 2 16 2
4623 3969 654 9 0.499996 0.421769 0.0782267 19 0 19 0
4624 4178 446 29 0.499942 0.449117 0.0508245 21 1 21 1
4687 4115 572 0 0.499934 0.434713 0.0652208 22 2 22 2
4773 4198 575 15 0.499928 0.43135 0.0685781 22 3 22 3
4916 4161 755 13 0.499913 0.405076 0.0948372 25 4 25 4
5323 4864 459 10 0.399848 0.34594 0.0539082 12 6 12 6
5328 5034 294 24 0.399926 0.365168 0.0347581 19 6 19 6
5343 5007 336 37 0.399937 0.360728 0.0392093 18 8 18 8
5348 4964 384 25 0.399993 0.355151 0.0448418 23 4 23 4
5573 4962 611 2 0.399973 0.323188 0.0767852 15 8 15 8
5619 5328 291 23 0.699991 0.666505 0.0334857 16 4 9 2
5859 5760 99 19 0.299923 0.285552 0.0143719 25 7 25 7
5935 5769 166 17 0.299884 0.276204 0.0236792 22 6 22 6
7014 6511 503 38 0.599931 0.54139 0.0585412 21 4 16 4
7123 6513 610 26 0.499954 0.429271 0.0706829 21 4 16 3
7209 6792 417 22 0.69989 0.648324 0.0515666 22 3 10 3
7251 6698 553 27 0.199959 0.135391 0.0645684 23 4 23 4
7374 6670 704 21 0.199911 0.108846 0.0910651 19 5 19 5
7446 6691 755 18 0.199897 0.0960442 0.103852 25 4 25 4
7599 7237 362 35 0.499992 0.455079 0.0449133 22 9 15 9
7652 7357 295 33 0.699953 0.663779 0.0361749 17 5 10 3
7830 7572 258 4 0.599943 0.570706 0.0292365 23 4 13 4
8157 7756 401 20 0.399948 0.354011 0.0459371 21 7 15 7
8347 7764 583 36 0.599847 0.529688 0.0701593 20 5 6 5
8763 8047 716 39 0.599934 0.516229 0.0837054 23 4 11 4
9084 8593 491 3 0.499993 0.441454 0.0585382 23 7 17 7
9325 8981 344 6 0.599904 0.558679 0.0412253 24 5 15 2
9453 9006 447 32 0.199995 0.147183 0.0528116 13 11 12 11
9750 9159 591 28 0.499962 0.424976 0.0749856 22 12 13 12
9891 9275 616 30 0.399954 0.325212 0.0747416 26 3 21 2
9998 9750 248 34 0.599951 0.571378 0.0285731 28 5 10 4
10017 9407 610 1 0.499978 0.423487 0.076491 28 3 21 2
10151 9479 672 11 0.399939 0.324478 0.0754607 19 9 15 9
10383 9796 587 8 0.49994 0.430255 0.0696842 26 7 18 6
10584 10457 127 4 0.899923 0.883184 0.0167386 26 3 4 0
10634 10290 344 29 0.599974 0.558395 0.0415781 25 6 12 6
11125 10553 572 10 0.699966 0.632262 0.0677032 18 6 10 3
11300 11022 278 31 0.4999 0.464906 0.0349933 24 9 17 7
11761 11380 381 15 0.499965 0.457207 0.0427577 26 7 18 5
11793 11288 505 14 0.299956 0.240821 0.0591344 25 6 20 4
11826 11283 543 0 0.499981 0.434129 0.0658515 30 4 17 3
12067 11612 455 12 0.199928 0.146467 0.0534611 26 9 24 9
12262 11595 667 5 0.299915 0.221436 0.078479 24 9 18 9
12339 12255 84 25 0.499924 0.490693 0.00923111 31 5 19 3
12607 12050 557 23 0.399992 0.336539 0.0634528 29 6 24 5
12642 12536 106 13 0.399894 0.388243 0.0116511 29 5 17 5
12650 12217 433 19 0.599938 0.547847 0.052091 26 9 14 6
12768 12042 726 7 0.199986 0.113041 0.0869447 28 7 23 5
12840 12396 444 27 0.799904 0.750052 0.0498525 26 5 9 2
13112 13059 53 3 0.79995 0.792705 0.00724453 24 9 8 4
13166 13013 153 24 0.399932 0.379239 0.0206926 25 6 17 5
13299 13141 158 38 0.499967 0.479898 0.020069 23 9 15 6
13351 12687 664 16 0.0999426 0.0190574 0.0808852 26 7 23 7
13461 12886 575 22 0.499965 0.429158 0.0708072 33 4 20 4
13684 13624 60 36 0.599939 0.59054 0.00939902 25 9 20 6
14213 13915 298 9 0.199979 0.160841 0.0391386 26 8 20 8
14264 14168 96 33 0.399942 0.386409 0.0135327 24 6 15 4
14530 14427 103 21 0.599919 0.587106 0.0128134 22 5 10 4
14834 14245 589 20 0.599993 0.531922 0.0680714 25 8 14 3
14895 14614 281 28 0.699906 0.666238 0.0336677 23 15 13 7
15103 14566 537 26 0.399898 0.335744 0.0641536 30 6 23 6
15287 14995 292 29 0.699913 0.664144 0.0357692 25 9 12 7
15426 14905 521 35 0.39985 0.337277 0.0625725 27 9 20 5
15429 14894 535 37 0.199886 0.134515 0.0653716 24 13 16 9
15439 15386 53 6 0.499954 0.493207 0.00674734 25 11 11 9
15439 14893 546 17 0.299966 0.234661 0.0653047 24 12 14 9
15626 15187 439 2 0.199976 0.146579 0.0533971 26 8 21 5
16135 16054 81 30 0.599957 0.589097 0.0108597 26 6 15 5
16153 15698 455 1 0.599948 0.54934 0.0506082 33 5 17 3
16339 16044 295 10 0.59995 0.56503 0.0349202 19 13 13 9
16401 16273 128 18 0.399956 0.381495 0.0184605 27 8 15 8
16433 16158 275 8 0.599925 0.562387 0.0375387 27 8 14 3
16692 16154 538 4 0.399938 0.329129 0.0708093 32 2 17 1
16804 15479 1325 32 0.7 0.544084 0.155916 20 12 12 3
17307 16687 620 0 0.699992 0.621252 0.0787398 24 13 12 10
17331 17272 59 27 0.599934 0.589943 0.00999116 31 4 11 3
17598 17543 55 39 0.199947 0.192319 0.00762804 29 4 22 3
18002 17227 775 11 0.49996 0.4028 0.0971599 23 10 14 3
18431 18160 271 12 0.699983 0.667513 0.0324707 27 8 7 2
18438 17347 1091 3 0.599914 0.443177 0.156737 25 9 12 3
18642 18317 325 24 0.699924 0.657386 0.0425371 24 9 9 6
18860 18673 187 36 0.599964 0.575278 0.0246865 25 10 9 4
19063 18789 274 21 0.699994 0.668834 0.0311598 23 8 7 3
19354 18637 717 31 0.399838 0.315096 0.0847422 22 14 10 11
19502 19140 362 14 0.499986 0.454708 0.045278 26 10 17 8
19786 19087 699 15 0.399981 0.320319 0.079662 30 7 19 3
19830 18999 831 10 0.9 0.795388 0.104612 19 13 4 1
19994 19523 471 25 0.39999 0.346302 0.0536883 32 6 17 5
20084 19751 333 7 0.599992 0.560703 0.039289 26 12 13 9
20243 19479 764 34 0.099901 0.00421679 0.0956842 34 5 30 5
20405 20237 168 26 0.699917 0.677643 0.0222735 28 9 9 3
20462 20032 430 6 0.699958 0.643849 0.0561097 26 11 10 3
20902 20808 94 8 0.699942 0.68893 0.0110129 29 7 16 1
21062 20584 478 38 0.3999 0.346825 0.0530751 29 8 25 4
21141 20533 608 5 0.399948 0.32581 0.0741386 24 12 19 8
21404 20869 535 30 0.599925 0.536344 0.0635815 24 11 9 6
21456 21100 356 33 0.499985 0.458391 0.0415941 29 6 17 3
21494 21308 186 32 0.699903 0.676085 0.0238173 25 11 11 4
21637 20946 691 22 0.399902 0.316693 0.0832088 28 10 14 8
21650 21404 246 28 0.399954 0.37115 0.0288041 23 15 15 12
21740 21512 228 35 0.599967 0.574896 0.0250711 31 6 12 2
21783 20989 794 29 0.499948 0.407838 0.0921098 24 10 14 7
21788 21513 275 12 0.799941 0.767117 0.0328237 29 8 8 1
21847 21442 405 1 0.599909 0.552091 0.0478185 34 4 13 2
22191 21932 259 9 0.499999 0.468409 0.0315898 30 7 21 4
22400 22135 265 19 0.0999239 0.0671323 0.0327916 26 13 20 13
22428 21788 640 13 0.199906 0.125152 0.0747543 28 10 22 8
22928 22811 117 17 0.49994 0.482318 0.0176222 28 10 21 6
23148 22668 480 20 0.2999 0.245111 0.0547892 28 9 19 4
23639 23138 501 16 0.299965 0.240768 0.0591976 26 11 17 10
23728 23312 416 3 0.699894 0.647609 0.0522854 29 8 13 3
23816 23062 754 23 0.0999169 0.0133132 0.0866037 31 7 21 6
24356 23689 667 4 0.499941 0.418944 0.0809967 26 11 14 11
24420 24051 369 36 0.599934 0.557256 0.0426783 22 14 7 8
24509 24018 491 27 0.39997 0.342181 0.0577894 25 13 14 11
24545 24127 418 37 0.399931 0.348356 0.051575 29 10 21 5
25360 24935 425 10 0.499921 0.449293 0.0506276 20 16 13 7
25744 25341 403 32 0.699987 0.651053 0.0489336 28 9 11 3
25746 24904 842 18 0.29992 0.19972 0.1002 29 9 22 6
25962 25880 82 2 0.199942 0.18754 0.0124025 27 10 20 8
25980 25604 376 0 0.199933 0.157263 0.0426703 28 11 21 9
26164 25937 227 14 0.499899 0.47082 0.0290795 28 9 12 4
26267 26088 179 25 0.599967 0.576003 0.023964 28 11 14 8
26453 26349 104 31 0.499994 0.487802 0.0121914 26 11 14 4
26621 26385 236 11 0.29996 0.270377 0.0295829 25 11 16 6
26655 25966 689 39 0.399993 0.312403 0.0875893 27 10 17 8
26701 26193 508 7 0.499956 0.441506 0.0584502 30 9 15 2
26710 26494 216 8 0.499963 0.47218 0.0277822 31 7 16 5
26791 25898 893 24 0.299948 0.187104 0.112844 27 10 20 4
26804 26704 100 15 0.499957 0.486628 0.0133294 30 8 16 5
27314 27018 296 6 0.399945 0.366969 0.0329759 31 8 22 4
27346 26853 493 35 0.599935 0.539924 0.0600113 28 9 13 8
27642 27487 155 30 0.499894 0.480043 0.0198511 28 9 17 4
27757 27344 413 21 0.199899 0.151252 0.0486474 28 10 24 7
27831 27611 220 28 0.599909 0.575718 0.0241911 25 13 14 4
28203 27698 505 22 0.599904 0.538664 0.0612397 29 10 12 4
28280 27745 535 9 0.599923 0.538016 0.0619077 26 11 10 7
29038 28743 295 12 0.29996 0.263211 0.0367486 27 12 20 10
29121 28707 414 20 0.699997 0.653377 0.0466203 27 11 7 2
29122 28858 264 33 0.399902 0.36924 0.030662 30 7 18 3
29162 28935 227 38 0.399974 0.36839 0.0315842 27 11 15 10
29172 28876 296 1 0.399779 0.363961 0.0358177 31 7 15 4
29316 28640 676 34 0.499936 0.415236 0.0847004 29 10 13 8
29339 29182 157 29 0.399886 0.379213 0.0206732 24 13 13 9
29568 28838 730 36 0.699908 0.603985 0.0959228 28 9 13 2
29806 29501 305 26 0.0999641 0.0600903 0.0398739 26 12 21 8
