1394 787 607 33 0.899988 0.83104 0.0689472 6 0 6 0
1408 834 574 12 0.899932 0.831388 0.0685435 6 0 6 0
1454 785 669 8 0.899897 0.81848 0.0814163 5 0 5 0
1504 713 791 25 0.899798 0.800216 0.099582 5 0 5 0
1628 1574 54 20 0.79998 0.792142 0.00783824 8 1 8 1
1691 1579 112 27 0.799944 0.785409 0.0145354 9 0 9 0
1718 1611 107 2 0.799939 0.786215 0.0137244 12 2 12 2
1804 1645 159 31 0.799882 0.781173 0.0187087 11 2 11 2
1822 1620 202 28 0.799986 0.77265 0.0273366 16 1 16 1
1831 1636 195 18 0.799974 0.776135 0.0238392 13 1 13 1
1850 1523 327 7 0.79996 0.758347 0.0416126 9 0 9 0
1869 1627 242 35 0.799949 0.769638 0.0303113 16 0 16 0
1881 1586 295 21 0.799847 0.756896 0.0429508 7 0 7 0
2728 2518 210 9 0.69991 0.673432 0.0264771 13 0 13 0
2867 2459 408 24 0.699967 0.653986 0.0459811 14 3 14 3
2978 2419 559 0 0.699959 0.634457 0.0655026 12 2 12 2
3050 2463 587 11 0.699987 0.63005 0.0699364 20 3 20 3
3090 2443 647 1 0.699921 0.622592 0.0773299 14 3 14 3
3118 2550 568 36 0.699966 0.633183 0.0667825 14 2 14 2
3172 2451 721 34 0.69998 0.609325 0.0906546 7 0 7 0
3487 3328 159 13 0.599922 0.581974 0.0179481 21 2 21 2
3609 3326 283 5 0.599982 0.563772 0.0362097 17 3 17 3
3718 3394 324 4 0.59993 0.561542 0.0383879 14 1 14 1
3760 3385 375 32 0.599995 0.552638 0.0473571 16 5 16 5
3891 3326 565 17 0.599992 0.532963 0.0670297 23 2 23 2
3919 3374 545 10 0.599969 0.534675 0.0652942 20 1 20 1
3933 3348 585 39 0.599978 0.530174 0.0698037 15 4 15 2
4297 4124 173 23 0.499896 0.477439 0.0224561 16 6 16 6
4529 4094 435 38 0.499937 0.451217 0.0487199 17 3 17 3
4563 4140 423 6 0.499944 0.448632 0.0513119 18 5 18 5
4604 3921 683 8 0.799782 0.718951 0.0808306 9 2 5 2
4623 4103 520 16 0.499928 0.440142 0.0597859 24 1 24 1
4748 4218 530 37 0.499983 0.436575 0.0634086 20 6 20 6
5109 5015 94 30 0.3999 0.389569 0.0103311 19 5 19 5
5329 4990 339 3 0.399985 0.357367 0.0426187 16 10 16 10
5557 5023 534 15 0.399899 0.337674 0.0622252 20 6 20 6
5591 5052 539 22 0.399896 0.334356 0.0655402 17 2 17 2
6013 5909 104 29 0.299983 0.285857 0.0141266 20 7 21 7
6067 5518 549 1 0.89995 0.836706 0.0632435 16 3 2 0
6161 5752 409 26 0.299947 0.249504 0.0504428 20 3 20 3
6231 5938 293 14 0.299985 0.264435 0.0355498 19 4 19 4
6301 5417 884 7 0.699814 0.589075 0.110739 19 3 12 3
6313 5733 580 19 0.299951 0.235195 0.0647559 25 5 25 5
6595 6370 225 12 0.49998 0.471893 0.0280878 14 6 11 6
7024 6563 461 25 0.499994 0.445117 0.0548765 21 6 18 6
7265 7197 68 36 0.699982 0.691252 0.00872955 17 7 10 5
7298 6890 408 31 0.499961 0.450582 0.0493784 27 4 24 4
7547 7377 170 24 0.599962 0.578231 0.0217311 23 4 15 4
7900 7182 718 33 0.399994 0.316062 0.0839316 15 7 12 7
7997 7850 147 0 0.599908 0.581576 0.0183321 21 5 14 4
8035 7406 629 34 0.699962 0.628424 0.0715375 13 4 9 4
8100 7478 622 9 0.599977 0.528031 0.0719464 14 9 7 9
8244 8058 186 4 0.699949 0.674786 0.0251624 21 6 14 5
8385 8008 377 5 0.699936 0.655962 0.0439734 17 5 6 3
8613 8411 202 10 0.699887 0.67173 0.0281567 20 8 10 7
8691 8431 260 20 0.29994 0.270132 0.0298077 21 7 20 7
8698 8482 216 18 0.299922 0.271864 0.028058 26 7 23 7
8861 8631 230 28 0.299984 0.270029 0.0299552 19 14 16 13
8891 8545 346 27 0.299998 0.259981 0.0400175 24 1 22 1
8925 8472 453 1 0.799901 0.745319 0.0545817 22 1 11 1
9107 8462 645 2 0.299991 0.225283 0.0747079 31 4 26 4
9358 9206 152 39 0.599922 0.573513 0.0264087 21 11 14 10
9412 9294 118 6 0.699834 0.683832 0.0160018 19 8 10 4
9425 8946 479 11 0.499992 0.442407 0.0575846 28 3 16 3
9469 9068 401 32 0.599897 0.552544 0.0473527 20 5 12 1
9913 9489 424 16 0.699946 0.646971 0.0529753 27 2 10 2
10087 9692 395 35 0.199995 0.153044 0.046951 28 5 24 5
10345 9772 573 21 0.19989 0.131577 0.0683129 18 9 15 9
10767 10486 281 37 0.599951 0.565875 0.0340756 22 9 14 6
10776 10190 586 38 0.599975 0.531848 0.0681274 19 12 9 9
10829 10187 642 13 0.399921 0.323576 0.0763449 24 11 15 11
10976 10536 440 7 0.699993 0.646532 0.0534611 22 6 8 3
11045 10609 436 23 0.49999 0.44379 0.0562004 20 7 11 3
11323 10803 520 15 0.69995 0.642468 0.0574824 23 9 10 6
11826 11713 113 8 0.299922 0.282881 0.0170409 24 7 22 6
11960 11807 153 25 0.699854 0.67975 0.020104 30 4 14 2
12065 11507 558 29 0.699989 0.635362 0.0646279 25 7 13 2
12479 12243 236 0 0.699984 0.669533 0.0304516 24 7 11 4
12961 12650 311 17 0.199948 0.163933 0.0360154 29 6 17 6
12999 12680 319 30 0.399945 0.36183 0.0381152 25 7 17 4
13050 12942 108 4 0.599913 0.586497 0.0134162 26 10 15 8
13188 12558 630 22 0.499968 0.427495 0.0724732 21 5 14 5
13230 12622 608 26 0.599945 0.530143 0.0698023 23 4 16 3
13317 12579 738 9 0.699912 0.614234 0.0856777 23 7 13 4
13626 12927 699 34 0.599955 0.522272 0.0776821 18 8 11 6
13840 13201 639 5 0.599909 0.525531 0.0743785 22 10 13 5
14029 13657 372 36 0.399975 0.355167 0.0448077 25 10 18 6
14160 13891 269 12 0.399927 0.367237 0.0326891 17 15 11 12
14268 13531 737 14 0.499768 0.412605 0.0871623 20 7 11 7
14304 13925 379 3 0.299924 0.256692 0.0432322 27 9 20 4
14700 14245 455 24 0.399927 0.343199 0.0567282 27 9 19 8
14757 14179 578 7 0.799992 0.733425 0.0665663 29 6 11 2
14823 14196 627 1 0.499936 0.42682 0.0731166 25 7 17 6
14896 14447 449 39 0.59995 0.546737 0.0532129 25 12 15 5
14988 14891 97 6 0.49995 0.483025 0.0169242 20 12 14 8
14996 14712 284 31 0.399975 0.358774 0.0412006 29 7 14 6
15436 15152 284 19 0.299946 0.267791 0.0321551 29 6 15 3
15668 15363 305 15 0.699918 0.661319 0.0385994 27 8 14 4
15679 15080 599 37 0.699977 0.632807 0.0671696 24 8 12 2
15761 15136 625 10 0.399869 0.323019 0.0768498 26 9 18 7
15847 15176 671 18 0.59998 0.52245 0.0775296 29 7 11 3
15915 15262 653 29 0.799896 0.725691 0.0742048 24 9 6 2
16141 15520 621 32 0.499898 0.423943 0.0759554 24 8 16 6
16166 15926 240 11 0.499924 0.469024 0.0308998 29 6 15 5
16614 16134 480 28 0.499986 0.44105 0.0589361 23 14 14 6
16796 16437 359 21 0.699972 0.657098 0.042874 20 10 10 3
17181 16708 473 23 0.599974 0.542241 0.0577329 22 11 13 6
17405 16977 428 38 0.499989 0.450904 0.0490857 29 6 18 2
17624 16927 697 27 0.399958 0.311089 0.088869 28 4 15 3
18213 18111 102 0 0.499998 0.48738 0.0126172 30 7 17 4
18795 18141 654 16 0.199975 0.121398 0.0785769 28 8 21 7
18827 18314 513 5 0.699958 0.642236 0.0577212 26 11 11 3
18858 18329 529 25 0.399901 0.337497 0.0624037 25 13 18 12
18863 18808 55 6 0.79993 0.789845 0.0100853 20 14 6 2
18890 18384 506 33 0.099977 0.0429961 0.0569809 25 10 22 8
19081 18735 346 22 0.599893 0.55911 0.040783 24 7 12 4
19116 18538 578 26 0.599895 0.533599 0.0662952 27 6 12 3
19472 19332 140 20 0.0999392 0.0841099 0.0158293 26 8 19 7
19602 19030 572 4 0.49994 0.432286 0.0676545 29 7 13 4
19654 19338 316 39 0.699932 0.662002 0.0379299 27 10 10 5
19870 19263 607 12 0.699999 0.626983 0.0730167 22 15 11 5
20015 19884 131 24 0.699943 0.681874 0.0180688 27 10 9 5
20078 19611 467 15 0.699974 0.64483 0.055144 29 8 14 1
20277 19909 368 2 0.099978 0.0544029 0.0455751 33 5 22 4
20402 19940 462 30 0.499978 0.445357 0.054621 27 9 16 4
20412 19805 607 17 0.599908 0.530459 0.0694492 28 7 11 3
20434 19819 615 8 0.399982 0.328517 0.0714657 31 6 20 2
20567 19998 569 36 0.599915 0.532837 0.0670783 29 9 12 4
20673 20054 619 11 0.799931 0.725722 0.0742096 28 8 9 2
20680 19735 945 1 0.699853 0.582627 0.117226 31 4 14 1
21017 20655 362 34 0.39995 0.357255 0.042695 26 10 20 6
21324 20975 349 9 0.299901 0.259108 0.0407937 21 18 13 13
21405 20919 486 7 0.399892 0.340512 0.0593798 29 9 14 7
21628 21211 417 18 0.59993 0.551611 0.0483192 28 10 12 4
21643 21137 506 35 0.0999125 0.0409408 0.0589717 31 7 27 7
21673 21428 245 37 0.499924 0.470091 0.0298331 27 9 15 3
21708 21596 112 3 0.499901 0.485238 0.0146628 28 9 16 4
21779 21199 580 13 0.0998972 0.0248796 0.0750176 22 16 16 12
21825 21031 794 10 0.699944 0.592495 0.107449 29 9 13 3
21881 21408 473 6 0.799895 0.744155 0.05574 25 10 11 3
22208 22146 62 29 0.399917 0.389944 0.00997288 26 12 19 8
22385 22326 59 28 0.599898 0.591046 0.00885226 24 14 12 7
23046 22472 574 23 0.599956 0.532924 0.0670317 27 11 14 6
23528 23233 295 15 0.799961 0.766638 0.0333226 28 9 11 2
23615 23409 206 14 0.199929 0.173186 0.0267432 27 8 20 6
23804 23217 587 21 0.399922 0.331466 0.0684557 23 11 16 7
23810 23510 300 32 0.399986 0.360443 0.0395428 29 7 15 5
24019 23574 445 19 0.399998 0.347969 0.0520286 28 9 15 6
24620 24456 164 31 0.199912 0.181169 0.0187428 27 12 22 11
25047 24933 114 25 0.599933 0.583167 0.0167658 29 9 10 4
25135 24617 518 6 0.799908 0.738213 0.0616944 26 10 10 4
25587 24920 667 28 0.899891 0.822205 0.0776857 27 11 4 0
25652 25152 500 22 0.499992 0.442223 0.0577696 23 8 14 7
25760 25397 363 5 0.399942 0.356705 0.0432368 30 9 16 5
26453 25837 616 2 0.799804 0.72725 0.0725542 31 7 9 4
27115 26909 206 26 0.299871 0.27331 0.0265611 30 8 22 7
27354 27231 123 3 0.599973 0.586016 0.0139571 35 4 17 2
27681 27369 312 38 0.0999471 0.0649052 0.035042 32 7 23 6
27683 27086 597 34 0.599923 0.531633 0.0682902 30 8 11 1
27720 27599 121 16 0.399894 0.383665 0.0162288 33 4 20 2
27773 27715 58 33 0.399996 0.391152 0.00884412 27 9 12 4
27777 27241 536 35 0.799898 0.737684 0.0622141 34 4 7 1
27797 27379 418 24 0.299942 0.252941 0.0470005 35 3 28 2
27956 27237 719 12 0.299901 0.21665 0.0832501 30 8 19 6
28014 27869 145 39 0.199954 0.180334 0.0196208 28 10 21 6
28158 27650 508 36 0.399906 0.341249 0.058657 34 4 23 3
28159 27683 476 10 0.4999 0.445975 0.0539255 27 11 17 8
28264 27924 340 0 0.0999671 0.0583538 0.0416133 29 10 22 8
28349 27816 533 11 0.299987 0.237439 0.0625475 33 5 21 3
28383 28125 258 37 0.499963 0.465723 0.03424 32 6 21 1
28429 27729 700 18 0.499923 0.41241 0.0875133 31 7 20 2
28595 28044 551 29 0.599954 0.533972 0.065982 28 11 14 3
28670 28558 112 30 0.299915 0.284164 0.0157518 24 14 19 10
28815 28618 197 4 0.199999 0.174588 0.0254111 26 12 18 8
28817 28055 762 27 0.0999848 0.0115526 0.0884323 28 10 20 8
28866 28440 426 17 0.299913 0.25177 0.0481432 32 7 25 5
28892 28348 544 20 0.399966 0.336908 0.0630578 25 14 12 8
29021 28390 631 7 0.499991 0.424165 0.0758255 31 8 20 4
29519 29280 239 19 0.69986 0.669236 0.0306239 30 7 6 1
29629 29133 496 8 0.299936 0.240654 0.0592824 31 6 20 3
29647 29062 585 1 0.199988 0.133295 0.0666938 29 10 22 8
29841 29195 646 23 0.499984 0.427966 0.0720181 30 8 14 3
