1348 800 548 26 0.899945 0.839502 0.0604422 9 0 9 0
1574 795 779 24 0.899896 0.806134 0.0937622 9 0 9 0
1678 1598 80 37 0.799867 0.789941 0.00992632 14 1 14 1
1680 1607 73 3 0.799854 0.789705 0.0101496 13 1 13 1
1711 1590 121 9 0.799821 0.784043 0.0157775 15 0 15 0
1738 1635 103 35 0.799998 0.786226 0.0137716 11 1 11 1
1778 1551 227 22 0.799929 0.771064 0.0288646 13 4 13 2
1807 1611 196 1 0.799927 0.774208 0.0257184 15 1 15 1
2016 1686 330 2 0.799896 0.758425 0.0414705 14 0 14 0
2937 2509 428 28 0.699971 0.647683 0.0522876 16 0 16 0
2997 2565 432 7 0.699988 0.650994 0.048994 14 1 14 1
3121 2546 575 19 0.69991 0.634663 0.0652468 19 3 20 2
3273 3215 58 21 0.599919 0.592262 0.00765695 19 3 19 3
3370 3246 124 25 0.599994 0.583194 0.0168005 17 1 17 1
3434 2554 880 16 0.699891 0.596453 0.103438 13 4 13 4
3455 3206 249 30 0.599969 0.569587 0.0303818 21 4 21 4
3520 3401 119 39 0.599925 0.58675 0.0131747 16 1 16 1
3658 3414 244 15 0.599946 0.571963 0.0279831 16 0 16 0
3666 3304 362 18 0.59995 0.55536 0.0445895 15 1 15 1
3668 3273 395 36 0.599921 0.553485 0.0464358 19 4 19 3
3684 3308 376 5 0.599981 0.550166 0.0498149 16 1 16 1
3741 3238 503 32 0.599976 0.541816 0.0581606 20 3 19 1
3871 3189 682 10 0.599896 0.517112 0.0827834 21 2 21 2
3903 3381 522 27 0.599905 0.536137 0.0637682 18 1 18 1
4209 4123 86 13 0.499991 0.488046 0.0119448 16 8 16 8
4249 4119 130 14 0.499975 0.483361 0.0166144 19 2 19 2
4301 4070 231 17 0.499992 0.470753 0.0292393 22 6 22 6
4389 4260 129 8 0.499891 0.483957 0.0159332 17 3 17 3
4482 4264 218 6 0.499903 0.47298 0.0269229 19 4 19 4
4635 4105 530 0 0.499979 0.436864 0.0631148 22 2 22 2
5267 4891 376 12 0.399943 0.355843 0.0441002 18 7 18 7
5345 4945 400 11 0.399929 0.351702 0.0482279 17 6 17 6
5425 4221 1204 34 0.499928 0.360327 0.1396 15 4 16 4
5531 5030 501 23 0.399978 0.335743 0.0642346 18 2 18 2
5597 4719 878 2 0.799854 0.68497 0.114884 14 1 4 1
5772 5148 624 31 0.399976 0.327802 0.0721742 15 3 15 3
5866 5265 601 28 0.899906 0.828383 0.0715234 16 0 1 0
5999 5764 235 24 0.599893 0.570988 0.0289046 16 11 13 11
6197 4964 1233 4 0.399906 0.259121 0.140786 13 7 13 7
6297 5905 392 33 0.299968 0.253064 0.0469041 25 4 25 4
6332 5819 513 38 0.299953 0.236579 0.063374 23 6 23 6
6738 6134 604 1 0.599905 0.525325 0.0745793 24 3 15 3
7093 6844 249 20 0.199872 0.170852 0.0290199 23 4 23 4
7205 6657 548 29 0.199984 0.13045 0.0695344 25 5 25 5
7319 6682 637 25 0.79995 0.727383 0.072567 22 6 12 5
7712 6992 720 26 0.39997 0.315588 0.0843822 21 7 21 7
8176 7723 453 9 0.399919 0.345698 0.0542206 25 5 22 5
8199 7624 575 37 0.399901 0.331672 0.0682294 25 3 18 3
8311 7775 536 35 0.399979 0.338485 0.0614941 23 9 21 8
8369 8199 170 32 0.69991 0.677382 0.0225284 23 3 10 1
8509 8434 75 3 0.299946 0.289901 0.010045 14 12 13 12
8739 8366 373 16 0.599995 0.555701 0.0442947 21 9 13 8
8898 8827 71 36 0.599961 0.589938 0.0100236 21 11 12 10
9026 8670 356 22 0.299923 0.256079 0.043844 23 9 19 8
9156 8867 289 15 0.599982 0.565283 0.0346989 21 7 10 7
9239 8660 579 7 0.499968 0.433774 0.0661936 20 8 13 7
9516 9293 223 10 0.599989 0.574992 0.0249971 24 3 12 2
9669 9522 147 30 0.499953 0.481783 0.0181704 25 8 15 7
9871 9490 381 2 0.69993 0.654287 0.0456427 23 1 11 0
10097 9804 293 5 0.499997 0.462795 0.0372019 28 3 16 2
10169 9857 312 14 0.599933 0.563759 0.0361743 27 6 18 4
10385 10048 337 21 0.399914 0.359554 0.0403601 22 9 15 8
10595 10539 56 19 0.299983 0.292025 0.00795747 19 14 15 13
10858 10094 764 28 0.599926 0.508348 0.0915788 19 9 12 9
11389 10914 475 6 0.499969 0.444094 0.0558758 27 3 19 1
11803 11189 614 0 0.499934 0.428315 0.0716186 28 6 19 5
12166 11394 772 13 0.399933 0.308462 0.0914705 24 9 17 7
12438 12152 286 1 0.599914 0.562668 0.0372458 26 7 15 5
12665 12592 73 17 0.299919 0.291849 0.00806993 23 14 16 11
12708 12210 498 18 0.199941 0.144547 0.055394 29 4 24 4
12762 12518 244 8 0.299947 0.270201 0.029746 27 8 22 6
12953 12617 336 27 0.199921 0.160316 0.0396046 25 9 21 9
13198 12706 492 35 0.799928 0.740355 0.0595729 27 7 8 0
13243 12955 288 20 0.699985 0.664083 0.0359021 26 7 11 3
13256 12676 580 25 0.499951 0.427 0.0729508 30 4 20 3
13527 12910 617 39 0.0999648 0.0290874 0.0708773 24 9 21 9
13799 13116 683 36 0.699905 0.615886 0.0840186 25 9 16 3
13803 13629 174 31 0.399985 0.379927 0.0200577 24 6 19 4
13838 13118 720 16 0.69994 0.61652 0.08342 25 7 11 2
14040 13910 130 26 0.599873 0.582055 0.017818 24 11 16 8
14114 13912 202 32 0.499921 0.47412 0.0258009 26 7 16 6
14236 13976 260 11 0.299951 0.267406 0.0325459 29 4 25 2
14267 13941 326 12 0.299997 0.261763 0.0382337 29 8 20 4
14331 13788 543 10 0.699845 0.633495 0.0663497 29 1 13 1
14885 14565 320 38 0.399948 0.363808 0.0361394 28 8 20 7
14911 14401 510 33 0.399929 0.336357 0.0635725 26 10 18 10
14924 14385 539 4 0.399948 0.338148 0.0617996 25 5 19 1
15201 14673 528 22 0.699983 0.638779 0.0612045 22 12 9 3
15329 15085 244 23 0.199957 0.172148 0.0278096 28 5 25 5
15547 15405 142 29 0.399908 0.38369 0.0162179 27 5 16 3
15729 15010 719 34 0.199949 0.111745 0.0882037 23 7 19 7
15744 15285 459 30 0.599976 0.543544 0.0564318 20 15 9 11
15789 15397 392 24 0.0999149 0.0547569 0.045158 23 14 19 11
16527 16242 285 14 0.499893 0.466292 0.0336014 26 10 16 6
16617 16007 610 9 0.399892 0.327749 0.0721424 31 4 22 3
16661 16061 600 37 0.399951 0.326022 0.0739294 25 9 16 8
16833 16616 217 5 0.49999 0.472983 0.0270075 33 3 15 3
17081 16643 438 7 0.39998 0.344747 0.0552324 27 10 16 6
17156 16362 794 2 0.399952 0.304786 0.095166 17 13 8 12
17173 17043 130 6 0.599911 0.580082 0.0198286 31 5 18 3
17279 16159 1120 15 0.39989 0.26909 0.1308 23 12 13 11
18223 17687 536 35 0.599906 0.537897 0.0620085 27 9 9 4
18439 17872 567 28 0.399969 0.334641 0.0653279 27 8 19 4
18493 17954 539 16 0.699991 0.638379 0.0616115 24 10 9 7
18514 18048 466 11 0.899995 0.84311 0.0568849 29 4 3 0
18658 18319 339 26 0.699921 0.658571 0.04135 25 10 10 3
18705 18627 78 19 0.399988 0.389495 0.0104939 20 14 10 7
18725 18106 619 20 0.599906 0.521843 0.0780631 26 8 13 6
18879 18498 381 1 0.499975 0.457904 0.0420709 31 7 16 3
19026 18407 619 10 0.69991 0.629337 0.0705731 29 3 8 2
19497 19081 416 3 0.0999788 0.0460483 0.0539304 23 10 21 8
19612 19114 498 0 0.399963 0.336155 0.0638089 29 8 18 7
20076 19801 275 17 0.499962 0.463254 0.0367081 27 10 17 5
20263 19881 382 25 0.49993 0.454501 0.0454292 27 11 15 11
20304 19569 735 32 0.599913 0.512586 0.0873273 28 8 11 4
20306 19684 622 31 0.599953 0.526414 0.0735395 29 6 12 4
20314 20128 186 8 0.499945 0.47557 0.0243752 26 10 13 5
20318 19986 332 13 0.399927 0.363565 0.0363626 30 9 22 4
20369 19908 461 21 0.19992 0.143548 0.056372 21 15 16 10
20845 20482 363 18 0.499907 0.456692 0.0432147 23 13 11 11
20959 20695 264 5 0.799992 0.767176 0.0328158 31 5 8 3
21493 20983 510 22 0.499792 0.441639 0.058152 23 13 15 9
21519 21043 476 30 0.599898 0.543739 0.0561589 21 14 10 5
21692 21388 304 6 0.699973 0.66279 0.0371832 31 6 11 3
21969 21916 53 4 0.499911 0.491359 0.00855117 23 14 17 12
22264 21869 395 34 0.699999 0.653128 0.046871 25 10 8 6
22407 22330 77 27 0.299988 0.289052 0.010936 30 8 20 4
22521 21785 736 39 0.499908 0.411835 0.0880723 32 3 19 1
22977 22819 158 37 0.59993 0.579893 0.0200379 27 9 13 6
22992 22642 350 26 0.699921 0.65753 0.0423912 26 9 12 3
23039 22957 82 14 0.499926 0.489135 0.0107918 27 11 15 6
23070 22696 374 33 0.399989 0.353905 0.0460841 28 10 18 5
23076 22421 655 29 0.49995 0.41823 0.0817199 25 12 15 8
23076 22697 379 38 0.399948 0.350343 0.049605 28 10 18 7
23573 22827 746 15 0.699948 0.60993 0.0900186 27 10 13 2
23582 23121 461 36 0.099909 0.0429645 0.0569445 28 11 24 7
23825 23389 436 16 0.599997 0.550213 0.0497838 25 11 13 4
23999 23219 780 20 0.699924 0.603998 0.0959261 28 9 14 2
24344 24212 132 2 0.499935 0.485393 0.0145429 25 7 18 2
24433 24140 293 12 0.199959 0.163438 0.0365212 30 9 22 8
24554 24045 509 7 0.499912 0.443014 0.0568983 28 10 16 5
24921 24370 551 9 0.399891 0.333688 0.0662022 29 8 17 6
25270 24807 463 6 0.799944 0.743239 0.0567057 31 6 8 3
25349 25006 343 11 0.299926 0.257298 0.0426284 20 18 14 16
25375 25255 120 5 0.59989 0.583552 0.0163384 25 11 14 8
25712 23740 1972 28 0.699894 0.312817 0.387077 27 9 11 2
25718 25610 108 21 0.799943 0.785855 0.0140874 22 15 8 4
25812 25499 313 22 0.79993 0.76289 0.0370395 24 14 7 3
25912 25437 475 1 0.499904 0.441719 0.0581851 33 5 13 2
26239 25525 714 13 0.699821 0.613912 0.0859086 29 10 8 3
26261 25670 591 31 0.599965 0.534843 0.0651223 27 8 13 8
26547 26011 536 3 0.699962 0.635899 0.0640634 24 11 9 5
26571 26230 341 23 0.0999942 0.0584853 0.0415088 26 12 23 11
26587 25687 900 17 0.59999 0.49987 0.10012 30 8 13 2
26769 26639 130 0 0.499932 0.482671 0.0172619 24 13 12 7
26939 26383 556 10 0.299962 0.226754 0.0732075 28 9 21 9
27232 26609 623 38 0.899981 0.827794 0.0721865 28 10 1 0
27381 27067 314 34 0.599996 0.560892 0.0391039 27 10 14 5
27458 27093 365 35 0.199975 0.157856 0.0421196 30 8 15 4
27560 26954 606 27 0.799958 0.731604 0.0683539 31 7 10 1
27568 27422 146 8 0.399974 0.377867 0.0221073 30 8 17 3
27812 27436 376 24 0.0999971 0.0536341 0.0463631 27 12 23 9
28003 27298 705 19 0.299943 0.212962 0.0869803 21 17 15 8
28346 28178 168 32 0.299916 0.277655 0.0222604 22 16 16 15
28350 28297 53 4 0.499797 0.491192 0.00860463 27 11 15 4
28424 28214 210 16 0.699935 0.672227 0.0277079 27 10 9 3
28562 27676 886 30 0.499975 0.369725 0.130251 23 13 12 7
29012 28334 678 18 0.399955 0.317629 0.0823258 25 12 11 5
29360 28625 735 14 0.599991 0.488006 0.111985 25 14 6 7
29798 29650 148 26 0.399936 0.383462 0.0164748 24 13 10 7
