1339 767 572 32 0.899918 0.837007 0.0629111 4 0 4 0
1402 820 582 9 0.899893 0.83142 0.068473 6 0 6 0
1403 856 547 13 0.899922 0.836724 0.0631975 5 0 5 0
1450 834 616 31 0.899916 0.82449 0.0754261 6 1 6 1
1454 760 694 34 0.899978 0.816509 0.0834693 7 3 7 1
1479 809 670 27 0.899991 0.816996 0.0829943 7 1 7 1
1513 750 763 4 0.899996 0.807754 0.0922419 10 0 10 0
1516 804 712 30 0.899813 0.815161 0.0846515 7 0 7 0
1625 815 810 10 0.899939 0.790327 0.109612 8 0 8 0
1726 1545 181 11 0.799936 0.772253 0.0276833 13 0 13 0
1778 1622 156 26 0.799981 0.779905 0.0200757 12 0 12 0
1897 1641 256 14 0.799995 0.767218 0.0327766 9 0 9 0
2126 1738 388 18 0.799972 0.752865 0.0471062 7 2 7 2
2986 2466 520 5 0.699979 0.638804 0.0611749 13 4 13 4
3017 2440 577 23 0.699958 0.63118 0.0687786 11 2 11 2
3040 2424 616 35 0.699978 0.625593 0.0743852 13 2 13 2
3049 2417 632 38 0.699954 0.627253 0.0727013 16 4 15 3
3116 2336 780 12 0.699913 0.60451 0.0954031 15 4 15 4
3206 2417 789 17 0.699892 0.603926 0.0959656 14 5 15 4
3371 3205 166 28 0.599902 0.578851 0.0210504 18 4 18 4
3394 3300 94 20 0.599891 0.588371 0.0115195 15 6 15 6
3686 3331 355 29 0.599967 0.556738 0.0432285 17 3 17 3
4051 3335 716 16 0.59994 0.512478 0.0874624 13 6 13 6
4357 4261 96 24 0.499996 0.48728 0.0127152 22 2 22 2
4463 3890 573 27 0.799984 0.734319 0.0656653 12 1 7 0
4522 4018 504 18 0.899972 0.840345 0.059627 11 1 6 0
4594 4127 467 22 0.499943 0.445788 0.0541558 21 6 21 6
4642 4224 418 15 0.499943 0.449695 0.0502476 21 2 21 2
4672 4157 515 6 0.499932 0.439519 0.060413 22 1 22 1
4706 4183 523 8 0.499954 0.435441 0.0645122 24 2 24 2
5044 4857 187 0 0.399902 0.377036 0.0228661 17 6 17 6
5134 5038 96 1 0.399919 0.388335 0.0115842 13 7 13 7
5155 4599 556 9 0.699953 0.635027 0.0649265 17 2 14 2
5156 4886 270 19 0.399993 0.365363 0.0346299 21 12 21 12
5172 4895 277 7 0.399807 0.364045 0.0357615 23 4 23 4
5197 4835 362 3 0.39999 0.354712 0.0452782 16 4 16 4
5273 4824 449 30 0.7 0.648978 0.0510216 17 3 14 3
5668 5079 589 39 0.399955 0.328724 0.0712306 19 7 19 7
5682 5434 248 13 0.599905 0.56997 0.0299347 16 2 13 2
6035 5943 92 36 0.270578 0.257655 0.0129236 24 1 24 1
6222 6080 142 11 0.599981 0.58161 0.0183713 24 2 15 2
6234 5780 454 25 0.299921 0.247358 0.0525636 19 6 19 6
6262 5920 342 33 0.299978 0.260179 0.0397984 29 3 29 3
6561 6377 184 34 0.499831 0.476374 0.0234565 15 8 13 7
6926 6787 139 18 0.799925 0.775764 0.0241608 17 4 9 3
7009 6825 184 37 0.199911 0.175858 0.0240534 24 7 25 7
7028 6630 398 2 0.199916 0.154536 0.0453802 22 7 22 7
7182 7056 126 5 0.699923 0.682552 0.0173712 15 12 11 10
7225 6680 545 21 0.199924 0.135315 0.0646091 25 5 25 5
7390 7265 125 29 0.799977 0.785572 0.0144046 19 3 7 3
7624 7224 400 17 0.699996 0.654329 0.045667 19 7 9 4
7626 7160 466 14 0.49992 0.447073 0.052847 17 6 13 6
7831 7526 305 10 0.399863 0.364293 0.0355701 22 8 20 8
8018 7594 424 20 0.699995 0.64703 0.0529657 15 14 8 11
8199 7880 319 26 0.399898 0.361619 0.038279 16 5 9 5
8287 8085 202 38 0.599972 0.575462 0.0245096 21 3 8 2
8478 7905 573 32 0.299989 0.232014 0.0679755 17 10 16 10
8608 8194 414 4 0.299944 0.250227 0.0497177 28 6 24 6
9084 8859 225 35 0.499991 0.473003 0.0269877 15 15 10 15
9290 8688 602 16 0.699909 0.628541 0.0713683 18 8 6 3
9431 8858 573 31 0.199911 0.135072 0.0648396 25 4 20 4
9605 9035 570 27 0.599923 0.534731 0.0651919 16 4 10 4
10122 9924 198 13 0.699907 0.677263 0.0226441 22 5 9 5
10170 10043 127 9 0.599987 0.583709 0.0162781 20 4 11 2
10334 9856 478 12 0.399914 0.343744 0.0561702 17 13 12 9
10448 10391 57 6 0.599937 0.591878 0.00805897 24 6 12 6
10717 10321 396 15 0.599931 0.552096 0.0478352 23 3 12 2
10803 10482 321 8 0.599956 0.562188 0.0377676 26 7 12 6
10876 10793 83 17 0.79993 0.788728 0.0112017 22 9 11 3
10903 10194 709 28 0.399987 0.319387 0.0806004 28 8 24 6
10958 10601 357 23 0.299977 0.259199 0.040778 20 9 18 7
11302 11047 255 19 0.599983 0.567849 0.0321342 20 17 12 11
11357 11119 238 22 0.499982 0.470691 0.0292917 23 10 15 8
11534 11195 339 7 0.599971 0.558716 0.041255 26 6 13 4
11713 11636 77 36 0.699964 0.688849 0.0111146 27 4 12 3
11752 11699 53 29 0.584293 0.575438 0.00885502 21 8 12 7
12117 11809 308 33 0.699903 0.665637 0.0342658 28 6 9 5
12162 12109 53 34 0.599991 0.593565 0.00642643 22 7 13 4
12173 11666 507 24 0.39992 0.339946 0.0599738 25 7 12 6
12297 11933 364 0 0.499895 0.458016 0.0418786 25 5 21 2
12426 12094 332 3 0.499925 0.460539 0.0393865 25 6 15 4
12603 12102 501 11 0.499925 0.440088 0.0598366 33 2 22 2
12710 12615 95 38 0.699933 0.689492 0.0104411 22 6 8 5
13184 12741 443 39 0.499944 0.448305 0.0516384 26 5 15 5
13190 12952 238 37 0.699944 0.669908 0.0300351 25 7 11 4
13335 12813 522 18 0.399987 0.336287 0.0637 22 10 17 10
13368 13024 344 10 0.699982 0.66039 0.0395919 24 9 11 3
13520 13425 95 26 0.699896 0.68834 0.0115559 22 5 14 2
13768 13481 287 25 0.499948 0.464683 0.0352646 24 10 18 6
14502 14136 366 14 0.499893 0.456018 0.0438747 15 14 11 9
14930 14280 650 5 0.299899 0.227089 0.0728105 22 15 16 10
14961 14486 475 30 0.0998414 0.0442591 0.0555822 27 10 25 9
15111 14918 193 4 0.599955 0.574642 0.0253129 26 10 15 6
15328 14514 814 1 0.19997 0.082694 0.117276 29 3 24 3
15663 15056 607 21 0.499929 0.428563 0.0713663 27 5 14 0
15866 15464 402 20 0.299949 0.252829 0.0471194 28 9 24 4
16095 15857 238 32 0.499945 0.470836 0.0291089 21 14 15 8
16105 16033 72 15 0.599953 0.590372 0.00958157 24 7 13 4
16205 15556 649 2 0.399918 0.323627 0.0762914 33 3 28 1
16286 15601 685 19 0.699931 0.622507 0.077424 24 13 13 3
16318 15917 401 16 0.399997 0.354842 0.0451551 26 9 20 4
16508 16212 296 9 0.499899 0.463633 0.0362662 30 4 16 2
16525 15973 552 17 0.499901 0.4324 0.0675003 29 6 17 2
16636 16509 127 12 0.599955 0.585261 0.0146941 21 11 12 2
16657 16424 233 6 0.499998 0.472716 0.0272817 30 4 17 2
16783 16680 103 27 0.399919 0.384903 0.0150164 23 12 16 10
16908 16295 613 35 0.399982 0.323139 0.0768431 26 9 20 4
17050 16330 720 36 0.599957 0.513623 0.086334 35 2 17 1
17167 16964 203 37 0.69997 0.673525 0.0264449 30 7 15 3
17309 17022 287 22 0.599971 0.565442 0.0345284 28 8 14 4
17354 16863 491 8 0.499976 0.443068 0.0569073 27 9 17 6
17552 17344 208 10 0.699999 0.675924 0.0240748 23 10 8 5
17567 17272 295 38 0.599913 0.56564 0.0342733 25 6 14 3
17610 17325 285 13 0.299902 0.260495 0.0394075 25 8 16 4
17611 17168 443 39 0.799948 0.746686 0.053262 27 4 8 0
17615 17077 538 28 0.599955 0.538359 0.0615959 28 9 15 4
17669 17174 495 31 0.49993 0.43972 0.0602096 33 5 24 5
17793 17669 124 29 0.499986 0.483884 0.0161019 24 10 16 7
18041 17581 460 7 0.499966 0.444037 0.0559286 31 7 18 5
18711 18560 151 33 0.399972 0.378563 0.0214093 27 10 16 9
18945 18720 225 0 0.499913 0.471048 0.0288658 25 11 17 8
19322 18856 466 34 0.399988 0.342547 0.0574415 22 12 9 11
19880 19180 700 11 0.499949 0.399371 0.100578 29 9 15 9
20376 20246 130 18 0.499945 0.485276 0.0146689 26 11 18 7
20672 20540 132 10 0.799971 0.782253 0.0177181 30 5 11 1
20717 19960 757 23 0.299918 0.212264 0.0876545 28 8 23 4
20721 20638 83 16 0.799842 0.790372 0.00947023 27 9 12 2
20750 20195 555 25 0.499929 0.432012 0.0679168 27 9 17 3
20864 20582 282 17 0.799892 0.76325 0.0366418 30 5 11 0
20883 20727 156 26 0.299901 0.277653 0.0222475 26 5 19 2
20885 20829 56 12 0.699902 0.691262 0.00864069 27 9 11 3
21051 20814 237 24 0.299939 0.271686 0.028254 28 9 20 5
21141 20553 588 21 0.699916 0.629663 0.0702534 29 6 11 3
21168 20557 611 35 0.899933 0.829909 0.070024 27 9 3 0
21570 21184 386 39 0.699997 0.65509 0.0449072 27 7 14 4
21995 21293 702 19 0.599945 0.516432 0.083513 23 16 11 6
22026 21560 466 29 0.799951 0.74452 0.0554307 25 9 12 3
22238 21861 377 37 0.599958 0.554516 0.0454417 33 5 14 4
22257 21750 507 15 0.499895 0.440337 0.0595573 31 4 17 3
22307 21901 406 27 0.699965 0.65208 0.0478846 24 12 8 4
22325 22268 57 3 0.0999781 0.093717 0.00626111 29 9 22 7
22389 21681 708 32 0.599945 0.515152 0.0847933 31 6 16 2
22497 22012 485 28 0.699952 0.643275 0.0566771 31 6 14 4
22649 22126 523 6 0.599935 0.535669 0.0642662 26 12 15 10
22663 22398 265 22 0.599945 0.569613 0.0303323 29 9 11 5
23173 23017 156 12 0.899966 0.882173 0.0177925 29 8 4 0
23362 22780 582 38 0.599957 0.533024 0.0669327 26 6 6 1
23643 23494 149 31 0.599976 0.5803 0.0196765 30 8 9 5
23690 23063 627 8 0.599926 0.528271 0.0716553 31 7 16 0
23751 23151 600 13 0.699901 0.628295 0.0716067 25 9 9 5
23781 23264 517 4 0.199978 0.139248 0.0607299 26 11 17 8
23914 23682 232 9 0.399991 0.370927 0.0290648 29 9 17 8
24193 23675 518 0 0.699847 0.639261 0.0605866 25 13 8 4
24262 23680 582 14 0.199924 0.131736 0.0681883 23 11 15 7
24633 24229 404 1 0.399904 0.353975 0.0459287 24 14 16 11
24643 24432 211 17 0.699964 0.6721 0.0278648 31 4 11 3
24747 24121 626 5 0.29999 0.22827 0.0717199 24 14 13 5
24757 24189 568 36 0.399931 0.333518 0.0664128 29 10 18 9
24813 24482 331 34 0.699952 0.662882 0.0370707 24 12 12 4
24998 24905 93 20 0.299925 0.28675 0.0131746 30 9 17 6
25130 24893 237 2 0.299823 0.269215 0.0306081 31 6 19 6
25285 25232 53 21 0.699976 0.692477 0.00749866 26 9 8 4
25769 25348 421 7 0.399917 0.352408 0.047509 26 13 10 11
26006 25624 382 25 0.699926 0.652949 0.0469775 31 7 10 2
26008 25381 627 35 0.599921 0.52457 0.0753513 31 7 12 2
26010 25354 656 27 0.799965 0.72041 0.079555 25 11 8 2
26137 25705 432 28 0.799913 0.749423 0.0504895 31 6 7 1
26354 25835 519 18 0.599977 0.538915 0.0610619 26 13 11 5
26649 26569 80 11 0.49991 0.489014 0.0108964 29 10 17 7
26753 26364 389 33 0.399996 0.346534 0.0534617 28 10 17 8
26795 26424 371 39 0.599934 0.55321 0.0467243 29 8 12 4
26837 26699 138 30 0.0999059 0.0833119 0.016594 28 11 18 7
27188 26641 547 16 0.399961 0.334317 0.0656438 28 11 14 6
27285 26643 642 10 0.399979 0.324422 0.0755578 27 11 19 8
27699 27097 602 15 0.699893 0.632474 0.0674191 34 2 11 1
28148 27751 397 17 0.799924 0.739613 0.0603107 31 5 7 2
28364 28142 222 23 0.49992 0.475298 0.0246217 33 5 21 1
28639 27889 750 22 0.599959 0.510686 0.0892726 27 11 9 5
28958 28773 185 31 0.599948 0.576728 0.0232196 27 12 13 9
28986 28325 661 24 0.499776 0.419714 0.0800618 33 6 17 2
29160 28989 171 26 0.399983 0.377097 0.0228858 23 13 11 13
29319 28729 590 12 0.399988 0.333938 0.0660501 30 9 17 5
29360 28851 509 6 0.499946 0.439832 0.0601137 34 4 18 0
29424 29202 222 19 0.399971 0.371437 0.0285342 26 13 12 2
29580 29244 336 37 0.399951 0.361114 0.0388367 31 8 15 7
29972 29477 495 32 0.399999 0.343638 0.0563601 29 10 12 8
29994 29585 409 38 0.499897 0.448551 0.051346 24 10 11 8
