1409 821 588 5 0.89999 0.83148 0.0685104 11 0 11 0
1430 842 588 13 0.899967 0.833854 0.0661132 7 0 7 0
1477 828 649 17 0.89983 0.821439 0.0783914 10 0 10 0
1508 762 746 6 0.899907 0.808303 0.0916048 7 0 7 0
1693 1571 122 16 0.799903 0.78397 0.0159336 8 0 8 0
1713 1554 159 18 0.799902 0.780947 0.0189549 11 1 11 1
1722 1580 142 36 0.799986 0.782371 0.0176154 9 3 9 3
1739 1528 211 15 0.799891 0.77198 0.0279115 12 1 12 1
1824 1579 245 23 0.799913 0.768009 0.0319036 11 2 11 2
1931 1634 297 10 0.799917 0.76382 0.0360967 15 2 15 2
1939 1617 322 29 0.799897 0.75875 0.0411469 11 3 11 3
1945 1606 339 34 0.799974 0.754183 0.0457904 12 1 12 1
2005 1664 341 19 0.799958 0.759144 0.0408136 12 0 12 0
2706 2379 327 4 0.699891 0.661467 0.0384239 13 2 13 2
2892 2519 373 38 0.699827 0.657316 0.0425107 16 9 15 7
2912 2481 431 11 0.699943 0.652464 0.0474784 18 0 18 0
2944 2507 437 27 0.699964 0.650343 0.0496213 14 2 14 2
3105 2368 737 20 0.699995 0.612135 0.0878607 13 3 13 3
3116 2531 585 24 0.69997 0.626092 0.0738779 16 3 15 2
3199 2589 610 39 0.69991 0.626261 0.0736485 16 2 16 2
3426 3248 178 35 0.599923 0.579943 0.0199803 17 5 17 5
3433 3265 168 31 0.599903 0.578981 0.0209224 16 2 16 2
3458 3255 203 21 0.599921 0.574294 0.0256271 18 1 18 1
3667 3357 310 25 0.599998 0.560927 0.0390711 20 3 20 3
3736 3302 434 28 0.599932 0.546692 0.0532402 20 2 20 2
3782 3262 520 32 0.599926 0.539049 0.0608772 10 5 10 5
3861 3300 561 3 0.599828 0.530436 0.0693917 16 0 16 0
3903 3428 475 2 0.599909 0.542227 0.0576823 12 6 12 6
4109 3436 673 26 0.599844 0.52218 0.0776638 17 1 17 1
4501 4178 323 30 0.499793 0.458951 0.040842 21 6 20 4
4812 4659 153 5 0.699907 0.679822 0.0200851 18 5 14 5
5094 5014 80 7 0.399933 0.387488 0.0124448 21 4 21 4
5245 4993 252 9 0.399948 0.370767 0.0291806 19 6 22 7
5380 4949 431 37 0.39994 0.349705 0.0502356 19 7 20 6
5466 5176 290 12 0.399972 0.367752 0.0322199 14 2 14 2
5584 5210 374 15 0.699973 0.655051 0.0449215 19 3 10 3
6062 5957 105 33 0.299978 0.283172 0.0168062 23 4 23 4
6098 5765 333 8 0.299974 0.254764 0.0452106 23 6 23 6
6177 5741 436 22 0.299949 0.250914 0.0490351 21 4 21 4
6197 5782 415 1 0.299921 0.250616 0.0493051 22 3 22 3
6211 5952 259 16 0.599985 0.567413 0.0325715 15 4 13 4
6634 6458 176 17 0.499929 0.479334 0.0205953 21 2 15 2
6816 6695 121 0 0.199958 0.185069 0.0148888 23 4 23 4
6819 6430 389 13 0.499925 0.453303 0.0466214 23 5 20 5
6995 6572 423 14 0.199991 0.150926 0.0490648 26 4 26 4
7047 6424 623 19 0.599924 0.528373 0.0715506 20 1 15 1
7296 7189 107 10 0.499927 0.486351 0.0135761 27 2 20 1
7307 6722 585 4 0.699925 0.633531 0.0663933 20 2 9 0
7655 5933 1722 18 0.599963 0.422596 0.177367 19 1 14 1
7861 7263 598 29 0.499994 0.432107 0.0678874 19 5 13 4
7900 7362 538 6 0.399912 0.337362 0.06255 23 6 21 6
8243 8058 185 34 0.399871 0.378838 0.0210329 22 8 17 8
8257 7911 346 23 0.399903 0.35699 0.0429131 25 4 19 3
8314 8124 190 39 0.599934 0.577654 0.0222798 21 3 12 1
8470 7756 714 11 0.599931 0.517004 0.0829277 31 0 18 0
8611 8238 373 32 0.699951 0.653625 0.0463257 17 8 8 4
8915 8496 419 36 0.299975 0.248947 0.051028 19 12 18 11
9007 8611 396 38 0.499772 0.449588 0.0501848 23 11 16 8
9274 8966 308 24 0.499967 0.465775 0.034192 21 4 14 2
9639 8994 645 28 0.599986 0.523747 0.0762384 25 5 16 5
10145 9515 630 21 0.499977 0.42446 0.0755175 23 3 15 2
10526 10362 164 35 0.399914 0.381061 0.0188534 21 10 12 6
10581 10528 53 4 0.799917 0.793955 0.00596204 23 3 8 3
10813 9817 996 20 0.399916 0.257012 0.142904 18 9 11 7
11024 10932 92 7 0.599919 0.586224 0.0136948 26 8 14 7
11048 10511 537 15 0.599995 0.53876 0.0612351 24 6 13 5
11143 10782 361 10 0.79995 0.756489 0.0434606 28 4 4 2
11169 10617 552 12 0.699957 0.632227 0.0677306 18 4 7 3
11506 10967 539 2 0.399936 0.334216 0.0657199 25 7 20 5
11591 11048 543 26 0.39999 0.339742 0.0602477 16 6 4 6
11761 11229 532 27 0.199954 0.133978 0.0659756 24 8 18 8
11926 11753 173 3 0.299988 0.274988 0.0250003 28 3 19 3
12025 11380 645 25 0.2999 0.222447 0.0774524 27 7 22 6
12292 12168 124 11 0.79996 0.785219 0.0147415 32 1 5 1
12335 11967 368 31 0.199892 0.158092 0.0417999 26 5 20 4
12434 12069 365 5 0.299912 0.255636 0.0442759 27 7 22 6
12457 11839 618 30 0.399983 0.328098 0.0718845 27 6 17 4
12513 12393 120 19 0.599968 0.581079 0.0188893 26 4 13 4
12988 12679 309 1 0.599927 0.561953 0.0379744 28 6 15 3
13281 12695 586 22 0.599943 0.528707 0.0712361 25 2 17 0
13302 12954 348 14 0.699979 0.65718 0.0427991 27 6 13 5
13366 12862 504 9 0.399802 0.338196 0.0616055 27 8 21 4
13554 12986 568 37 0.399948 0.33397 0.0659784 21 10 13 7
13660 13163 497 6 0.699964 0.642014 0.0579498 25 6 10 1
13698 13013 685 17 0.499917 0.42031 0.0796065 25 4 11 2
13716 13488 228 18 0.599984 0.573266 0.026718 25 4 13 4
13722 13156 566 16 0.39991 0.333136 0.0667737 20 11 16 9
13882 13455 427 0 0.599959 0.551349 0.0486103 22 11 9 7
13904 13432 472 39 0.599934 0.545623 0.0543112 23 9 12 8
14071 13577 494 29 0.599947 0.543639 0.0563078 26 9 19 5
14161 13547 614 7 0.89995 0.82889 0.0710606 27 7 1 0
14386 14153 233 13 0.399968 0.368794 0.0311742 20 15 12 13
14603 14129 474 28 0.699911 0.64398 0.0559311 29 6 8 3
14607 14173 434 32 0.499922 0.443371 0.0565517 19 12 11 10
14687 14107 580 33 0.399828 0.329101 0.0707272 28 6 21 4
14941 14205 736 34 0.59994 0.513144 0.0867958 25 7 12 0
15228 15161 67 8 0.299993 0.288746 0.0112476 32 4 25 3
16656 16453 203 38 0.399933 0.375015 0.0249179 26 10 15 8
16661 16074 587 23 0.399925 0.330723 0.0692027 26 7 15 6
17499 17146 353 35 0.499899 0.457878 0.0420213 20 14 12 8
17725 17297 428 4 0.299921 0.251281 0.0486401 30 7 20 6
17984 17385 599 24 0.299929 0.227496 0.0724337 26 10 21 7
18060 17981 79 10 0.299965 0.288186 0.0117787 33 5 20 3
18107 17735 372 22 0.699911 0.657298 0.0426124 29 3 15 1
18148 17892 256 15 0.399988 0.368214 0.0317736 23 11 13 6
18157 17675 482 6 0.699935 0.644313 0.0556217 27 7 12 3
18380 17781 599 12 0.399989 0.333506 0.0664834 25 7 18 5
18472 17907 565 36 0.299909 0.233513 0.0663962 30 6 24 4
18500 18100 400 20 0.499926 0.451613 0.0483125 27 8 21 6
18554 18450 104 21 0.299947 0.287346 0.0126015 28 5 17 3
18734 18272 462 11 0.399945 0.344782 0.0551628 26 12 13 12
18770 18695 75 27 0.599955 0.590533 0.00942199 32 6 21 2
18948 18465 483 19 0.499915 0.441527 0.0583888 24 9 18 8
19105 18577 528 28 0.69994 0.631534 0.0684061 30 7 12 1
19112 18924 188 14 0.499892 0.474651 0.0252414 31 6 19 5
19190 18598 592 2 0.499952 0.428985 0.0709671 31 7 20 4
19562 19221 341 26 0.399983 0.361763 0.0382204 24 9 19 7
19674 19456 218 34 0.699898 0.67417 0.0257277 28 8 14 2
19766 19566 200 25 0.499915 0.472875 0.0270404 28 9 10 4
19828 19429 399 17 0.599966 0.554679 0.0452867 26 7 11 5
20067 19451 616 32 0.699898 0.629862 0.0700365 24 9 12 3
20159 19967 192 31 0.5 0.47455 0.0254497 25 10 18 7
20217 20130 87 29 0.499956 0.487817 0.012139 26 12 16 10
20240 19701 539 5 0.499921 0.436589 0.0633328 32 6 18 3
20556 19921 635 7 0.399898 0.325758 0.0741398 30 7 23 5
20689 20111 578 39 0.499954 0.432853 0.0671011 24 9 14 4
20723 20423 300 1 0.299944 0.264545 0.0353996 27 9 15 4
20744 20329 415 18 0.399906 0.350015 0.0498902 24 10 14 9
20843 20753 90 3 0.299946 0.287766 0.0121795 24 10 17 9
21021 20785 236 0 0.399929 0.369868 0.0300615 23 16 13 12
21359 20723 636 16 0.499891 0.423898 0.0759934 21 15 13 12
21527 21390 137 37 0.399912 0.381267 0.0186451 20 14 15 9
21682 21192 490 30 0.299984 0.233724 0.0662607 24 12 19 8
21772 21315 457 13 0.499916 0.444581 0.0553345 24 13 12 4
22350 22011 339 9 0.299965 0.2585 0.0414652 24 14 17 10
22817 22438 379 8 0.499969 0.454652 0.0453176 33 5 15 3
22910 22327 583 28 0.799893 0.731066 0.0688264 31 7 6 3
23316 23164 152 35 0.599956 0.58157 0.0183864 24 13 12 7
23403 22840 563 22 0.599893 0.535695 0.0641987 28 5 8 2
23512 23304 208 10 0.699939 0.672317 0.0276221 32 6 7 3
23659 23456 203 38 0.499987 0.473449 0.0265382 29 9 13 7
23944 23442 502 33 0.299932 0.242067 0.0578653 28 10 17 7
24106 23986 120 11 0.699838 0.685092 0.0147464 28 10 15 1
24171 23673 498 24 0.699893 0.638953 0.0609401 28 10 14 2
24421 23725 696 23 0.499929 0.418754 0.0811756 25 10 9 4
24513 24004 509 29 0.799972 0.741307 0.0586656 30 8 9 0
24906 24245 661 5 0.799978 0.726124 0.0738541 32 7 9 3
25151 25038 113 36 0.599901 0.584715 0.0151853 32 6 14 4
25178 24754 424 2 0.599898 0.550788 0.04911 32 7 9 2
25325 24730 595 14 0.599961 0.525266 0.0746945 32 6 14 4
25329 24713 616 19 0.59985 0.524517 0.0753327 29 8 13 5
25359 25279 80 25 0.599893 0.588842 0.0110508 29 8 7 2
25613 25442 171 3 0.799979 0.779914 0.0200651 27 8 11 1
25706 25074 632 17 0.599956 0.524727 0.0752283 28 7 15 3
25718 25129 589 4 0.499958 0.430127 0.0698313 32 6 15 3
25850 25721 129 21 0.49997 0.484221 0.0157492 27 11 15 8
25889 25482 407 6 0.299929 0.25284 0.0470888 29 9 21 7
26141 25939 202 20 0.399926 0.374938 0.0249875 28 8 17 4
26149 26092 57 26 0.499926 0.492815 0.00711151 24 10 8 5
26163 25809 354 32 0.499993 0.45935 0.0406431 30 6 16 2
27151 26578 573 31 0.499923 0.435158 0.0647644 31 6 20 3
27231 27172 59 16 0.599895 0.591592 0.00830301 20 16 12 7
27293 26757 536 7 0.599978 0.535332 0.0646456 28 10 10 7
27312 27131 181 12 0.2999 0.27792 0.0219804 23 12 13 10
27392 27052 340 34 0.29998 0.262285 0.0376955 30 9 20 7
27501 27265 236 27 0.199983 0.172656 0.0273277 34 5 23 4
27626 27514 112 11 0.69997 0.685059 0.0149107 27 11 2 1
27815 27416 399 37 0.599912 0.54468 0.0552317 24 13 15 3
27895 27532 363 13 0.599844 0.553531 0.0463126 25 13 13 3
27948 27581 367 8 0.699974 0.657324 0.0426495 34 4 11 1
27984 27617 367 18 0.499924 0.454645 0.0452795 30 7 22 4
27987 27627 360 15 0.199896 0.157134 0.0427619 31 6 22 4
28087 27549 538 38 0.799867 0.729746 0.0701217 29 9 8 1
28153 27972 181 1 0.499893 0.475385 0.0245078 22 15 9 9
28699 28105 594 39 0.399963 0.327719 0.0722443 29 8 21 5
29026 28298 728 10 0.599966 0.514585 0.085381 31 7 14 4
29203 29052 151 28 0.399931 0.381888 0.0180428 29 9 19 7
29312 29119 193 3 0.699937 0.675498 0.0244399 28 9 10 6
29513 29266 247 23 0.699982 0.670762 0.0292202 26 10 12 3
29570 28934 636 30 0.499915 0.420599 0.0793168 25 11 16 6
29678 29092 586 24 0.599968 0.531778 0.0681898 28 12 9 4
29962 29599 363 0 0.299954 0.257065 0.0428885 25 14 18 7
