1347 826 521 10 0.89997 0.841799 0.0581707 4 0 4 0
1350 775 575 20 0.899833 0.83322 0.0666122 7 0 7 0
1512 768 744 1 0.899866 0.804372 0.0954941 5 0 5 0
1644 1564 80 2 0.799817 0.788942 0.0108756 10 1 10 1
1656 1556 100 35 0.799963 0.788733 0.0112301 15 0 15 0
1702 1646 56 28 0.799947 0.792118 0.00782902 13 1 13 1
1756 833 923 14 0.899886 0.789625 0.110261 6 0 6 0
1856 1645 211 9 0.799987 0.771833 0.0281544 11 0 11 0
1896 1648 248 3 0.799895 0.768227 0.0316679 13 0 13 0
2027 1673 354 26 0.799992 0.754362 0.0456303 13 0 13 0
2759 2440 319 24 0.699926 0.661264 0.0386618 16 2 15 1
2891 2416 475 8 0.699998 0.639791 0.0602077 13 0 13 0
2894 2387 507 19 0.699976 0.641937 0.0580383 17 1 17 1
2995 2447 548 4 0.699892 0.633327 0.0665656 18 3 18 3
3035 2404 631 6 0.69999 0.626897 0.0730926 16 0 16 0
3366 3250 116 21 0.599958 0.584861 0.0150966 22 1 23 1
3371 3255 116 39 0.599956 0.58434 0.0156159 21 0 21 0
3409 3284 125 32 0.599938 0.583309 0.0166297 20 1 20 1
3444 3227 217 37 0.599942 0.572552 0.0273902 18 0 18 0
3656 3241 415 16 0.599954 0.550675 0.0492796 18 2 18 2
3691 3150 541 23 0.599979 0.538054 0.0619257 15 2 15 2
3811 3288 523 7 0.599942 0.536878 0.0630637 20 2 20 2
3878 3391 487 30 0.599989 0.54347 0.0565184 23 2 23 2
3905 3320 585 34 0.59997 0.52848 0.0714903 19 3 19 3
3974 3334 640 35 0.899944 0.824024 0.0759204 18 0 7 0
4394 4043 351 15 0.499919 0.459087 0.0408324 22 4 22 4
4425 4250 175 11 0.499995 0.475544 0.0244517 15 6 15 6
4432 4063 369 22 0.499937 0.459356 0.0405811 17 4 17 4
4556 4002 554 38 0.499984 0.437436 0.0625489 17 6 17 6
4715 4205 510 17 0.499842 0.44048 0.0593622 22 1 22 1
5136 4972 164 27 0.39991 0.377621 0.0222891 25 5 26 4
5302 4984 318 29 0.399959 0.362345 0.0376138 22 5 22 5
5324 5045 279 36 0.399973 0.360677 0.0392959 23 4 23 4
5569 4966 603 25 0.399931 0.330334 0.0695964 28 1 28 1
5583 4955 628 2 0.69997 0.629125 0.0708453 17 7 11 6
5690 5085 605 13 0.399951 0.330945 0.069006 26 1 26 1
5858 5656 202 26 0.699899 0.674785 0.0251142 17 1 6 1
5861 5045 816 31 0.399937 0.300601 0.099336 21 3 21 3
6098 5424 674 20 0.599913 0.514042 0.0858711 20 2 14 2
6099 5372 727 10 0.599965 0.512444 0.0875215 13 4 10 4
6236 5858 378 33 0.299918 0.240308 0.0596103 18 14 17 13
6239 5842 397 12 0.299913 0.254664 0.0452491 31 0 31 0
6301 5690 611 1 0.599926 0.526394 0.0735324 17 1 14 1
6725 6670 55 0 0.199936 0.192063 0.00787293 24 4 24 4
6840 6778 62 4 0.699947 0.690245 0.00970182 25 3 10 1
6971 6858 113 32 0.799905 0.785445 0.0144603 21 3 6 2
7163 6681 482 18 0.2 0.143541 0.0564584 18 8 18 8
7205 6743 462 24 0.699971 0.643014 0.0569578 21 4 7 3
7242 6877 365 37 0.799955 0.754183 0.0457721 20 1 6 1
7328 6707 621 5 0.199982 0.128462 0.0715203 25 6 25 6
7626 7006 620 3 0.499899 0.426246 0.0736522 24 3 16 3
7650 7597 53 28 0.399856 0.392226 0.00762981 19 7 16 7
8378 7820 558 19 0.599934 0.531612 0.068322 20 3 7 2
8792 8287 505 30 0.699966 0.643639 0.0563272 29 2 15 1
9164 8528 636 14 0.299909 0.223741 0.0761677 22 9 19 9
9226 9010 216 23 0.599936 0.573077 0.026859 19 7 10 7
9363 8949 414 35 0.499906 0.446288 0.0536177 18 12 14 12
10018 9544 474 17 0.699839 0.639261 0.0605782 27 3 13 3
10105 10010 95 39 0.399989 0.386232 0.0137574 21 8 15 8
10374 9750 624 20 0.799898 0.725874 0.0740241 23 5 10 4
10563 10510 53 9 0.0999621 0.0918384 0.00812365 21 9 18 9
10629 10259 370 21 0.399931 0.355972 0.0439596 22 10 16 10
10671 9936 735 22 0.599913 0.514213 0.0856999 21 8 12 4
10906 10555 351 2 0.599898 0.556506 0.0433918 21 9 11 4
10939 10560 379 26 0.599892 0.554637 0.0452554 23 8 14 8
10998 10659 339 4 0.699896 0.657229 0.0426672 28 5 14 3
11019 10538 481 6 0.299951 0.242319 0.0576329 22 10 16 10
11075 10884 191 34 0.399927 0.375376 0.0245505 21 10 17 9
11533 11478 55 16 0.299911 0.29249 0.00742143 22 12 18 11
11838 11527 311 7 0.29997 0.262264 0.037706 24 8 14 6
11979 11721 258 0 0.799978 0.767402 0.0325756 28 3 13 0
12255 11913 342 8 0.0998923 0.0605923 0.0393 21 13 21 13
12358 12129 229 32 0.499987 0.472291 0.027696 25 7 13 5
12683 12231 452 36 0.49995 0.445452 0.0544987 28 4 18 2
12725 12053 672 38 0.399897 0.316198 0.0836997 20 9 14 8
12826 12503 323 37 0.499975 0.458705 0.0412699 24 6 17 6
12881 12532 349 15 0.299986 0.256964 0.0430226 24 12 21 10
13029 12845 184 19 0.699957 0.676603 0.0233537 23 5 10 3
13047 12970 77 29 0.399922 0.390101 0.00982088 26 9 18 7
13357 12887 470 31 0.499924 0.441929 0.0579949 27 4 19 3
13428 12671 757 27 0.399927 0.30881 0.091117 31 5 19 3
13631 12950 681 24 0.499819 0.423052 0.0767664 27 3 12 1
13799 13240 559 18 0.699978 0.634838 0.0651399 23 7 13 2
13875 13317 558 1 0.399999 0.335726 0.0642727 19 11 16 10
13948 13301 647 11 0.19991 0.123729 0.0761812 21 14 19 14
14058 13536 522 13 0.399908 0.334049 0.0658587 26 8 14 8
14334 13670 664 30 0.599934 0.521903 0.0780308 31 2 17 2
14622 14499 123 33 0.399916 0.383369 0.0165468 21 15 15 11
14657 14268 389 25 0.299831 0.251778 0.0480526 29 6 18 6
15243 14882 361 20 0.599927 0.558363 0.0415647 25 9 12 7
15252 14971 281 10 0.19994 0.16417 0.0357696 19 9 14 9
15285 15131 154 12 0.299898 0.280399 0.0194995 29 8 18 8
15482 14950 532 21 0.799951 0.734949 0.0650024 24 10 5 2
15491 14951 540 17 0.599941 0.53625 0.0636906 31 4 10 2
15580 15245 335 28 0.399965 0.360835 0.0391306 26 9 17 9
15911 15334 577 2 0.699946 0.632975 0.0669713 26 8 10 4
16526 16103 423 22 0.599911 0.545487 0.0544234 24 9 9 4
16996 16880 116 5 0.299907 0.285184 0.0147235 26 12 20 7
17012 16497 515 14 0.499967 0.436998 0.0629694 27 8 16 5
17059 16071 988 39 0.59993 0.491102 0.108828 24 8 9 2
17123 16937 186 19 0.699949 0.677594 0.0223555 24 7 11 5
17422 17137 285 32 0.6999 0.664097 0.0358026 25 8 8 3
17517 17464 53 35 0.299932 0.293584 0.00634774 26 11 17 7
17870 17672 198 3 0.0999689 0.0758681 0.0241007 24 12 21 12
18205 17783 422 8 0.799916 0.750359 0.0495572 24 10 9 1
18233 18156 77 31 0.69995 0.689228 0.0107213 25 9 11 6
18257 17842 415 34 0.499797 0.451695 0.0481017 27 7 15 2
18403 17587 816 4 0.399934 0.300084 0.0998497 29 8 17 6
18759 18687 72 16 0.499959 0.48938 0.0105783 26 13 16 6
18761 18271 490 36 0.599908 0.542991 0.0569167 31 7 15 6
18778 18240 538 7 0.599905 0.536808 0.0630973 29 6 12 1
18871 18373 498 6 0.499924 0.441733 0.0581905 24 11 13 5
19185 18863 322 30 0.699924 0.662881 0.0370423 29 6 10 5
19188 18591 597 23 0.0999475 0.0302415 0.0697059 26 10 22 8
19237 18922 315 0 0.299954 0.260607 0.0393471 32 5 20 5
19532 18962 570 29 0.599954 0.530187 0.0697673 25 11 11 5
19914 19308 606 19 0.899963 0.824952 0.0750109 26 7 6 1
20251 19807 444 1 0.599921 0.547385 0.0525354 20 15 7 8
20349 19801 548 38 0.499969 0.437386 0.0625827 24 11 16 6
20496 20171 325 37 0.399902 0.362786 0.0371158 28 8 21 5
20625 20448 177 18 0.399995 0.376639 0.0233557 33 5 19 3
20708 20538 170 27 0.499894 0.480339 0.0195548 32 4 17 2
20865 20808 57 28 0.699965 0.692435 0.00753003 27 9 11 5
20886 20620 266 26 0.099921 0.0644122 0.0355088 28 11 16 8
21200 20977 223 15 0.399933 0.372449 0.0274841 25 14 17 9
21301 21119 182 9 0.199894 0.177344 0.0225497 27 8 23 3
21334 20830 504 21 0.49994 0.43897 0.0609698 31 6 14 2
21792 21659 133 2 0.499956 0.484714 0.0152413 28 7 17 3
21837 21338 499 20 0.499941 0.441439 0.0585016 31 5 16 2
22144 22091 53 31 0.699976 0.694155 0.00582111 28 8 6 3
22485 22129 356 33 0.399956 0.357297 0.0426594 27 12 19 6
23008 22675 333 11 0.39997 0.3619 0.0380704 22 16 14 8
23020 22921 99 10 0.499905 0.486493 0.013412 24 9 13 5
23037 22281 756 36 0.799987 0.709817 0.0901704 33 5 9 2
23085 22540 545 17 0.399854 0.334029 0.0658244 33 4 11 2
23189 23132 57 30 0.69993 0.691438 0.00849199 26 9 10 7
23265 22843 422 24 0.199987 0.152615 0.0473723 29 8 21 7
23268 22516 752 5 0.699923 0.60867 0.0912528 30 9 12 2
23525 23335 190 12 0.399923 0.374096 0.0258273 29 9 17 6
24156 23521 635 8 0.499912 0.424785 0.0751268 27 9 16 3
24181 23688 493 13 0.199958 0.141718 0.0582398 27 10 18 8
24415 23931 484 34 0.59992 0.54471 0.0552103 27 8 11 3
24522 23887 635 32 0.399863 0.323842 0.0760202 28 10 16 6
24546 23999 547 29 0.699932 0.638071 0.0618608 30 8 17 3
24646 24504 142 25 0.199954 0.177643 0.0223116 30 8 20 6
24740 24558 182 6 0.599893 0.576305 0.0235878 28 9 12 2
24806 24671 135 28 0.699906 0.681976 0.0179293 26 11 6 3
24808 24719 89 4 0.599898 0.58438 0.015518 31 7 16 5
24889 24463 426 14 0.399971 0.3508 0.049171 29 9 16 6
25246 24995 251 39 0.299937 0.266041 0.0338953 30 6 20 1
25459 25185 274 22 0.199915 0.164844 0.0350716 34 3 27 3
25689 25041 648 3 0.599937 0.525748 0.074189 25 11 8 2
25794 25062 732 31 0.799975 0.713942 0.0860326 28 9 8 3
26185 25920 265 16 0.39997 0.364701 0.035269 30 9 18 4
26259 26067 192 38 0.599936 0.576386 0.0235502 25 10 11 5
26315 25783 532 7 0.399955 0.336598 0.0633567 32 7 14 5
26868 26362 506 35 0.29988 0.243285 0.0565952 28 11 15 3
26995 26516 479 37 0.599962 0.541428 0.0585342 29 10 10 4
27425 27036 389 30 0.699945 0.651448 0.0484966 25 13 11 8
27551 27425 126 20 0.599995 0.586144 0.0138511 29 8 12 5
27882 27520 362 17 0.79994 0.757498 0.042442 34 3 6 0
28023 27410 613 5 0.699928 0.629455 0.0704725 29 10 11 6
28335 28078 257 21 0.499918 0.469038 0.0308801 34 4 13 1
28593 28139 454 9 0.599981 0.544673 0.055308 29 6 8 1
28602 28085 517 1 0.299924 0.23789 0.0620342 27 9 22 6
28631 28207 424 18 0.399998 0.350966 0.0490318 30 9 16 7
28696 28205 491 26 0.599924 0.542444 0.0574802 28 11 14 3
28989 28429 560 36 0.499957 0.435629 0.064328 30 8 15 6
29057 28345 712 19 0.0999991 0.015325 0.0846741 31 7 21 4
29160 29106 54 2 0.399958 0.392479 0.00747897 27 11 15 9
29244 28906 338 32 0.799929 0.76028 0.0396483 26 12 10 4
29247 29026 221 4 0.699931 0.672986 0.0269458 31 8 12 2
29251 28863 388 27 0.29992 0.254083 0.0458374 34 4 20 4
29263 28851 412 15 0.399913 0.348173 0.0517404 23 16 19 13
29270 28693 577 28 0.699922 0.630063 0.0698587 27 12 11 5
29270 28664 606 31 0.79996 0.724073 0.075887 31 6 10 0
29521 29081 440 23 0.299899 0.246577 0.0533219 29 9 18 6
29620 29259 361 10 0.499922 0.453064 0.0468578 27 10 15 6
29918 29201 717 0 0.199764 0.117441 0.0823226 33 6 19 5
