1412 838 574 15 0.899786 0.833319 0.0664664 6 0 6 0
1662 1537 125 10 0.799915 0.784042 0.0158733 12 0 12 0
1788 1544 244 34 0.799911 0.769237 0.0306732 13 1 13 1
1844 1584 260 16 0.799919 0.766535 0.0333837 14 0 14 0
1858 1634 224 11 0.799934 0.771589 0.0283449 13 3 13 3
1904 1630 274 30 0.799973 0.764929 0.0350449 17 0 17 0
1926 1624 302 9 0.799972 0.761353 0.0386188 15 0 15 0
1949 1670 279 38 0.799932 0.764447 0.035485 7 0 7 0
1982 1674 308 8 0.799942 0.761816 0.0381269 15 0 15 0
2064 1641 423 18 0.799973 0.744504 0.055469 11 0 11 0
2068 1673 395 20 0.799914 0.752337 0.0475774 7 0 7 0
2706 2522 184 24 0.699906 0.679477 0.020429 18 3 18 3
2761 2519 242 22 0.699978 0.672794 0.0271842 19 1 19 1
2816 2478 338 31 0.699963 0.660958 0.0390055 21 1 21 1
2838 2543 295 27 0.699912 0.664966 0.0349456 13 2 13 2
2893 2336 557 36 0.699927 0.635618 0.0643096 9 2 9 2
2909 2453 456 17 0.699942 0.645951 0.0539916 17 2 17 2
2975 2455 520 6 0.699907 0.638253 0.0616533 13 1 13 1
3106 2486 620 29 0.699981 0.627416 0.0725645 12 1 12 1
3528 3249 279 3 0.599912 0.56618 0.0337325 16 4 16 4
3576 3261 315 5 0.599978 0.563172 0.0368055 14 1 14 1
3622 3302 320 32 0.59991 0.560333 0.0395763 22 3 22 3
3687 3271 416 7 0.599932 0.548669 0.0512628 14 4 14 4
3856 3362 494 39 0.599993 0.539732 0.0602611 11 2 11 2
4438 4212 226 26 0.499957 0.475106 0.0248511 13 5 13 5
4445 4185 260 37 0.499965 0.47161 0.0283552 21 5 21 5
4536 4045 491 19 0.499995 0.443417 0.0565774 18 4 18 4
4556 4116 440 13 0.499956 0.446095 0.0538611 17 8 17 8
4651 4216 435 4 0.499976 0.450302 0.0496743 24 5 24 5
4663 4069 594 0 0.499975 0.43005 0.0699251 15 3 15 3
4814 4180 634 14 0.499983 0.425446 0.0745373 23 0 23 0
5039 4978 61 23 0.399934 0.390344 0.00959013 24 2 24 2
5189 4915 274 1 0.399927 0.366118 0.033809 22 4 22 4
5391 5072 319 28 0.399992 0.357885 0.0421069 21 9 21 8
5493 5064 429 10 0.699921 0.647917 0.0520041 19 3 10 3
5807 5389 418 16 0.699915 0.650016 0.0498985 19 2 11 2
5864 5104 760 21 0.399952 0.309755 0.0901973 18 0 18 0
5909 5855 54 2 0.299921 0.291381 0.00853923 25 4 25 4
6085 5935 150 35 0.3 0.280795 0.0192051 19 12 18 10
6086 5689 397 18 0.699935 0.654523 0.0454112 19 5 11 5
6373 5784 589 33 0.299996 0.232515 0.0674814 19 6 19 6
6778 6469 309 20 0.599935 0.560792 0.039143 14 4 10 4
6823 6692 131 22 0.699959 0.684386 0.0155733 21 1 10 0
7092 6785 307 12 0.199982 0.163617 0.0363653 25 4 25 4
7294 7241 53 15 0.399851 0.391033 0.00881792 22 6 19 6
7327 7210 117 8 0.499929 0.483955 0.0159743 22 4 16 4
7390 7245 145 29 0.699908 0.679905 0.0200028 21 2 14 1
7468 7194 274 9 0.499932 0.464723 0.0352088 26 1 17 1
7562 7042 520 38 0.499928 0.438508 0.0614202 20 1 14 1
7629 7496 133 25 0.0999664 0.0834447 0.0165217 28 3 28 3
7774 6978 796 6 0.699932 0.604464 0.0954679 18 6 9 5
8092 7795 297 17 0.599892 0.566791 0.0331009 22 7 14 6
8389 7951 438 30 0.399932 0.346843 0.0530886 22 12 15 12
8768 8171 597 26 0.799938 0.729162 0.0707765 17 6 7 3
9040 8602 438 34 0.299892 0.246968 0.0529238 24 9 20 9
9069 8487 582 36 0.499985 0.433523 0.066462 11 8 8 6
9110 8584 526 4 0.79993 0.733866 0.066063 29 6 6 1
9121 8792 329 5 0.59995 0.562236 0.0377142 20 4 14 3
9362 8834 528 11 0.299943 0.237343 0.0626005 21 6 19 5
9630 9437 193 27 0.399933 0.376824 0.0231088 22 5 17 5
9641 9063 578 24 0.399973 0.331432 0.0685415 23 9 17 8
9709 9331 378 31 0.399941 0.355784 0.0441569 22 10 15 10
9811 9730 81 3 0.499975 0.488656 0.0113188 23 3 16 1
9967 9696 271 7 0.499871 0.467937 0.0319346 18 9 9 6
10717 10415 302 0 0.599912 0.564533 0.0353785 21 9 11 6
10961 10902 59 18 0.599789 0.590892 0.0088975 24 4 12 2
10983 10627 356 16 0.599983 0.556634 0.0433481 18 8 11 6
11029 10594 435 32 0.399954 0.34496 0.0549934 27 7 19 6
11069 10550 519 23 0.599911 0.537788 0.0621238 24 5 6 3
11365 11164 201 8 0.799903 0.775184 0.0247191 25 5 7 2
11544 11168 376 10 0.499972 0.453277 0.0466946 22 7 14 6
11863 11492 371 22 0.599934 0.55651 0.0434239 28 4 19 4
12361 12087 274 21 0.599895 0.568699 0.0311959 21 11 13 11
12446 11677 769 39 0.299954 0.205793 0.0941603 27 6 26 5
12495 11890 605 19 0.399806 0.331265 0.0685403 24 11 22 11
12510 11911 599 20 0.599943 0.531859 0.0680842 22 6 19 5
12827 12123 704 1 0.499971 0.419192 0.0807794 27 3 16 3
12901 12794 107 13 0.299958 0.286175 0.0137838 31 3 21 3
13644 12990 654 29 0.499769 0.422348 0.0774217 27 6 16 6
13760 13115 645 14 0.299932 0.222816 0.0771159 27 6 17 6
14036 13248 788 38 0.599996 0.506233 0.0937627 23 5 12 4
14048 13790 258 33 0.499987 0.471353 0.0286348 28 5 21 4
14234 14177 57 35 0.399938 0.391204 0.00873432 27 11 19 7
14305 13490 815 37 0.199951 0.100116 0.0998341 30 6 23 4
14424 13697 727 6 0.499946 0.410321 0.0896248 23 8 16 4
14434 14072 362 28 0.299971 0.256977 0.0429942 25 11 14 6
14446 14363 83 4 0.499969 0.488384 0.0115847 31 6 22 4
14517 14245 272 5 0.6 0.569728 0.0302717 24 7 11 5
14556 13985 571 8 0.8 0.734634 0.0653653 31 3 12 2
14560 13966 594 15 0.49993 0.433592 0.0663377 33 2 21 1
14855 14747 108 36 0.599939 0.586011 0.0139274 20 9 19 1
14958 14844 114 24 0.699908 0.683289 0.0166189 27 9 12 5
15135 14808 327 9 0.399905 0.358826 0.0410789 26 6 12 5
15139 14722 417 2 0.299967 0.247768 0.0521992 26 11 19 9
15148 14672 476 12 0.499989 0.445676 0.0543132 25 8 17 5
15194 14564 630 22 0.899985 0.823698 0.0762872 30 5 8 1
15629 15077 552 17 0.399937 0.336144 0.0637938 27 9 20 8
16026 15561 465 25 0.499969 0.444704 0.0552646 26 9 16 7
16037 15970 67 18 0.599959 0.588861 0.0110985 29 5 14 3
16080 15528 552 7 0.599799 0.533538 0.0662606 21 9 17 6
16396 16022 374 3 0.499902 0.454654 0.0452485 26 5 14 3
16488 16148 340 16 0.599975 0.559788 0.0401868 24 8 16 4
16715 16583 132 26 0.199992 0.18295 0.0170421 25 7 19 5
16848 16527 321 31 0.499964 0.463214 0.0367496 24 12 19 7
16918 16424 494 23 0.599983 0.542672 0.0573101 27 7 9 3
17334 17134 200 30 0.299937 0.276167 0.02377 21 16 14 8
17465 17043 422 32 0.599909 0.545068 0.0548411 23 15 12 11
17881 17214 667 34 0.399803 0.322963 0.0768399 25 9 12 5
18076 18023 53 27 0.299976 0.291106 0.00886988 27 9 20 8
18486 17819 667 20 0.599937 0.521284 0.0786538 22 7 11 3
18519 18109 410 10 0.499904 0.44975 0.0501545 27 9 13 6
18854 18233 621 8 0.699801 0.622337 0.077464 29 7 12 6
18969 18376 593 13 0.699992 0.628444 0.0715481 28 7 10 7
19008 18483 525 0 0.299913 0.239122 0.0607906 27 9 19 8
19045 18395 650 11 0.299795 0.219612 0.0801831 35 2 24 1
19387 19326 61 35 0.699978 0.69105 0.00892804 27 12 7 4
19488 19413 75 38 0.599991 0.589337 0.0106541 26 9 14 5
19796 19327 469 21 0.39997 0.347558 0.0524124 27 10 13 7
19895 19424 471 15 0.699967 0.646051 0.0539156 34 3 14 2
19936 19179 757 1 0.499954 0.411593 0.0883604 32 2 16 2
20233 19535 698 19 0.499912 0.419218 0.0806942 27 11 15 8
20256 20020 236 17 0.799908 0.768455 0.0314526 26 10 7 1
20347 20294 53 24 0.499787 0.491589 0.00819844 25 12 17 10
20348 20179 169 22 0.499999 0.476148 0.0238508 28 11 15 8
20437 20048 389 28 0.699957 0.648367 0.0515904 22 15 13 9
20826 20455 371 37 0.699994 0.658728 0.0412657 30 7 12 3
21092 20958 134 6 0.49991 0.483397 0.0165124 20 13 7 8
21307 20784 523 4 0.499926 0.437825 0.0621015 24 15 16 13
21329 20775 554 39 0.39998 0.334228 0.0657515 27 10 19 8
21538 21338 200 5 0.399966 0.375149 0.0248171 26 10 16 8
21644 20852 792 12 0.59998 0.500781 0.099199 26 10 10 5
21713 21237 476 14 0.499953 0.446188 0.0537653 28 6 13 3
21815 21739 76 16 0.599954 0.591866 0.00808841 27 9 15 4
21880 21796 84 26 0.799913 0.78586 0.014053 29 6 8 0
22079 21323 756 33 0.399989 0.308545 0.0914435 25 12 13 10
22098 21909 189 3 0.599987 0.577154 0.0228329 22 13 11 10
22361 22244 117 23 0.59992 0.583384 0.0165356 29 7 13 3
22530 22010 520 9 0.499893 0.439877 0.0600156 23 12 12 7
22787 22499 288 25 0.499928 0.464531 0.0353975 25 12 14 5
22903 22541 362 36 0.299897 0.255495 0.0444016 26 7 20 5
23034 22487 547 31 0.599985 0.53294 0.0670454 28 9 11 3
23119 22513 606 2 0.499957 0.43184 0.0681168 28 9 12 1
23334 22778 556 29 0.199957 0.138561 0.0613964 23 14 17 12
23524 23329 195 10 0.699943 0.675341 0.0246016 27 10 10 3
24016 23587 429 28 0.799925 0.74642 0.0535046 23 14 9 3
24094 23998 96 34 0.599948 0.58579 0.0141583 26 9 11 4
24280 24049 231 7 0.299914 0.268499 0.0314147 29 5 19 0
24445 24392 53 32 0.399882 0.391957 0.0079254 23 15 13 8
24793 24468 325 18 0.199982 0.160711 0.0392704 29 9 24 8
24938 24700 238 15 0.599967 0.57187 0.0280972 36 2 17 1
24999 24472 527 38 0.599991 0.534039 0.0659517 32 5 19 2
25174 24576 598 17 0.59998 0.53276 0.0672208 32 6 20 2
25285 24673 612 20 0.49993 0.426844 0.0730853 22 12 14 9
25418 24936 482 35 0.499934 0.443007 0.0569273 30 9 19 4
25591 25156 435 27 0.49995 0.446776 0.0531733 31 7 15 5
25612 25137 475 19 0.699999 0.64636 0.0536387 31 7 11 1
25826 25329 497 26 0.699983 0.64031 0.0596736 35 3 17 2
25847 25602 245 13 0.399892 0.367654 0.0322373 28 9 17 6
26157 25746 411 33 0.899899 0.851157 0.0487417 27 10 7 0
26200 25889 311 21 0.599918 0.563159 0.0367595 31 8 14 2
26325 25603 722 8 0.399977 0.317947 0.0820302 30 9 21 7
26537 26252 285 30 0.299898 0.265634 0.034264 27 11 18 8
26694 26186 508 4 0.6999 0.639382 0.0605177 24 15 11 4
26721 26209 512 12 0.699919 0.634618 0.0653009 29 8 12 4
26940 26457 483 3 0.699903 0.645233 0.0546696 30 6 16 2
27042 26594 448 23 0.699894 0.646946 0.0529484 31 7 10 3
27122 26556 566 24 0.499978 0.431788 0.0681904 26 11 15 7
27555 27411 144 9 0.699933 0.680551 0.0193819 24 12 7 2
27568 27436 132 1 0.399892 0.383047 0.0168449 25 13 16 13
27754 27168 586 0 0.399927 0.32441 0.0755178 32 5 19 1
27989 27589 400 36 0.799793 0.749696 0.0500968 27 9 7 3
28037 27632 405 16 0.499915 0.449017 0.050898 24 12 11 9
28119 27459 660 10 0.699911 0.624798 0.0751123 31 6 12 2
28589 28145 444 11 0.299994 0.243562 0.0564318 32 6 22 6
28596 28283 313 14 0.499941 0.463615 0.0363267 30 6 18 1
28706 28333 373 6 0.399921 0.357418 0.0425028 23 13 15 9
28726 28295 431 5 0.499907 0.447056 0.0528507 33 4 16 2
28886 28355 531 39 0.499937 0.435177 0.0647603 31 7 16 3
29006 28352 654 31 0.599909 0.524097 0.0758123 28 10 13 6
29009 28947 62 37 0.18596 0.179153 0.00680677 33 6 19 5
29857 29284 573 22 0.199971 0.130851 0.0691209 28 11 21 11
29919 29410 509 29 0.699984 0.641996 0.0579885 26 11 11 3
