829 666 163 19 0.89992 0.875501 0.0244185 16 0 16 0
860 674 186 29 0.899959 0.870361 0.0295982 14 0 14 0
878 675 203 26 0.899953 0.868851 0.0311015 15 1 14 0
1406 1350 56 6 0.799923 0.792217 0.00770629 19 1 19 1
1407 1302 105 18 0.799905 0.785385 0.0145198 14 2 14 2
1429 1355 74 24 0.799965 0.790306 0.00965946 19 2 20 1
1437 1245 192 7 0.799921 0.773391 0.0265301 18 0 18 0
1461 1274 187 21 0.799941 0.775754 0.0241865 26 1 26 1
1465 1365 100 2 0.79977 0.784418 0.0153521 23 4 23 4
1491 1288 203 4 0.799942 0.774152 0.0257902 21 1 21 1
1552 1294 258 1 0.799967 0.765918 0.0340493 26 3 26 2
1646 1329 317 38 0.799991 0.755607 0.0443846 22 0 22 0
1695 1333 362 36 0.799935 0.746631 0.0533044 23 6 23 4
2205 2074 131 35 0.699878 0.683959 0.0159189 25 4 26 3
2266 2096 170 22 0.699913 0.675663 0.0242499 21 2 21 2
2285 2036 249 31 0.699896 0.667758 0.0321384 31 4 31 3
2294 2036 258 16 0.699987 0.667651 0.0323357 29 5 29 5
2334 2028 306 28 0.699902 0.659502 0.0404001 27 6 27 7
2366 2035 331 44 0.69996 0.657545 0.0424152 17 6 17 5
2370 2003 367 14 0.699992 0.65384 0.0461513 26 2 26 2
2446 2031 415 17 0.699964 0.642892 0.0570725 28 2 28 2
2955 2787 168 40 0.599996 0.575721 0.0242747 32 5 32 5
3041 2819 222 30 0.599941 0.569498 0.0304431 30 7 29 6
3069 2783 286 39 0.599907 0.562896 0.0370112 28 11 29 11
3080 2889 191 12 0.59996 0.572002 0.0279577 27 5 27 5
3115 2887 228 15 0.599902 0.56981 0.0300913 27 4 27 4
3134 2763 371 5 0.599903 0.544836 0.0550676 32 4 32 3
3317 2810 507 23 0.599938 0.52616 0.0737779 29 6 29 6
3373 2831 542 0 0.599963 0.518355 0.0816073 32 3 32 3
3650 3420 230 25 0.499805 0.463419 0.0363854 25 13 25 13
3761 3596 165 34 0.499961 0.478047 0.0219138 30 7 30 6
4026 3470 556 11 0.499993 0.419835 0.0801575 32 5 32 5
4063 3704 359 26 0.699988 0.636723 0.0632654 28 13 24 13
4102 3368 734 13 0.499905 0.358771 0.141133 30 10 30 10
4115 3559 556 27 0.49996 0.424273 0.075687 34 5 34 4
4191 3433 758 37 0.499861 0.359012 0.140849 24 13 24 13
4346 4248 98 8 0.399941 0.386701 0.0132399 24 15 24 15
4490 4285 205 33 0.399987 0.377674 0.0223137 32 6 32 6
4618 4464 154 3 0.399929 0.376742 0.0231867 24 17 24 17
4820 3424 1396 32 0.499962 0.270199 0.229763 30 5 30 5
5015 4281 734 19 0.599979 0.494447 0.105532 29 10 27 10
5097 4247 850 41 0.39995 0.274209 0.125741 28 9 28 9
5103 5024 79 35 0.799995 0.787026 0.0129688 26 7 7 4
5215 4254 961 43 0.399946 0.236399 0.163547 33 10 33 9
5459 5056 403 20 0.299914 0.247811 0.0521028 30 10 30 10
5468 4564 904 18 0.699905 0.566903 0.133001 32 8 27 8
5574 5310 264 2 0.599832 0.554452 0.0453802 29 10 25 9
5981 5287 694 7 0.599937 0.486982 0.112955 25 5 17 5
6011 5178 833 9 0.299921 0.171897 0.128023 29 15 29 14
6019 5917 102 22 0.699979 0.684688 0.0152903 23 15 15 14
6545 5974 571 28 0.699817 0.608317 0.0915008 36 3 17 2
6590 6060 530 14 0.699969 0.603551 0.0964178 27 10 17 10
6679 5436 1243 21 0.599974 0.378233 0.221741 25 13 18 13
7060 6920 140 4 0.399904 0.377324 0.0225796 31 5 29 5
7643 6026 1617 6 0.499998 0.202496 0.297502 27 13 21 13
7751 5985 1766 29 0.399993 0.103597 0.296396 30 11 28 11
7756 6636 1120 39 0.799938 0.61589 0.184049 29 11 5 1
7801 7506 295 24 0.299982 0.257065 0.0429168 26 17 24 17
7861 7637 224 17 0.49994 0.468874 0.0310667 24 16 18 16
7862 6288 1574 38 0.499807 0.240817 0.25899 30 7 24 7
8395 8063 332 5 0.599986 0.555175 0.0448111 28 15 21 15
8415 8207 208 31 0.39995 0.374355 0.0255949 29 14 25 14
8416 7996 420 36 0.299927 0.244773 0.0551536 25 14 19 13
8552 8496 56 19 0.79987 0.790916 0.00895303 32 9 11 3
8583 7792 791 1 0.299857 0.198444 0.101413 27 14 25 14
8901 8575 326 30 0.499966 0.457907 0.0420592 32 11 19 10
8955 8858 97 25 0.599968 0.585408 0.0145596 30 12 23 10
9413 9270 143 44 0.299904 0.280464 0.01944 30 13 26 13
9489 9084 405 16 0.299805 0.244243 0.0555615 30 14 25 14
9667 8578 1089 40 0.499915 0.319022 0.180893 31 11 24 10
9703 8291 1412 0 0.599997 0.345754 0.254243 25 15 20 15
10304 8751 1553 27 0.69989 0.521532 0.178358 37 6 23 3
10324 10198 126 23 0.299791 0.279023 0.0207679 26 14 20 12
10330 10203 127 11 0.499907 0.482366 0.0175411 34 9 27 7
10374 10078 296 12 0.299989 0.255775 0.0442144 28 15 26 15
10980 10833 147 32 0.599944 0.576718 0.0232261 32 9 25 8
11250 10335 915 28 0.699917 0.571393 0.128525 29 12 20 11
11263 10504 759 7 0.69988 0.587282 0.112598 30 9 11 6
11281 11204 77 34 0.279731 0.268276 0.0114558 20 23 15 20
11780 11697 83 33 0.374464 0.363297 0.0111672 28 15 23 14
11962 11151 811 35 0.29979 0.146654 0.153136 29 13 26 12
12077 11913 164 41 0.499952 0.476236 0.0237156 27 15 21 12
12216 11972 244 37 0.299961 0.264914 0.0350465 35 10 30 8
12409 11795 614 3 0.399977 0.307364 0.0926128 33 11 30 7
12682 11081 1601 26 0.299946 0.0872106 0.212735 27 17 16 14
12940 12546 394 18 0.299963 0.247108 0.0528554 32 11 26 10
13026 11606 1420 39 0.699898 0.496078 0.20382 31 12 18 9
13054 12209 845 8 0.299835 0.184339 0.115496 30 14 25 13
13361 10481 2880 43 0.699916 0.224921 0.474995 35 9 16 4
13511 13143 368 9 0.499776 0.452993 0.0467829 35 9 28 7
13542 13216 326 6 0.7 0.657379 0.0426207 26 16 15 10
13651 13458 193 4 0.499897 0.469764 0.0301335 30 9 22 9
13715 11789 1926 22 0.399936 0.0355676 0.364368 31 12 24 11
13800 13742 58 25 0.599888 0.591445 0.00844289 34 10 23 8
13809 13285 524 19 0.499953 0.421101 0.0788522 36 6 27 4
13852 12566 1286 5 0.699941 0.508897 0.191044 26 18 17 7
14237 13521 716 14 0.299795 0.20923 0.0905649 26 17 22 16
14447 13834 613 17 0.499959 0.406254 0.0937055 25 18 16 13
14794 14651 143 31 0.499976 0.4801 0.0198756 22 22 17 19
15314 14747 567 38 0.499839 0.395105 0.104734 27 12 20 8
15726 15284 442 29 0.399923 0.329591 0.0703322 28 15 18 13
15788 15524 264 23 0.699982 0.663656 0.0363261 23 18 11 9
15819 14791 1028 11 0.69992 0.542324 0.157597 36 8 20 7
16020 14719 1301 24 0.499908 0.237983 0.261925 29 14 17 9
16578 16405 173 1 0.399951 0.376214 0.0237371 30 13 25 10
16862 16735 127 27 0.299995 0.283345 0.0166496 27 16 16 14
16886 16655 231 36 0.299989 0.269397 0.030592 28 15 24 9
16933 16442 491 32 0.499838 0.432639 0.0671994 29 13 11 8
18002 17430 572 0 0.299918 0.209305 0.0906123 27 17 21 14
18008 17637 371 40 0.299961 0.250807 0.049154 27 17 20 14
18028 16696 1332 33 0.699956 0.487784 0.212172 33 10 14 6
18219 17736 483 44 0.299892 0.229444 0.0704478 29 15 20 12
18236 18102 134 6 0.599901 0.580966 0.0189351 28 16 13 4
18335 18280 55 3 0.399917 0.39218 0.00773775 28 16 4 5
18572 17518 1054 7 0.399909 0.248816 0.151093 26 16 18 14
18636 17365 1271 16 0.369419 0.153324 0.216095 30 14 21 10
19070 18445 625 25 0.599896 0.486606 0.113289 37 7 20 5
19214 19161 53 5 0.470973 0.462677 0.00829575 30 14 7 3
19413 18294 1119 28 0.299949 0.108433 0.191516 29 13 23 12
19478 19179 299 19 0.59999 0.562748 0.0372422 35 7 17 4
19541 18901 640 12 0.299955 0.206438 0.0935168 25 18 21 15
19588 19428 160 41 0.299977 0.277179 0.0227981 30 13 22 10
20072 20019 53 26 0.399861 0.391188 0.00867304 24 20 3 8
20215 18740 1475 43 0.699933 0.432732 0.267201 36 8 17 4
20286 19984 302 11 0.699966 0.6507 0.0492657 31 13 11 9
21287 20471 816 8 0.499806 0.373707 0.126099 29 15 17 8
21289 20787 502 29 0.699916 0.612489 0.0874274 23 20 9 8
21331 20684 647 35 0.299899 0.209524 0.0903753 21 22 13 17
21394 19836 1558 14 0.699944 0.454881 0.245064 29 14 15 8
21479 21341 138 4 0.29989 0.279076 0.0208143 28 15 19 10
21494 19238 2256 37 0.499993 0.075945 0.424048 32 13 18 8
21535 21026 509 23 0.499913 0.411979 0.087934 23 20 12 14
21639 20831 808 38 0.582322 0.462719 0.119602 28 12 12 9
22244 22189 55 17 0.299992 0.292763 0.00722952 21 22 14 16
22392 22047 345 27 0.699926 0.65297 0.0469561 25 19 12 8
22718 22396 322 22 0.399925 0.354829 0.0450969 32 12 19 9
22797 22349 448 31 0.299898 0.236053 0.063845 26 18 16 12
22904 22731 173 24 0.399854 0.366519 0.033335 29 15 5 4
23776 23056 720 1 0.49997 0.391481 0.108489 29 14 18 6
24188 23534 654 0 0.699981 0.582854 0.117127 32 12 13 5
24398 24345 53 14 0.899826 0.893118 0.00670737 31 12 7 1
24595 24542 53 7 0.599876 0.592119 0.00775782 25 17 5 3
24774 24470 304 19 0.599956 0.561161 0.0387947 37 6 13 3
24982 24929 53 3 0.29993 0.290985 0.00894431 32 12 10 3
25065 24961 104 5 0.399952 0.381838 0.018114 27 17 4 4
25337 25001 336 40 0.499964 0.451045 0.0489193 26 18 14 8
25614 25326 288 16 0.599918 0.562959 0.0369593 31 13 14 3
25626 25563 63 11 0.499975 0.491832 0.00814332 33 11 13 5
25692 25570 122 12 0.399854 0.381298 0.018556 23 20 6 4
25833 25383 450 36 0.299838 0.237886 0.0619515 30 13 20 5
26182 25740 442 33 0.299859 0.239042 0.0608171 29 14 15 7
26211 26156 55 23 0.699866 0.690858 0.0090076 23 20 11 6
26250 26011 239 44 0.399938 0.36808 0.0318579 32 12 18 6
26270 26129 141 26 0.299826 0.27914 0.0206864 24 20 4 5
26941 26834 107 29 0.499998 0.486931 0.0130675 25 18 17 6
27123 24665 2458 6 0.399977 0.00192143 0.398056 28 16 16 8
27123 26844 279 37 0.799921 0.760166 0.0397552 33 12 11 3
27552 26308 1244 25 0.299916 0.108265 0.191651 32 12 15 9
27621 27463 158 43 0.399981 0.377311 0.0226696 38 6 15 3
27629 27189 440 28 0.399981 0.334248 0.0657329 27 15 13 7
28625 28572 53 24 0.499889 0.492606 0.00728383 31 13 4 1
28670 27549 1121 0 0.799959 0.602462 0.197497 32 12 9 2
28845 28188 657 41 0.299899 0.190004 0.109895 30 13 18 5
29176 28905 271 19 0.699966 0.662572 0.0373947 34 9 15 5
29329 28729 600 14 0.399936 0.300034 0.0999014 26 17 14 8
29367 29292 75 8 0.299892 0.286503 0.0133893 29 15 17 8
29370 29254 116 38 0.299913 0.284379 0.015534 26 15 16 11
29467 29095 372 17 0.499962 0.450924 0.0490378 19 25 14 11
29648 29348 300 27 0.299908 0.258323 0.041585 28 16 17 9
29853 29256 597 22 0.499988 0.405674 0.0943147 36 8 19 2
