761 705 56 7 0.899916 0.891602 0.00831358 19 3 18 1
763 710 53 8 0.899892 0.891945 0.00794715 12 0 12 0
787 712 75 37 0.899889 0.889455 0.0104346 14 0 14 0
788 660 128 9 0.899952 0.883499 0.0164529 14 0 14 0
937 613 324 17 0.899982 0.855023 0.0449587 15 2 14 1
1425 1334 91 35 0.799896 0.788162 0.0117334 21 4 20 3
1528 1317 211 30 0.799958 0.76874 0.0312184 18 4 18 2
1626 1418 208 32 0.799949 0.767504 0.0324449 24 5 23 4
1659 1389 270 18 0.799924 0.758921 0.0410027 19 2 18 0
1709 1362 347 1 0.799903 0.75489 0.0450129 18 0 18 0
1798 1422 376 15 0.799891 0.751902 0.0479889 27 3 27 3
2076 2023 53 40 0.699903 0.692825 0.00707802 29 6 29 5
2143 2072 71 10 0.699845 0.69007 0.0097749 22 2 22 2
2235 2062 173 43 0.699821 0.67376 0.0260611 23 2 23 2
2274 2071 203 20 0.699953 0.670315 0.0296388 22 2 22 2
2293 2058 235 16 0.699999 0.668179 0.0318197 28 4 28 4
2302 2105 197 5 0.699885 0.671429 0.0284567 27 5 27 5
2446 2053 393 28 0.699847 0.647313 0.052534 24 2 24 1
2821 2705 116 39 0.599985 0.583189 0.0167966 29 10 29 8
2841 2719 122 34 0.599977 0.58397 0.0160072 23 10 23 10
2999 2734 265 44 0.599894 0.562133 0.0377604 28 4 28 4
3011 2803 208 26 0.599947 0.570958 0.0289882 27 5 28 5
3085 2799 286 13 0.59985 0.555246 0.0446042 25 3 25 3
3224 2820 404 25 0.599989 0.541343 0.0586465 32 4 31 3
3246 2754 492 12 0.599957 0.530174 0.0697833 25 4 25 4
3267 2758 509 31 0.599852 0.534927 0.0649251 30 3 30 3
3378 3265 113 8 0.699924 0.68369 0.0162346 26 5 22 5
3729 3382 347 29 0.499763 0.455336 0.0444263 26 12 26 12
3773 2999 774 14 0.599892 0.470188 0.129704 31 2 31 2
3776 3447 329 42 0.499984 0.458984 0.0409998 31 8 31 8
3816 3561 255 11 0.499848 0.465067 0.0347811 33 6 33 6
3886 3570 316 22 0.499817 0.454472 0.0453459 28 6 28 6
4062 3522 540 23 0.499937 0.413751 0.0861854 25 13 25 13
4117 2848 1269 27 0.599906 0.391182 0.208724 28 4 28 4
4223 3879 344 37 0.599959 0.552171 0.0477883 25 10 23 10
4384 4206 178 24 0.39998 0.374019 0.0259609 29 7 29 7
4514 4131 383 33 0.399783 0.340299 0.0594842 31 11 30 11
4620 4557 63 19 0.368144 0.360297 0.00784695 29 7 29 7
4636 4166 470 21 0.399927 0.328254 0.0716737 28 9 28 9
4891 4815 76 9 0.499944 0.488782 0.0111622 25 17 25 17
5105 4967 138 38 0.299982 0.283578 0.0164034 35 8 35 8
5160 4059 1101 0 0.399927 0.207769 0.192158 25 13 25 13
5311 5057 254 3 0.299888 0.264791 0.0350962 30 12 30 12
5402 4954 448 6 0.299998 0.238703 0.061295 26 16 26 16
5483 5243 240 15 0.69994 0.668518 0.0314217 35 6 19 4
5582 4296 1286 36 0.39999 0.187522 0.212469 28 11 28 10
6059 5647 412 30 0.599983 0.526391 0.0735921 21 12 11 9
6442 6389 53 40 0.599854 0.590985 0.00886924 23 10 7 7
6458 4198 2260 2 0.399909 0.0248305 0.375078 30 8 30 8
6514 6189 325 7 0.299947 0.25303 0.046917 29 13 28 12
6722 5064 1658 17 0.499946 0.233658 0.266289 21 18 18 17
7145 5754 1391 13 0.899971 0.694183 0.205788 31 1 7 0
7335 6951 384 34 0.69989 0.643729 0.0561617 29 10 12 4
7513 7436 77 25 0.699933 0.690116 0.00981698 36 2 19 1
7533 7429 104 12 0.699995 0.684606 0.0153885 24 9 11 5
7718 7269 449 18 0.399908 0.329363 0.0705452 26 16 23 16
7751 6622 1129 43 0.599904 0.43227 0.167634 27 14 17 12
7966 7609 357 39 0.599922 0.55333 0.0465915 34 9 24 7
8012 7943 69 1 0.299795 0.289618 0.0101762 19 25 17 25
8043 7760 283 35 0.29993 0.263941 0.0359891 30 10 27 10
8762 7583 1179 26 0.599899 0.406359 0.19354 33 5 18 3
8852 8171 681 5 0.399908 0.315389 0.0845191 31 11 25 11
9058 8550 508 44 0.499961 0.423849 0.0761121 35 7 21 6
9182 8005 1177 32 0.29997 0.0957624 0.204208 27 14 26 14
9319 8724 595 10 0.299948 0.207459 0.0924895 24 17 23 17
9336 8840 496 16 0.29993 0.224912 0.0750177 27 12 22 10
9394 8904 490 27 0.699965 0.628067 0.0718984 32 4 20 3
9484 9143 341 33 0.699946 0.645949 0.0539965 29 14 9 5
9535 8152 1383 20 0.399975 0.238957 0.161018 24 17 21 17
9625 9070 555 37 0.599931 0.516897 0.0830339 27 11 14 5
10136 9907 229 31 0.399907 0.366347 0.0335592 32 8 27 8
10165 9694 471 42 0.499996 0.432293 0.0677028 34 9 26 6
10250 10125 125 8 0.299845 0.283328 0.0165176 30 11 30 11
10583 10514 69 0 0.699893 0.689958 0.00993486 23 17 16 10
10855 9950 905 9 0.599945 0.45113 0.148815 28 16 22 11
10869 10759 110 6 0.699967 0.682901 0.0170661 32 12 14 4
11101 9131 1970 15 0.699968 0.32517 0.374798 34 8 13 3
11131 10897 234 40 0.499956 0.458473 0.0414831 21 17 11 14
11267 11214 53 36 0.694308 0.687728 0.00658013 29 11 6 5
11316 10972 344 14 0.299991 0.256142 0.0438497 24 18 22 17
11399 9811 1588 24 0.599967 0.318679 0.281288 30 11 21 9
11487 11126 361 21 0.499929 0.453786 0.0461433 25 17 16 17
11491 10269 1222 29 0.399989 0.208007 0.191982 27 17 25 16
11622 10911 711 30 0.599971 0.484833 0.115139 30 10 20 7
11656 11278 378 19 0.499986 0.441114 0.0588715 29 15 19 13
11819 11495 324 23 0.299999 0.251494 0.0485048 26 15 22 13
11908 9828 2080 3 0.799941 0.423578 0.376362 33 11 18 6
11950 11508 442 22 0.29998 0.245457 0.0545231 25 19 23 19
12782 11152 1630 11 0.299975 0.00423438 0.29574 27 17 22 16
12972 12853 119 38 0.299974 0.284662 0.0153113 24 19 17 18
13489 13319 170 12 0.399952 0.375985 0.0239662 30 14 25 11
13540 13186 354 39 0.499986 0.449509 0.0504768 32 12 13 8
13782 12811 971 13 0.39994 0.257559 0.142381 32 8 17 8
13786 13232 554 25 0.399864 0.325154 0.0747104 31 13 26 12
14231 13959 272 18 0.499973 0.460618 0.0393549 25 18 18 14
14390 13893 497 44 0.69994 0.624107 0.075833 33 11 16 8
14508 14323 185 7 0.29998 0.277382 0.0225982 28 17 20 12
14578 14301 277 34 0.299947 0.260717 0.0392298 33 11 30 8
14948 14647 301 42 0.699991 0.655003 0.0449886 35 9 21 7
15049 13968 1081 1 0.599946 0.424369 0.175577 27 17 20 6
15179 14754 425 27 0.499936 0.440255 0.0596813 29 14 22 13
15187 15134 53 9 0.699824 0.690626 0.0091981 35 9 15 4
15205 14930 275 0 0.599814 0.560954 0.0388598 37 7 24 3
15230 15021 209 17 0.299927 0.272305 0.0276222 33 11 28 5
15592 15261 331 43 0.299769 0.255001 0.0447681 32 11 28 8
15643 15528 115 35 0.399993 0.386179 0.0138141 32 12 23 11
15823 15537 286 40 0.699878 0.65308 0.0467976 28 14 20 8
15845 15437 408 2 0.299953 0.248422 0.0515307 28 16 22 15
15858 15530 328 33 0.39996 0.355602 0.0443577 33 11 26 7
15961 15768 193 20 0.499862 0.472295 0.0275673 27 17 20 12
16348 15846 502 32 0.599946 0.516943 0.0830031 36 8 22 3
16459 16391 68 10 0.499781 0.49137 0.00841082 34 10 28 7
16517 16093 424 37 0.399931 0.340583 0.0593478 34 8 28 7
16628 16294 334 16 0.499988 0.454807 0.0451814 31 11 22 7
17059 16780 279 30 0.599985 0.562007 0.0379771 29 14 20 10
17132 16450 682 26 0.29979 0.226861 0.0729291 29 12 21 11
17170 16384 786 36 0.499913 0.384769 0.115145 23 19 17 17
18042 17798 244 29 0.599955 0.564619 0.0353361 26 18 19 10
18090 17986 104 39 0.699926 0.683972 0.0159538 26 18 12 11
18166 16942 1224 5 0.29994 0.123574 0.176366 29 14 23 13
18213 17681 532 8 0.399938 0.311426 0.0885119 26 16 11 8
18214 17920 294 23 0.599923 0.55886 0.0410634 27 16 22 8
18409 18356 53 44 0.67901 0.67235 0.00666006 32 12 9 5
18410 18086 324 3 0.499951 0.441193 0.0587578 32 12 9 6
18545 18012 533 31 0.299898 0.22474 0.0751584 36 8 29 6
18631 16831 1800 6 0.399977 0.0932405 0.306736 34 10 25 7
18644 18276 368 9 0.699966 0.649855 0.0501111 31 13 12 9
18798 18272 526 12 0.699952 0.605927 0.0940253 33 12 18 7
19164 18853 311 21 0.299932 0.254638 0.045294 26 18 19 12
19170 18652 518 24 0.399998 0.319678 0.0803192 27 16 22 11
19266 19070 196 15 0.299858 0.27167 0.0281875 28 16 19 13
19305 18982 323 14 0.399936 0.351074 0.048862 27 17 23 10
19311 18981 330 22 0.499768 0.44852 0.0512484 28 16 23 9
19368 19075 293 38 0.599956 0.554999 0.044957 31 12 19 11
19427 19197 230 19 0.29979 0.271396 0.0283934 30 14 25 12
19565 19283 282 40 0.699925 0.661361 0.0385641 26 17 15 11
20186 19655 531 0 0.599954 0.501446 0.0985073 34 10 18 6
20336 19882 454 11 0.599973 0.532496 0.0674775 31 13 21 8
20343 20222 121 27 0.499981 0.477443 0.0225379 25 18 12 11
20371 19929 442 10 0.799776 0.726012 0.0737636 30 14 13 7
20445 20297 148 1 0.599953 0.579676 0.0202771 23 21 18 11
20505 20222 283 25 0.49993 0.463381 0.0365485 33 11 20 8
21419 20963 456 42 0.399893 0.331826 0.0680676 36 8 30 8
21572 21252 320 32 0.599912 0.558935 0.0409763 33 11 20 8
21620 20357 1263 35 0.699869 0.482269 0.2176 33 11 15 3
21626 21151 475 7 0.499979 0.434766 0.0652131 27 18 25 11
21899 20462 1437 2 0.79992 0.578335 0.221585 29 15 19 6
21973 21605 368 33 0.599968 0.546416 0.0535517 33 11 20 6
22003 21637 366 18 0.299942 0.243573 0.0563691 24 20 18 14
22157 21633 524 43 0.599983 0.521241 0.0787424 29 14 19 8
22329 21473 856 37 0.699926 0.590743 0.109182 32 10 12 7
22854 22497 357 40 0.799911 0.749057 0.0508545 32 12 15 2
22887 22666 221 26 0.699949 0.668005 0.0319439 31 10 13 7
22925 22565 360 13 0.299983 0.252349 0.047634 31 13 20 9
22965 22668 297 16 0.49994 0.461031 0.0389093 30 13 25 10
23173 22876 297 44 0.599969 0.552204 0.0477654 28 16 15 12
23389 23164 225 17 0.299926 0.268975 0.0309513 25 19 19 17
23544 23405 139 8 0.699997 0.677705 0.0222922 26 17 17 7
23736 23390 346 12 0.599904 0.557407 0.0424965 36 9 15 3
23825 22972 853 34 0.299917 0.134008 0.165909 34 10 27 5
23835 23358 477 36 0.499983 0.432895 0.0670882 28 15 20 12
23924 22708 1216 30 0.49988 0.291925 0.207955 33 9 21 3
24170 23758 412 9 0.499959 0.440746 0.0592125 32 12 20 8
24185 23885 300 22 0.699973 0.658642 0.0413315 31 13 22 5
24366 24269 97 3 0.499761 0.485919 0.0138421 25 19 19 15
24552 24202 350 23 0.399954 0.35289 0.0470642 25 18 19 10
24696 24350 346 0 0.699899 0.655 0.0448986 30 14 17 10
24881 24454 427 39 0.299899 0.241521 0.058378 31 13 26 11
25014 23446 1568 20 0.299895 0.0150533 0.284842 34 10 30 5
25077 24744 333 38 0.499834 0.446196 0.0536381 33 11 29 7
25255 25202 53 35 0.799922 0.793361 0.00656063 34 10 21 7
25662 25607 55 32 0.699815 0.69142 0.00839473 31 13 15 8
25670 25501 169 37 0.799893 0.776938 0.0229554 34 8 18 3
25891 25245 646 29 0.299837 0.221377 0.0784599 29 15 27 11
25947 25619 328 6 0.499966 0.448214 0.0517527 28 16 19 12
26008 25821 187 1 0.499994 0.476075 0.0239187 26 18 20 13
26012 25959 53 21 0.499967 0.491888 0.00807864 27 17 20 9
26067 25824 243 14 0.499981 0.460613 0.0393679 32 12 24 7
26297 26173 124 19 0.499939 0.480402 0.0195378 32 12 24 5
26832 26238 594 25 0.499985 0.411852 0.0881336 32 12 24 9
26894 26812 82 40 0.59991 0.589569 0.010341 29 15 7 8
26989 26581 408 2 0.599849 0.532618 0.0672308 29 15 18 8
27021 26784 237 31 0.299908 0.267359 0.0325492 29 15 23 14
27106 26704 402 15 0.399929 0.34567 0.0542593 34 10 25 5
27437 26524 913 26 0.699969 0.587552 0.112417 29 12 13 8
27530 26985 545 27 0.399975 0.310103 0.0898718 28 15 23 13
27539 26894 645 10 0.299959 0.206511 0.0934484 33 11 24 7
27636 27411 225 11 0.299926 0.266612 0.0333145 31 13 25 12
27694 27517 177 7 0.499841 0.47667 0.0231718 28 17 23 9
28000 27853 147 43 0.499931 0.480562 0.0193692 26 17 17 11
28130 27297 833 24 0.299892 0.163752 0.13614 36 8 30 4
28249 26905 1344 5 0.299976 0.0738962 0.22608 30 14 25 11
28373 27947 426 12 0.699987 0.629336 0.0706508 35 10 20 6
28560 27752 808 8 0.599986 0.474548 0.125438 33 11 24 5
28803 28437 366 35 0.699912 0.652687 0.0472255 31 13 18 10
28884 28677 207 17 0.699907 0.6714 0.0285078 30 14 17 5
29396 28868 528 44 0.49994 0.419279 0.0806615 28 16 12 10
29718 29483 235 18 0.399954 0.370001 0.0299529 26 18 22 12
29850 27828 2022 42 0.499985 0.180001 0.319984 30 14 17 13
