742 689 53 11 0.899766 0.893049 0.00671673 11 0 11 0
814 683 131 38 0.899971 0.880332 0.0196388 9 0 9 0
1006 717 289 23 0.899938 0.859888 0.0400501 21 0 21 0
1042 698 344 13 0.899871 0.856102 0.0437683 17 3 17 1
1524 1335 189 35 0.799898 0.77474 0.0251581 20 5 21 4
1608 1296 312 25 0.799947 0.759884 0.0400631 20 3 21 2
1714 1363 351 1 0.799989 0.753803 0.0461857 22 0 22 0
2138 2005 133 44 0.699937 0.683225 0.0167113 30 1 31 1
2167 2114 53 2 0.699939 0.692859 0.00707988 29 1 29 1
2201 2077 124 27 0.699983 0.683827 0.0161556 27 4 28 4
2203 2102 101 29 0.6999 0.685487 0.0144129 30 2 29 1
2210 2040 170 14 0.699955 0.677474 0.0224814 28 2 28 2
2235 2060 175 21 0.699922 0.675861 0.0240608 23 2 23 2
2265 2091 174 0 0.699801 0.674987 0.0248143 19 2 19 2
2296 2109 187 31 0.699911 0.671319 0.0285928 34 3 33 2
2310 1997 313 18 0.699999 0.655111 0.0448887 31 1 30 0
2357 1983 374 20 0.69981 0.653929 0.0458809 32 3 33 2
2859 2684 175 12 0.599925 0.575413 0.0245122 34 4 34 4
2867 2784 83 15 0.599886 0.587117 0.0127689 27 5 27 5
2889 2639 250 19 0.599901 0.56708 0.0328208 21 4 24 7
2948 2713 235 10 0.59997 0.567568 0.0324017 23 7 23 7
2960 2879 81 3 0.599947 0.588842 0.011105 30 5 30 5
2971 2704 267 17 0.599962 0.563835 0.0361271 25 2 25 2
2989 2598 391 11 0.7999 0.74876 0.0511396 21 5 17 5
2997 2709 288 9 0.599962 0.562864 0.0370984 31 7 32 7
3191 2817 374 4 0.599828 0.539891 0.059937 24 7 24 7
3588 3509 79 5 0.499911 0.486681 0.0132302 26 8 26 8
3640 3467 173 41 0.499931 0.475962 0.0239682 33 4 32 3
3731 3418 313 39 0.49999 0.45772 0.0422707 21 7 21 7
3734 3491 243 8 0.49994 0.469417 0.030523 29 3 29 3
3782 3439 343 16 0.499912 0.452798 0.0471141 31 8 31 8
3844 3497 347 40 0.499917 0.455068 0.0448491 26 9 26 9
3873 3520 353 6 0.499988 0.452901 0.0470875 29 6 29 6
4366 4250 116 36 0.399991 0.385864 0.0141269 31 6 31 6
4419 4321 98 26 0.399812 0.382612 0.0172007 28 11 28 11
4507 2890 1617 43 0.599906 0.357253 0.242653 24 8 24 8
4546 4192 354 30 0.399788 0.347138 0.0526497 26 14 25 15
4629 4228 401 7 0.399984 0.341871 0.0581129 29 9 29 9
4655 4238 417 24 0.399924 0.343312 0.0566126 34 4 35 4
4753 3553 1200 22 0.499996 0.326866 0.17313 34 5 35 5
5287 4907 380 37 0.29996 0.249144 0.0508167 29 12 29 12
5401 4200 1201 32 0.39999 0.183003 0.216987 24 12 24 12
5443 4945 498 29 0.799927 0.729742 0.0701852 30 5 14 4
5531 5193 338 23 0.499803 0.450477 0.0493266 22 18 20 18
5558 5060 498 42 0.299895 0.227913 0.071982 34 4 33 3
6252 5232 1020 34 0.299934 0.130776 0.169158 24 17 24 17
6321 4115 2206 38 0.599896 0.236663 0.363233 24 1 20 1
6401 4677 1724 13 0.599987 0.370761 0.229227 26 7 21 6
6444 5113 1331 33 0.299894 0.0764429 0.223451 24 18 24 18
6640 4375 2265 28 0.399933 0.0271609 0.372772 31 8 31 8
6724 6443 281 25 0.499973 0.461763 0.0382098 27 12 21 12
7163 6992 171 11 0.599905 0.577121 0.0227839 27 12 17 12
7470 7016 454 35 0.399943 0.337145 0.0627972 24 13 21 13
7674 7029 645 9 0.699901 0.610628 0.0892732 33 7 20 7
7829 7772 57 10 0.599806 0.592503 0.00730351 27 5 13 3
7953 7798 155 17 0.599942 0.579772 0.0201701 30 6 18 6
8232 8043 189 14 0.399993 0.374336 0.025657 33 8 25 8
8363 8090 273 1 0.2999 0.264538 0.0353625 25 17 23 17
8470 8288 182 19 0.499913 0.471224 0.0286892 25 15 22 13
8484 8241 243 3 0.499998 0.463563 0.0364354 33 6 25 5
8508 8316 192 12 0.499921 0.470135 0.0297851 25 18 19 18
8510 6764 1746 18 0.599913 0.322946 0.276967 32 9 23 8
8522 8215 307 8 0.699915 0.659776 0.0401392 34 7 24 6
8630 8173 457 31 0.399965 0.334189 0.0657759 30 13 26 13
8639 7756 883 21 0.399997 0.245308 0.154688 23 15 22 15
8670 8211 459 44 0.399977 0.336939 0.0630378 29 12 23 12
9103 8646 457 2 0.299909 0.238607 0.0613018 32 11 31 11
9195 8499 696 27 0.299923 0.2166 0.0833235 29 11 26 10
9575 9148 427 20 0.299782 0.23314 0.0666423 24 17 20 17
9851 9617 234 39 0.499927 0.467514 0.0324129 22 18 19 16
9912 7583 2329 15 0.599979 0.185941 0.414038 28 13 19 13
9931 9554 377 30 0.699932 0.648397 0.0515344 33 11 22 5
10127 9700 427 7 0.699987 0.637812 0.0621752 31 10 17 4
11029 9887 1142 40 0.499893 0.322824 0.177069 28 14 22 12
11234 10395 839 41 0.399901 0.271117 0.128784 27 17 19 15
11244 10446 798 24 0.599949 0.488589 0.11136 35 7 18 4
11362 10272 1090 4 0.299999 0.123706 0.176293 33 10 31 9
11667 10935 732 5 0.299853 0.169327 0.130527 25 18 23 17
11695 11274 421 13 0.699995 0.640245 0.0597497 31 5 17 4
11829 11300 529 29 0.399964 0.32358 0.0763837 23 20 18 18
11985 11524 461 23 0.49998 0.425257 0.0747238 25 19 22 16
12376 12209 167 38 0.599991 0.576708 0.0232825 27 9 17 9
12383 11385 998 26 0.399906 0.235238 0.164667 24 20 22 18
12779 12589 190 43 0.299928 0.274365 0.0255627 26 16 24 14
12853 10706 2147 16 0.399944 0.0179304 0.382014 34 10 30 9
13021 12834 187 22 0.299907 0.269832 0.0300752 28 15 23 14
13205 10650 2555 37 0.69991 0.251442 0.448468 28 14 16 10
13328 12173 1155 36 0.299818 0.119679 0.180139 35 7 29 7
13766 13343 423 17 0.499905 0.435161 0.0647437 33 9 23 8
13796 12065 1731 25 0.599981 0.308495 0.291486 27 16 20 12
14336 14283 53 11 0.285219 0.277028 0.00819152 25 18 18 13
14438 14339 99 9 0.299878 0.286514 0.0133641 30 14 28 14
14659 12471 2188 42 0.499955 0.186116 0.313839 30 14 24 13
14792 14499 293 10 0.299784 0.254356 0.0454282 28 15 27 14
14918 14624 294 7 0.599879 0.55292 0.0469598 29 15 27 13
14949 14849 100 18 0.499958 0.485612 0.014346 29 14 25 11
15127 15024 103 34 0.299905 0.284654 0.015251 26 17 22 15
15200 15107 93 28 0.399914 0.387746 0.012168 30 14 24 14
15226 15061 165 12 0.399957 0.376134 0.0238239 35 9 30 5
15280 14364 916 32 0.299817 0.130939 0.168878 29 12 23 8
15299 15096 203 1 0.499897 0.473854 0.0260432 35 7 26 0
15326 15273 53 3 0.371006 0.36238 0.00862595 27 16 21 14
15355 15231 124 33 0.299848 0.2809 0.0189488 29 15 23 14
15366 15223 143 8 0.299956 0.280648 0.0193075 34 10 31 10
15469 15416 53 21 0.399948 0.391799 0.00814878 24 19 21 18
15619 15316 303 35 0.299997 0.261107 0.0388899 38 4 32 3
16356 15145 1211 2 0.599975 0.456251 0.143724 37 7 22 3
16373 15668 705 31 0.399927 0.296399 0.103528 27 17 20 14
16728 14927 1801 44 0.499902 0.26123 0.238672 31 13 23 10
16816 16367 449 24 0.59994 0.532726 0.0672139 38 6 21 4
16843 15453 1390 15 0.699905 0.434927 0.264978 26 18 19 16
17228 15249 1979 19 0.39977 0.0744327 0.325338 29 15 26 10
17252 16116 1136 14 0.299956 0.143522 0.156434 35 9 30 9
17691 17259 432 20 0.399945 0.335798 0.0641464 33 10 29 4
17870 17542 328 39 0.299972 0.253796 0.0461764 27 17 24 15
18743 16891 1852 40 0.59989 0.285379 0.314511 31 12 19 8
18969 18872 97 23 0.399954 0.387402 0.0125518 29 15 23 10
18984 18564 420 29 0.399772 0.318456 0.0813164 20 24 15 17
19119 17759 1360 27 0.299831 0.0900981 0.209733 27 17 23 17
19543 19106 437 22 0.599892 0.536583 0.0633096 30 13 22 5
19622 19490 132 41 0.299885 0.279904 0.0199806 37 7 33 5
20010 19447 563 38 0.299799 0.205689 0.0941097 29 12 26 11
20055 19745 310 17 0.499998 0.460608 0.0393903 33 11 24 10
20070 19412 658 4 0.399906 0.301197 0.0987084 25 19 16 14
20145 19313 832 18 0.699895 0.563444 0.13645 38 6 19 1
20227 19751 476 43 0.499931 0.432036 0.067895 27 16 20 6
20728 20629 99 9 0.499979 0.484642 0.0153367 30 14 18 7
21303 20762 541 28 0.599896 0.506395 0.0935011 31 13 24 9
22142 22089 53 36 0.299833 0.292506 0.00732711 33 10 11 9
22195 22013 182 16 0.299903 0.273187 0.0267156 29 15 23 14
22386 20556 1830 7 0.499967 0.175309 0.324658 27 17 21 14
22447 22042 405 33 0.499911 0.450876 0.0490348 29 15 21 12
22457 22010 447 25 0.299905 0.230627 0.0692777 31 13 28 10
22651 19735 2916 1 0.699924 0.241905 0.458019 42 2 23 1
22742 20668 2074 37 0.399995 0.0336106 0.366384 22 21 16 17
22781 22728 53 15 0.480254 0.471715 0.00853933 22 22 7 11
22797 22457 340 42 0.39996 0.35255 0.0474106 27 17 19 9
22843 21727 1116 21 0.499967 0.325177 0.17479 27 16 16 10
23019 22651 368 24 0.499912 0.434442 0.0654692 34 10 20 9
23054 22443 611 10 0.399949 0.307812 0.092137 25 18 21 15
23383 23315 68 12 0.275024 0.266714 0.00831081 31 13 26 10
23386 22591 795 11 0.29995 0.184927 0.115023 29 15 24 12
23442 21710 1732 2 0.599948 0.319928 0.28002 33 11 9 5
23483 23101 382 3 0.299896 0.243107 0.056789 30 13 26 12
23516 23374 142 32 0.399869 0.377734 0.0221349 27 17 23 14
24263 23247 1016 35 0.399989 0.225754 0.174235 31 13 20 11
24493 23465 1028 34 0.29991 0.136866 0.163044 32 12 28 6
24574 24521 53 29 0.599915 0.592461 0.00745416 23 21 15 11
24858 21079 3779 8 0.59992 0.000643268 0.599277 25 19 15 16
24978 24673 305 41 0.699949 0.659123 0.0408256 34 10 15 9
25060 24724 336 40 0.599892 0.554144 0.0457482 34 10 19 6
25093 24748 345 22 0.599905 0.555539 0.0443658 31 12 16 6
25097 25036 61 39 0.39976 0.389935 0.00982528 20 24 15 19
25426 25265 161 18 0.499976 0.477704 0.0222719 30 14 11 11
25639 25251 388 20 0.299966 0.244164 0.0558023 31 13 18 9
26021 24592 1429 17 0.69996 0.508972 0.190988 36 8 18 4
26074 25711 363 14 0.29994 0.251878 0.0480627 28 16 13 11
26132 25606 526 43 0.599969 0.518762 0.0812069 31 13 16 6
26293 24763 1530 31 0.29995 0.113276 0.186674 34 10 27 7
26835 26570 265 19 0.299989 0.264663 0.0353256 26 18 17 14
27044 26907 137 27 0.399826 0.379266 0.0205595 21 23 15 16
27405 27017 388 42 0.699924 0.632487 0.0674365 25 19 8 9
27663 27600 63 10 0.699965 0.688409 0.0115566 27 16 8 4
27863 27379 484 9 0.399943 0.331093 0.0688502 31 13 19 9
28202 27874 328 25 0.699876 0.659142 0.0407336 30 14 10 4
28287 28232 55 32 0.699953 0.691106 0.00884693 29 15 13 5
28656 27226 1430 36 0.69989 0.498811 0.201079 33 11 13 6
28681 28417 264 38 0.3 0.261847 0.0381525 28 15 22 10
28911 27989 922 4 0.29999 0.162303 0.137687 30 14 25 11
29187 28408 779 21 0.599931 0.503793 0.0961381 34 10 23 6
29256 29149 107 7 0.399992 0.384897 0.0150951 25 19 12 6
29258 29125 133 2 0.399977 0.375752 0.0242249 34 10 13 6
29419 28947 472 37 0.699901 0.62489 0.0750107 25 18 12 5
29521 29228 293 33 0.399875 0.366878 0.0329964 27 17 18 11
29823 28962 861 16 0.499969 0.394342 0.105628 28 16 16 9
29839 27833 2006 28 0.399896 0.165297 0.234599 30 14 19 8
29928 29665 263 40 0.599916 0.567449 0.0324664 32 12 14 7
