718 665 53 38 0.899993 0.892212 0.00778135 19 1 19 1
742 644 98 7 0.8999 0.885323 0.014577 15 0 15 0
842 669 173 41 0.899954 0.874162 0.0257922 15 3 15 1
1391 1338 53 32 0.799946 0.793514 0.0064314 23 3 24 2
1454 1394 60 13 0.799939 0.79046 0.00947818 21 0 21 0
1489 1345 144 17 0.799759 0.779428 0.0203314 27 0 27 0
1555 1332 223 16 0.799992 0.767446 0.0325455 18 0 18 0
1556 1360 196 40 0.799822 0.770077 0.0297452 19 4 19 2
1602 1391 211 12 0.799812 0.761385 0.0384274 23 2 23 2
1614 1388 226 39 0.7999 0.767558 0.0323423 17 3 18 3
1627 1352 275 30 0.799828 0.752227 0.0476009 20 3 20 1
2075 1980 95 35 0.699933 0.688164 0.0117686 22 5 22 4
2197 2038 159 8 0.699818 0.674791 0.0250269 26 4 26 4
2204 2019 185 37 0.699886 0.67329 0.0265954 24 5 24 5
2239 2054 185 14 0.699978 0.672551 0.0274273 21 2 21 2
2267 1944 323 25 0.699991 0.656268 0.0437234 33 1 34 1
2452 2057 395 34 0.699984 0.647189 0.0527946 29 3 29 2
2909 2667 242 31 0.599841 0.567348 0.0324932 22 9 21 6
2959 2691 268 5 0.599989 0.56655 0.0334381 25 3 25 3
2961 2768 193 24 0.599965 0.573861 0.026104 27 6 27 6
2964 2789 175 4 0.6 0.577374 0.0226259 31 2 31 2
2965 2813 152 20 0.599848 0.578907 0.0209407 24 9 24 8
2993 2696 297 2 0.599975 0.555831 0.0441443 20 5 20 5
3000 2758 242 23 0.599969 0.564839 0.0351306 27 9 27 9
3038 2853 185 33 0.599914 0.574432 0.0254815 33 4 33 4
3087 2798 289 18 0.59993 0.559778 0.040152 21 1 21 1
3133 2659 474 22 0.599951 0.530898 0.0690534 28 4 28 4
3162 2797 365 15 0.599949 0.547556 0.0523929 27 7 26 6
3686 3416 270 10 0.499841 0.466138 0.0337034 33 4 33 4
3848 3387 461 1 0.499972 0.427468 0.0725036 35 7 35 7
3917 3480 437 29 0.49999 0.434107 0.0658832 26 12 26 12
3930 3378 552 3 0.499947 0.424568 0.0753783 26 5 26 5
3953 3505 448 11 0.499933 0.436565 0.063368 29 5 29 5
3963 3475 488 43 0.499974 0.426473 0.0735009 30 5 30 5
4392 4148 244 36 0.399875 0.367649 0.0322259 20 20 20 20
4472 4231 241 26 0.399999 0.369477 0.0305225 32 8 33 8
4537 4348 189 44 0.399895 0.372749 0.0271467 29 4 29 4
4997 4888 109 0 0.299817 0.281871 0.0179459 26 16 26 16
5063 4982 81 41 0.499899 0.488695 0.0112037 29 10 24 9
5095 3454 1641 21 0.499967 0.217313 0.282655 29 4 29 3
5100 4949 151 42 0.29995 0.277174 0.0227757 27 14 27 14
5269 5008 261 19 0.299892 0.26443 0.0354623 24 12 24 12
5538 4623 915 38 0.499929 0.358304 0.141625 27 16 23 15
5669 5360 309 39 0.599956 0.562004 0.0379517 25 11 18 9
5763 4997 766 9 0.299951 0.160105 0.139846 25 19 25 19
5812 3471 2341 27 0.499977 0.0557367 0.444241 28 1 28 1
5818 5043 775 28 0.299899 0.170263 0.129636 19 22 19 22
5896 5802 94 37 0.699965 0.687907 0.012058 31 8 22 8
5981 5619 362 7 0.399939 0.339132 0.060807 24 12 23 12
6266 4340 1926 6 0.39992 0.14844 0.251481 32 5 32 5
6482 5420 1062 17 0.599949 0.453496 0.146453 25 12 18 12
6841 6259 582 34 0.699989 0.614903 0.0850865 33 10 20 10
7092 6886 206 13 0.399985 0.372009 0.0279754 32 11 31 11
7212 7000 212 35 0.499891 0.468729 0.0311618 32 6 28 6
7278 6917 361 16 0.399974 0.34637 0.0536038 32 5 27 5
7802 7648 154 40 0.299991 0.279465 0.0205266 22 21 22 21
7892 7731 161 43 0.799872 0.776138 0.0237337 28 11 18 10
7915 7836 79 2 0.584229 0.572811 0.0114181 32 9 23 8
8144 7818 326 12 0.299953 0.249136 0.050817 32 11 29 10
8277 6101 2176 32 0.499998 0.12258 0.377418 29 8 21 6
8312 6027 2285 25 0.699931 0.309689 0.390242 31 9 20 9
8543 7830 713 44 0.899944 0.792234 0.107709 33 4 16 2
8564 8095 469 18 0.599827 0.536037 0.0637898 25 14 20 14
8571 8278 293 20 0.499995 0.462407 0.037588 23 17 18 11
8693 7912 781 30 0.299952 0.167265 0.132687 27 14 24 14
8839 8395 444 24 0.499967 0.432813 0.0671549 26 15 18 15
9013 8794 219 8 0.299917 0.266386 0.0335304 30 14 27 14
9442 8868 574 14 0.299873 0.213993 0.0858798 27 15 25 15
9666 9206 460 1 0.599824 0.527413 0.072411 28 16 21 15
9729 9524 205 10 0.499832 0.472987 0.0268446 33 10 24 10
9832 8697 1135 23 0.499914 0.320181 0.179733 31 10 21 6
9915 9862 53 31 0.299931 0.291719 0.00821236 30 15 28 15
9948 9272 676 33 0.399984 0.305076 0.0949081 34 6 25 5
10169 9018 1151 22 0.49981 0.282481 0.217329 32 11 25 11
10343 10126 217 4 0.299954 0.260296 0.0396586 25 18 24 18
10692 9977 715 36 0.599901 0.503183 0.0967176 27 17 23 12
10794 10301 493 15 0.299981 0.222298 0.0776831 33 10 31 10
10979 10030 949 5 0.2999 0.129573 0.170327 34 8 31 8
11061 10990 71 42 0.599912 0.591444 0.008468 30 13 21 10
11168 11018 150 43 0.699946 0.678095 0.0218518 25 18 19 13
11186 10835 351 3 0.399948 0.351102 0.048846 28 13 25 13
11297 10518 779 39 0.599951 0.463239 0.136712 27 15 18 14
11324 10972 352 17 0.699993 0.652499 0.0474935 30 12 19 8
11508 10961 547 26 0.499892 0.419456 0.0804364 33 10 28 8
11811 11589 222 0 0.499933 0.471407 0.0285254 27 16 22 13
12117 11968 149 21 0.499981 0.477796 0.0221852 35 8 25 6
12322 11513 809 11 0.299982 0.138252 0.16173 37 5 34 5
12647 12594 53 37 0.299905 0.291614 0.00829144 30 14 28 14
13294 12585 709 7 0.499973 0.389189 0.110784 32 9 27 7
13455 13267 188 44 0.499982 0.477014 0.0229676 32 11 20 10
13511 12529 982 41 0.299936 0.144124 0.155812 33 11 27 11
13541 13374 167 27 0.499952 0.478728 0.0212235 30 11 25 10
13586 13431 155 42 0.899995 0.880152 0.019843 32 11 10 1
13670 13554 116 19 0.299961 0.285349 0.0146113 35 7 30 7
13725 11921 1804 2 0.699935 0.436892 0.263043 38 4 21 3
13764 13414 350 38 0.299938 0.251296 0.0486421 30 14 28 12
13988 13672 316 16 0.499851 0.456399 0.043452 28 14 21 13
14006 13846 160 1 0.699791 0.677098 0.0226924 28 16 11 7
14274 12146 2128 34 0.499905 0.102252 0.397654 31 12 22 10
14652 13352 1300 6 0.499932 0.295765 0.204167 27 15 20 13
14688 13713 975 28 0.399956 0.235126 0.164829 29 14 27 11
14710 14354 356 10 0.699927 0.651884 0.048044 30 13 18 8
14717 14489 228 35 0.299962 0.266964 0.032998 31 13 25 13
14890 14727 163 32 0.599913 0.574663 0.0252497 28 12 17 8
14938 14568 370 20 0.49981 0.451812 0.047998 35 8 28 4
14948 14895 53 18 0.399904 0.390653 0.00925075 27 17 24 16
15000 14223 777 14 0.79994 0.703971 0.0959682 31 12 14 4
15083 14973 110 24 0.499895 0.485502 0.0143925 29 15 25 14
15114 14868 246 13 0.299963 0.266034 0.0339292 33 11 17 6
15407 15171 236 33 0.699994 0.665683 0.0343111 37 5 22 4
15673 15117 556 12 0.499763 0.426304 0.0734589 34 10 25 8
16109 14630 1479 9 0.299974 0.0742313 0.225743 27 17 25 15
16173 15668 505 30 0.499924 0.411141 0.088783 24 18 15 11
16244 16149 95 22 0.599942 0.587643 0.0122989 32 12 23 10
16290 15052 1238 31 0.699898 0.466344 0.233555 36 9 22 4
16467 16356 111 4 0.59978 0.580777 0.0190028 23 20 16 15
16502 15571 931 43 0.599981 0.443162 0.156819 32 12 22 10
16526 16473 53 17 0.499885 0.492957 0.00692824 33 10 23 9
16949 16268 681 40 0.299934 0.189461 0.110473 25 19 22 15
17076 16724 352 39 0.599786 0.537764 0.0620216 24 19 9 11
17429 16696 733 5 0.699978 0.595836 0.104142 31 12 15 9
17472 17096 376 23 0.39997 0.347193 0.0527771 21 23 16 22
17674 17293 381 21 0.599796 0.549348 0.0504479 29 14 18 12
17799 17687 112 3 0.499939 0.48512 0.0148189 30 13 23 12
17904 16589 1315 25 0.299876 0.0991715 0.200705 24 20 19 18
18010 15747 2263 36 0.599764 0.205341 0.394424 34 10 25 3
18107 17793 314 26 0.499903 0.459843 0.0400607 30 13 25 10
18149 17636 513 0 0.4999 0.425251 0.0746482 27 16 25 13
18840 18490 350 2 0.699941 0.650482 0.0494591 36 7 16 7
18863 18742 121 44 0.599917 0.58093 0.0189875 34 9 21 6
19315 18958 357 27 0.59987 0.549369 0.0505011 30 13 17 6
19414 17877 1537 8 0.299937 0.0545447 0.245392 29 15 23 12
19728 17146 2582 42 0.59997 0.164606 0.435364 28 16 19 15
20207 19226 981 35 0.799983 0.644273 0.15571 29 15 14 8
20296 19936 360 16 0.499878 0.451715 0.0481633 34 8 24 6
20315 20262 53 12 0.699865 0.691619 0.00824561 33 11 23 8
20360 20137 223 7 0.399905 0.368133 0.0317719 34 9 28 7
20404 20280 124 11 0.399927 0.382843 0.0170838 31 12 29 11
20451 20017 434 41 0.599942 0.542294 0.0576475 28 16 22 13
20482 20144 338 34 0.699895 0.648266 0.0516288 31 12 8 6
20567 20505 62 38 0.499976 0.489851 0.0101256 28 16 21 12
20632 20235 397 24 0.599946 0.542232 0.0577134 35 9 24 4
20671 19268 1403 15 0.299802 0.110588 0.189215 29 15 25 14
20968 20815 153 1 0.299897 0.279594 0.0203037 32 12 27 11
20989 19584 1405 13 0.799963 0.576275 0.223688 33 11 15 7
21211 21097 114 4 0.599986 0.580213 0.0197726 29 15 23 11
21308 20683 625 37 0.299885 0.192061 0.107825 31 13 27 10
21321 21001 320 32 0.399912 0.353588 0.0463245 29 15 23 12
21500 20806 694 22 0.599995 0.480633 0.119362 32 12 23 8
21739 21078 661 18 0.49995 0.424796 0.0751544 32 12 28 9
21920 21734 186 19 0.299941 0.274742 0.0251994 33 11 24 8
21972 21227 745 20 0.499894 0.37384 0.126054 33 11 20 8
21983 21565 418 28 0.499919 0.442503 0.0574163 35 9 29 7
22644 21343 1301 10 0.299963 0.0681015 0.231862 30 13 28 12
23350 21753 1597 43 0.599942 0.370904 0.229038 33 11 22 9
23530 23398 132 40 0.59993 0.578377 0.0215535 26 18 19 14
23864 23597 267 39 0.399928 0.365492 0.0344366 31 12 29 9
24037 23825 212 31 0.299948 0.268603 0.0313448 37 8 32 7
24091 23981 110 23 0.499944 0.481592 0.0183513 25 19 20 15
24121 23768 353 30 0.299897 0.249247 0.0506499 24 20 19 16
24354 23900 454 17 0.299983 0.234116 0.0658665 32 12 26 10
24404 24138 266 2 0.499979 0.460032 0.0399465 27 17 21 16
24408 22213 2195 3 0.699854 0.307239 0.392614 25 18 13 13
24593 22635 1958 21 0.599977 0.265774 0.334203 29 14 18 8
24621 24203 418 27 0.59995 0.530835 0.0691155 32 12 19 6
24833 24325 508 0 0.499771 0.430838 0.0689339 30 13 24 11
24975 24536 439 5 0.299921 0.240522 0.0593986 33 11 24 9
25499 25107 392 12 0.499921 0.448737 0.0511846 30 14 19 12
25770 25269 501 11 0.699907 0.615144 0.0847635 32 11 17 5
25974 25266 708 9 0.299979 0.205651 0.0943281 33 11 30 9
26021 25968 53 41 0.499994 0.492238 0.00775619 23 21 5 12
26043 25484 559 26 0.299913 0.214783 0.0851308 26 17 21 11
26161 25817 344 44 0.299956 0.255842 0.0441139 34 10 29 9
26462 26185 277 1 0.699884 0.661606 0.0382784 34 10 16 6
26943 26708 235 7 0.499909 0.467901 0.0320081 35 9 19 6
26993 26385 608 15 0.699972 0.611248 0.0887235 26 18 10 9
27200 26856 344 32 0.599964 0.551663 0.0483008 28 16 17 13
27641 26254 1387 16 0.499927 0.332629 0.167298 26 17 18 15
27682 26847 835 25 0.299919 0.167237 0.132682 26 18 20 10
27693 27419 274 4 0.399979 0.363419 0.0365595 32 12 21 6
27840 26996 844 42 0.499942 0.384853 0.115089 34 10 21 7
27848 27490 358 22 0.499889 0.453323 0.0465661 31 13 16 7
27851 27295 556 38 0.399777 0.3151 0.084677 28 16 20 12
27946 27119 827 24 0.399966 0.239355 0.16061 32 12 25 10
28397 27379 1018 34 0.299941 0.121984 0.177957 33 11 26 9
28587 26938 1649 37 0.699851 0.427594 0.272258 32 12 15 6
28799 27201 1598 35 0.29998 0.0874922 0.212488 33 11 19 7
28996 28867 129 28 0.399906 0.382058 0.0178477 22 22 13 20
29239 29087 152 10 0.599981 0.580745 0.0192362 26 17 12 13
29303 28264 1039 8 0.299892 0.125448 0.174444 28 16 24 13
29382 28652 730 18 0.399937 0.294062 0.105875 27 17 22 14
29685 27479 2206 20 0.599958 0.175331 0.424627 33 11 14 8
29762 29458 304 19 0.399947 0.358206 0.0417416 27 17 19 15
