688 635 53 16 0.899935 0.892379 0.00755645 11 4 11 2
825 606 219 28 0.899999 0.869396 0.0306026 12 3 12 2
1377 1277 100 30 0.799865 0.78466 0.015205 18 2 18 1
1420 1350 70 8 0.799912 0.79139 0.00852173 17 1 17 1
1437 1357 80 32 0.799807 0.787155 0.0126523 8 1 8 1
1469 1325 144 31 0.799944 0.77783 0.0221132 24 1 24 1
1473 1342 131 21 0.799994 0.781068 0.0189268 23 2 22 1
1499 1342 157 35 0.799767 0.776288 0.0234794 25 2 24 0
1525 1343 182 9 0.799804 0.770519 0.0292841 15 2 15 2
1562 1292 270 23 0.799955 0.758475 0.0414803 19 3 19 1
1997 1932 65 16 0.899945 0.892605 0.00733984 16 2 7 0
2130 2071 59 43 0.699993 0.689406 0.010587 23 7 22 6
2163 2099 64 39 0.699991 0.69128 0.00871134 24 5 24 5
2241 2091 150 11 0.699938 0.67906 0.0208774 30 2 30 2
2273 1971 302 36 0.69995 0.662958 0.0369919 28 1 28 1
2345 1985 360 18 0.699919 0.654815 0.0451039 22 2 22 2
2403 2136 267 4 0.699842 0.661069 0.038773 31 5 31 4
2472 2095 377 7 0.699974 0.653493 0.0464814 22 7 22 5
2472 2179 293 10 0.699936 0.659048 0.0408881 28 2 28 2
2787 2666 121 2 0.599824 0.582702 0.0171224 23 7 23 7
2833 2780 53 24 0.59984 0.59151 0.00832996 25 8 25 8
2944 2830 114 14 0.599923 0.579042 0.0208808 33 5 33 5
3025 2859 166 20 0.599971 0.576921 0.0230498 27 2 27 2
3590 3422 168 29 0.499899 0.478518 0.0213818 29 3 29 3
3701 3508 193 33 0.499885 0.473788 0.0260969 27 9 27 9
3723 3468 255 40 0.499891 0.461303 0.0385882 31 5 31 4
3734 3452 282 3 0.499959 0.467719 0.0322396 32 2 32 2
3796 3449 347 42 0.499939 0.447618 0.0523211 33 1 33 1
3809 3677 132 34 0.49997 0.482014 0.0179561 37 2 37 2
3882 3533 349 22 0.499897 0.453423 0.0464742 33 2 33 2
3907 3476 431 25 0.499984 0.437438 0.0625455 29 6 28 5
4069 3495 574 5 0.499993 0.421819 0.0781735 28 3 28 3
4309 4056 253 41 0.399964 0.365318 0.0346458 28 10 28 10
4500 4171 329 27 0.399952 0.360148 0.0398039 30 7 30 7
4535 4302 233 28 0.599834 0.571506 0.0283276 32 5 29 5
4606 4469 137 8 0.699999 0.681535 0.0184634 33 6 28 6
5072 4851 221 19 0.299993 0.268615 0.0313778 29 10 29 11
5170 4986 184 6 0.299943 0.277655 0.0222871 34 4 34 4
5253 4950 303 44 0.299794 0.25951 0.0402841 27 5 27 5
5279 4904 375 1 0.299854 0.250522 0.0493317 34 6 34 6
5319 5036 283 13 0.299821 0.259493 0.0403285 34 8 34 8
5364 5273 91 32 0.599821 0.58269 0.017131 23 13 21 13
5397 4928 469 0 0.299946 0.211285 0.0886609 28 14 28 14
5442 5342 100 16 0.599784 0.582853 0.0169307 25 16 23 15
5595 4949 646 26 0.29996 0.206696 0.0932633 31 7 31 6
5928 4295 1633 38 0.399949 0.123653 0.276296 35 4 35 3
6386 4912 1474 17 0.299998 0.0598638 0.240134 32 8 32 8
6936 4984 1952 12 0.299811 0.0105771 0.289234 32 9 32 9
7026 6806 220 30 0.399846 0.368451 0.0313943 29 12 27 12
7213 7085 128 23 0.399828 0.383494 0.0163344 24 14 22 13
7294 6942 352 10 0.599864 0.552536 0.0473283 30 12 23 12
7477 7325 152 11 0.499878 0.477956 0.0219218 32 9 26 9
7623 7555 68 18 0.499958 0.48917 0.0107884 33 6 25 6
7733 7447 286 24 0.599975 0.563329 0.0366462 28 10 20 9
7825 7564 261 21 0.299974 0.262481 0.0374928 27 16 27 16
8104 7743 361 31 0.299994 0.25172 0.0482744 28 16 28 16
8195 8046 149 33 0.699897 0.679077 0.0208199 31 8 16 6
8446 7645 801 4 0.499995 0.374039 0.125956 35 8 27 6
8776 8460 316 22 0.699946 0.658101 0.0418445 32 9 17 9
8807 7272 1535 8 0.799973 0.504496 0.295476 34 7 15 4
8894 8565 329 43 0.299931 0.257479 0.0424517 31 10 28 9
8950 7876 1074 9 0.299873 0.128307 0.171566 31 11 30 11
9165 7350 1815 39 0.499937 0.182812 0.317125 28 8 19 7
9185 8401 784 42 0.699984 0.585434 0.11455 30 6 14 5
9499 9066 433 36 0.299988 0.242744 0.0572438 29 14 27 14
9562 9164 398 14 0.399979 0.341749 0.0582303 28 13 20 13
9638 9353 285 20 0.399941 0.348238 0.0517034 24 17 20 17
9699 9297 402 25 0.59995 0.547553 0.0523961 31 12 24 12
9858 9634 224 2 0.299915 0.268626 0.0312883 29 10 25 8
10251 10070 181 29 0.399798 0.37509 0.0247079 26 17 20 16
10265 9661 604 3 0.499931 0.415376 0.0845555 28 14 19 13
10682 10388 294 40 0.399989 0.361716 0.0382727 34 7 25 7
10816 9955 861 32 0.599942 0.466373 0.133569 26 14 16 9
11531 10927 604 27 0.499969 0.398649 0.101319 27 14 16 13
11587 10983 604 38 0.799971 0.700175 0.0997964 32 8 12 5
11614 10218 1396 16 0.599892 0.359007 0.240885 29 14 20 12
11767 11610 157 28 0.29985 0.273006 0.0268444 26 15 7 12
11924 11378 546 34 0.299852 0.202977 0.0968746 27 16 18 14
11944 11830 114 44 0.499966 0.480696 0.0192695 24 14 10 10
12081 11648 433 0 0.599969 0.535559 0.06441 30 13 16 6
12403 12253 150 10 0.599848 0.581407 0.018441 33 10 18 7
12899 12589 310 11 0.599947 0.556707 0.0432394 27 15 14 11
13053 11166 1887 30 0.799957 0.47 0.329957 31 11 14 6
13118 12510 608 19 0.399928 0.2994 0.100527 25 17 19 9
13238 11792 1446 33 0.699993 0.448759 0.251234 31 12 18 8
13238 10699 2539 41 0.499959 0.0685647 0.431395 33 8 22 4
13415 13333 82 6 0.299938 0.288751 0.0111871 29 14 21 14
13546 13493 53 23 0.499807 0.49198 0.00782679 23 18 10 7
13597 12926 671 13 0.399916 0.29993 0.0999857 25 18 22 17
13642 13572 70 24 0.299964 0.289236 0.0107281 27 11 10 7
13968 13806 162 8 0.599891 0.578632 0.0212592 29 12 13 9
14483 13259 1224 26 0.399985 0.178028 0.221956 23 19 14 18
14564 14248 316 17 0.499982 0.455987 0.0439948 31 11 18 8
14633 13602 1031 1 0.299942 0.122026 0.177917 29 14 20 13
14888 13217 1671 22 0.599909 0.308626 0.291283 30 13 20 8
14915 14862 53 4 0.299914 0.291197 0.00871692 27 16 8 9
15177 14781 396 42 0.499788 0.446963 0.0528254 32 8 19 6
15315 15262 53 21 0.399897 0.393239 0.0066575 26 18 15 13
15608 15371 237 43 0.299851 0.254355 0.045496 27 15 9 8
15782 15628 154 31 0.399934 0.376327 0.0236073 33 11 18 4
15874 15642 232 12 0.399995 0.368997 0.0309979 31 13 17 12
16431 16378 53 27 0.699836 0.692449 0.00738665 28 13 12 7
16442 16389 53 14 0.299856 0.29196 0.00789598 22 20 8 11
16815 16762 53 9 0.384221 0.376526 0.00769493 27 16 9 10
16928 16863 65 16 0.591118 0.581648 0.00946962 29 15 5 5
17057 17004 53 40 0.499923 0.492074 0.00784847 32 11 8 7
17235 17110 125 25 0.299826 0.280339 0.0194863 31 12 22 9
17265 16859 406 36 0.282459 0.215738 0.0667217 24 20 8 8
17268 16989 279 11 0.699972 0.664974 0.0349985 30 12 12 6
17353 17216 137 39 0.399952 0.378115 0.0218366 27 13 19 8
17938 17885 53 44 0.399879 0.391024 0.00885572 26 14 6 6
17954 17482 472 3 0.399979 0.342065 0.0579133 30 14 20 8
17983 17587 396 20 0.299966 0.239729 0.0602368 28 15 20 9
18216 18156 60 34 0.599913 0.591363 0.00855063 32 11 15 3
18509 17330 1179 38 0.399886 0.222389 0.177497 31 11 16 7
18642 18344 298 17 0.799979 0.760259 0.0397198 33 9 16 2
18943 18742 201 23 0.599917 0.570369 0.0295473 33 10 21 6
19025 18237 788 2 0.299966 0.143579 0.156386 27 12 19 10
19440 19096 344 19 0.599955 0.555496 0.0444583 27 16 17 8
19442 18835 607 24 0.699924 0.612833 0.0870904 27 12 13 7
19603 19321 282 33 0.499946 0.464039 0.035907 29 14 21 7
20070 19869 201 10 0.299956 0.268093 0.0318637 31 12 12 7
20348 18604 1744 41 0.799891 0.544241 0.25565 35 7 15 3
20349 20167 182 21 0.699946 0.671831 0.0281154 28 16 15 9
20447 19180 1267 30 0.499939 0.35365 0.146289 32 10 20 5
20599 19956 643 22 0.699781 0.595623 0.104158 29 14 17 8
20705 20652 53 4 0.499869 0.490065 0.00980376 26 17 7 5
21199 19610 1589 0 0.299968 0.0273113 0.272657 33 11 24 7
21287 20464 823 42 0.599993 0.466252 0.133741 24 16 15 12
21356 20817 539 27 0.599962 0.517672 0.0822907 25 17 14 12
21478 21109 369 14 0.59984 0.526315 0.0735249 21 21 4 5
21739 21517 222 40 0.699869 0.670644 0.0292244 28 15 9 11
21829 21758 71 16 0.499824 0.48843 0.0113945 26 18 4 10
21991 21685 306 11 0.59998 0.544996 0.0549842 25 17 13 14
22112 20287 1825 8 0.39998 0.0668432 0.333137 33 9 19 6
22803 22408 395 43 0.299901 0.224808 0.0750938 24 18 4 5
23029 22800 229 1 0.399986 0.371061 0.0289251 32 12 17 7
23076 21988 1088 31 0.499952 0.307208 0.192745 25 19 13 14
23203 22999 204 9 0.499988 0.471674 0.0283144 28 16 15 8
23314 23177 137 26 0.299968 0.280813 0.019155 27 17 18 8
23577 23514 63 36 0.467909 0.459444 0.00846568 25 19 4 4
23673 23620 53 44 0.599877 0.591154 0.00872266 27 14 5 6
23713 23423 290 24 0.699949 0.659331 0.0406187 24 19 12 10
24025 23011 1014 34 0.599912 0.433962 0.165949 33 11 14 4
24216 24098 118 33 0.699903 0.681665 0.0182389 29 14 15 7
24326 24018 308 12 0.299993 0.256605 0.0433886 34 10 20 6
25270 24727 543 21 0.599925 0.538862 0.0610629 21 23 9 11
25509 24712 797 19 0.499897 0.353981 0.145917 26 18 14 9
26019 24931 1088 25 0.399954 0.179301 0.220653 31 13 20 7
26099 25964 135 4 0.399994 0.375672 0.0243218 26 17 4 3
26305 26196 109 41 0.399801 0.38138 0.0184217 35 8 7 4
26656 25611 1045 10 0.699973 0.559956 0.140017 31 12 9 4
26825 26271 554 3 0.299982 0.216519 0.083463 30 14 16 7
26825 25355 1470 39 0.299984 0.0697956 0.230188 28 12 19 7
26856 26056 800 23 0.299797 0.176545 0.123252 32 11 20 6
27290 26437 853 20 0.299984 0.166081 0.133903 29 14 18 6
27395 26872 523 22 0.399912 0.325114 0.074797 27 17 17 12
27474 27419 55 16 0.399956 0.392493 0.00746324 27 17 5 4
27497 25796 1701 2 0.599914 0.347908 0.252006 28 11 16 5
27537 27076 461 38 0.299978 0.230769 0.0692087 33 11 21 6
28644 28506 138 33 0.599937 0.581471 0.0184659 27 16 12 7
28894 28816 78 43 0.399788 0.387247 0.0125412 24 18 4 5
29003 28413 590 14 0.299925 0.195987 0.103938 26 18 17 9
29045 28404 641 11 0.39994 0.302303 0.0976368 29 14 19 7
29244 28496 748 26 0.699915 0.575348 0.124567 28 16 15 5
29436 28860 576 42 0.299891 0.201525 0.0983656 26 16 18 10
29483 29363 120 34 0.399856 0.378727 0.0211298 28 16 3 6
29576 28571 1005 40 0.29996 0.137142 0.162817 30 14 19 10
29620 26356 3264 27 0.599938 0.0768205 0.523118 33 10 18 0
