743 679 64 6 0.899885 0.890815 0.00907008 7 0 7 0
744 658 86 5 0.899989 0.888323 0.0116653 7 0 7 0
757 650 107 14 0.89992 0.882869 0.0170509 14 0 14 0
774 704 70 20 0.899906 0.890124 0.00978221 13 0 13 0
783 677 106 17 0.89979 0.883879 0.0159105 16 4 17 3
808 672 136 16 0.899954 0.879438 0.0205153 16 2 17 1
1513 1426 87 39 0.799897 0.788068 0.011829 23 1 23 1
1550 1398 152 23 0.799903 0.78005 0.0198526 27 1 27 7
1661 1400 261 9 0.799983 0.766907 0.0330757 19 3 19 3
2056 2003 53 32 0.699903 0.692329 0.00757399 20 3 21 4
2148 2034 114 26 0.699859 0.682827 0.0170321 29 1 29 1
2180 2057 123 43 0.699938 0.68022 0.0197175 25 2 25 2
2194 2076 118 27 0.699946 0.682517 0.0174296 33 3 34 2
2206 2088 118 8 0.699998 0.681441 0.0185568 26 2 26 2
2246 2109 137 13 0.699892 0.679089 0.0208027 29 0 29 0
2277 2009 268 30 0.699977 0.662116 0.0378617 24 0 24 0
2332 2127 205 42 0.699995 0.669757 0.0302385 33 2 33 2
2833 2560 273 20 0.799875 0.765531 0.0343443 26 4 22 4
2875 2761 114 12 0.599981 0.58373 0.0162517 31 5 32 5
2937 2584 353 14 0.799852 0.754266 0.0455855 25 5 16 5
2965 2744 221 24 0.599935 0.568005 0.0319301 27 6 28 6
3054 2902 152 25 0.599929 0.577001 0.0229276 30 6 30 6
3074 2868 206 35 0.59999 0.570454 0.0295358 34 2 34 2
3081 2931 150 29 0.59999 0.575885 0.0241049 34 5 34 5
3135 2781 354 37 0.599941 0.550947 0.0489945 30 7 29 5
3230 2837 393 3 0.599958 0.546528 0.0534304 25 4 25 4
3461 3334 127 44 0.499982 0.481159 0.0188231 31 9 30 8
3769 3551 218 10 0.49996 0.469415 0.030545 32 5 32 5
3875 3620 255 36 0.499988 0.462976 0.0370117 23 10 24 10
4207 3355 852 2 0.499941 0.341856 0.158086 28 6 28 6
4223 4168 55 16 0.599932 0.592151 0.00778093 32 10 30 10
4273 4086 187 6 0.599964 0.574836 0.0251276 29 4 26 4
4486 4228 258 31 0.399858 0.367135 0.0327231 33 9 33 9
4515 3662 853 4 0.499787 0.372944 0.126843 29 4 29 4
4807 3506 1301 18 0.499971 0.257526 0.242445 31 8 31 8
4834 4343 491 0 0.399907 0.328043 0.071864 30 10 30 10
5046 4323 723 34 0.399975 0.294969 0.105006 30 14 30 16
5069 4593 476 39 0.699933 0.632086 0.067847 29 5 18 5
5100 4182 918 17 0.599958 0.463852 0.136106 34 5 24 3
5185 4981 204 11 0.299899 0.272044 0.0278554 29 9 29 9
5282 4950 332 21 0.29993 0.250528 0.0494027 27 12 27 12
5375 5048 327 22 0.299919 0.256988 0.0429313 31 12 31 12
5410 4988 422 19 0.299906 0.241761 0.0581453 25 11 25 11
6007 5042 965 33 0.299897 0.102769 0.197128 29 10 29 10
6035 4960 1075 40 0.299888 0.170932 0.128956 31 11 31 11
6155 4842 1313 41 0.299975 0.0902195 0.209756 31 11 31 11
6440 5133 1307 38 0.299922 0.0756842 0.224238 30 10 30 10
6539 6313 226 9 0.499999 0.473759 0.0262402 26 14 20 13
6551 4100 2451 28 0.399978 0.0198405 0.380138 29 12 29 12
6728 6675 53 30 0.59981 0.590733 0.00907632 24 5 6 5
7334 6818 516 42 0.599924 0.530299 0.0696253 30 12 17 12
7503 7391 112 16 0.799984 0.785146 0.014838 35 7 18 4
7692 7323 369 13 0.499994 0.449942 0.050052 30 9 23 9
7747 7453 294 8 0.499996 0.46219 0.0378061 27 11 19 11
8024 7773 251 12 0.599889 0.567994 0.031894 32 10 15 8
8057 8004 53 24 0.599909 0.590435 0.00947323 22 15 6 9
8085 6336 1749 5 0.299909 0.0540716 0.245837 28 13 27 13
8164 7168 996 32 0.499977 0.347511 0.152465 24 16 21 16
8342 8287 55 20 0.399936 0.389689 0.0102471 20 22 15 21
8381 6999 1382 23 0.399927 0.188394 0.211533 23 20 21 20
8679 8626 53 25 0.488348 0.479199 0.00914914 29 13 19 13
8762 6549 2213 27 0.599899 0.204067 0.395832 28 10 19 9
9099 8694 405 26 0.299922 0.247589 0.0523331 32 10 18 10
9312 8990 322 10 0.59998 0.557934 0.042046 33 9 20 8
9566 7893 1673 35 0.599884 0.313676 0.286209 33 8 18 7
9755 9071 684 6 0.599933 0.493854 0.106079 36 7 25 7
10209 9952 257 29 0.299955 0.265478 0.0344769 35 8 20 6
10217 8977 1240 36 0.599805 0.384982 0.214823 24 13 18 10
10469 9247 1222 14 0.299984 0.127469 0.172515 30 12 27 12
10714 10347 367 37 0.299958 0.250653 0.0493044 34 9 27 8
10829 10727 102 22 0.699776 0.682806 0.0169704 31 13 19 8
11006 10537 469 39 0.49983 0.435548 0.0642821 31 9 22 8
11083 10443 640 3 0.299931 0.195676 0.104255 30 9 26 8
11091 10623 468 2 0.499927 0.422647 0.0772798 28 14 22 12
11301 10671 630 44 0.3 0.193697 0.106303 24 18 17 16
11742 11638 104 4 0.399897 0.38634 0.0135566 29 10 20 10
11823 11603 220 42 0.69994 0.669127 0.0308126 27 15 12 6
11923 11093 830 17 0.499766 0.353354 0.146411 33 10 23 10
12229 11728 501 16 0.59991 0.523941 0.0759695 34 10 10 6
12427 11818 609 34 0.299766 0.209433 0.0903336 31 14 18 7
12578 12162 416 12 0.699931 0.645672 0.054259 36 9 22 3
12634 12156 478 21 0.499928 0.430543 0.0693845 30 13 22 10
12676 12546 130 9 0.4998 0.478006 0.0217937 31 12 23 9
12770 12434 336 31 0.299897 0.256032 0.0438642 35 9 27 9
13038 12719 319 11 0.399899 0.361425 0.0384744 26 14 17 12
13200 12318 882 19 0.499992 0.400472 0.09952 28 15 22 14
13313 12938 375 30 0.39996 0.349805 0.0501551 32 8 25 7
13361 13142 219 18 0.299858 0.27033 0.0295279 27 17 23 16
13533 13469 64 5 0.799979 0.792207 0.00777252 33 9 17 2
13834 12849 985 24 0.599909 0.451728 0.148181 22 20 14 16
14015 13657 358 41 0.499845 0.441875 0.05797 33 11 24 9
14177 13294 883 40 0.499924 0.401287 0.0986373 29 14 21 10
14423 13629 794 8 0.49998 0.396187 0.103793 32 11 21 9
14541 13944 597 32 0.59998 0.512944 0.087036 27 16 23 9
14677 13813 864 13 0.499852 0.360181 0.139671 23 20 16 16
14918 14221 697 10 0.59998 0.509899 0.0900813 33 11 19 9
15041 14560 481 26 0.699905 0.631867 0.0680387 34 9 21 6
15133 15003 130 33 0.2999 0.282045 0.0178546 28 15 23 13
15449 14422 1027 38 0.299979 0.149562 0.150418 22 19 13 13
15611 14669 942 25 0.499966 0.347963 0.152003 31 13 17 7
15669 15389 280 28 0.299928 0.26309 0.0368379 28 16 12 9
15781 15710 71 39 0.699988 0.688563 0.0114249 27 14 15 7
15797 15719 78 2 0.699913 0.689021 0.0108917 30 14 18 6
16311 16198 113 20 0.29994 0.284092 0.0158474 26 18 20 14
16428 15966 462 22 0.499991 0.422142 0.0778497 35 9 22 8
16637 16584 53 36 0.399927 0.392108 0.00781858 22 17 6 10
16642 15492 1150 35 0.599999 0.40798 0.192019 32 11 18 10
16659 16405 254 16 0.699928 0.658433 0.0414942 33 11 17 8
16692 15900 792 23 0.299895 0.193602 0.106293 25 19 14 6
16998 15367 1631 42 0.699932 0.460114 0.239818 26 16 11 6
17121 16677 444 27 0.399966 0.326289 0.073677 27 16 18 12
17301 17143 158 6 0.299892 0.281019 0.0188733 33 11 26 11
17309 17244 65 17 0.49981 0.490123 0.00968709 29 14 2 8
17422 17130 292 21 0.699886 0.658008 0.0418788 31 12 14 4
17876 17567 309 37 0.499989 0.460562 0.0394264 31 13 24 10
17986 17377 609 4 0.599957 0.527134 0.0728239 28 13 19 6
18032 17903 129 18 0.799768 0.780717 0.0190508 28 16 15 5
18589 18406 183 3 0.499947 0.474191 0.0257562 33 8 18 4
18812 18652 160 29 0.299916 0.274271 0.0256449 35 8 25 5
18973 18559 414 12 0.399921 0.33953 0.0603908 35 11 22 9
19055 18917 138 40 0.699982 0.678129 0.0218527 31 12 21 6
19171 18835 336 11 0.599986 0.551817 0.0481688 28 13 18 8
19313 19186 127 44 0.3998 0.383211 0.0165887 34 10 25 6
19340 16585 2755 5 0.699941 0.377541 0.3224 32 11 15 6
19590 18639 951 19 0.599982 0.458002 0.141981 28 15 19 10
19780 19262 518 14 0.299952 0.227437 0.0725155 31 12 22 9
20100 19524 576 9 0.399762 0.293561 0.106201 30 13 22 7
20332 19981 351 13 0.599953 0.554854 0.0450991 27 16 22 5
20426 20003 423 2 0.599969 0.535065 0.0649032 38 6 21 4
20480 20154 326 34 0.299916 0.252912 0.047004 29 16 18 12
20759 20473 286 31 0.399975 0.358262 0.0417128 34 10 25 6
21308 20481 827 32 0.49993 0.383152 0.116778 29 14 18 7
21319 21154 165 22 0.699891 0.675696 0.0241951 33 11 16 8
21363 21111 252 39 0.399923 0.354239 0.0456836 27 15 17 9
21512 20561 951 33 0.699898 0.572952 0.126946 29 15 18 5
21666 21475 191 24 0.299995 0.273412 0.0265835 33 10 30 5
21741 18486 3255 10 0.799912 0.192749 0.607164 36 8 16 4
21932 20048 1884 41 0.499891 0.157202 0.342689 31 13 17 5
22049 21563 486 42 0.699977 0.61782 0.082157 25 19 15 10
22184 21944 240 21 0.599931 0.5711 0.0288308 25 18 13 13
22290 22237 53 35 0.599944 0.58976 0.0101847 26 17 5 8
22569 22516 53 37 0.699566 0.692016 0.0075498 26 18 6 7
22593 21242 1351 25 0.599948 0.370347 0.229602 33 11 19 9
22681 20468 2213 26 0.49998 0.188466 0.311514 34 9 21 6
22878 22360 518 17 0.599776 0.50423 0.0955463 25 19 13 15
23068 23015 53 3 0.699798 0.690252 0.00954551 30 11 5 5
23585 23330 255 28 0.399967 0.367904 0.032063 31 13 21 9
23682 23624 58 23 0.499905 0.490122 0.00978311 26 18 16 15
23784 22345 1439 20 0.599927 0.327362 0.272565 25 19 12 12
23892 23590 302 16 0.299953 0.252011 0.0479424 32 12 23 11
23957 23504 453 6 0.59998 0.542 0.0579793 32 12 10 5
24495 24196 299 38 0.299951 0.25713 0.0428214 24 20 17 14
24782 24551 231 4 0.399911 0.362514 0.0373971 24 19 16 16
24845 24696 149 5 0.499954 0.481675 0.0182786 30 14 14 5
25011 24504 507 12 0.599916 0.528245 0.0716704 30 16 10 10
25187 22033 3154 18 0.599859 0.072521 0.527338 27 17 16 12
25243 24427 816 29 0.599982 0.490859 0.109122 29 14 20 11
25285 24772 513 11 0.499994 0.423652 0.076342 28 14 17 11
25314 24924 390 31 0.799979 0.744494 0.0554851 28 16 13 8
25892 25704 188 40 0.299935 0.273269 0.0266664 29 14 18 13
26095 24465 1630 27 0.299959 0.000747618 0.299211 29 14 20 7
26209 25735 474 13 0.59989 0.539941 0.0599495 29 15 13 5
26688 26361 327 19 0.399989 0.356551 0.0434379 31 12 22 9
26787 26676 111 22 0.499993 0.485353 0.0146403 31 13 20 8
26882 26431 451 33 0.59995 0.53775 0.0622004 27 17 16 10
27166 27111 55 9 0.399867 0.391228 0.00863872 27 16 8 6
27549 27481 68 41 0.699846 0.689856 0.00999038 32 12 7 3
27853 27210 643 44 0.299907 0.207695 0.0922124 32 12 21 8
28083 28020 63 21 0.499806 0.491966 0.0078403 30 14 15 4
28188 27877 311 2 0.299953 0.258036 0.0419176 32 12 20 11
28240 25554 2686 39 0.799914 0.318841 0.481073 26 17 11 6
28529 28294 235 35 0.299953 0.271343 0.0286102 27 16 16 8
28790 28502 288 14 0.299897 0.261029 0.0388685 27 16 20 12
28869 28725 144 42 0.299871 0.275981 0.0238907 27 17 17 10
28935 28866 69 26 0.474054 0.464292 0.00976182 29 14 8 7
29015 28934 81 37 0.299928 0.288074 0.0118545 35 9 23 6
29044 28969 75 34 0.274763 0.261719 0.0130443 30 14 20 9
29098 28867 231 32 0.299989 0.265638 0.0343512 30 14 20 10
29164 28713 451 3 0.39998 0.333563 0.0664171 26 17 16 10
29772 29236 536 12 0.699766 0.628978 0.0707885 34 12 18 6
