907 697 210 1 0.899924 0.868672 0.0312517 4 0 4 0
1369 1291 78 17 0.799941 0.790771 0.00917026 14 5 14 3
1448 1395 53 43 0.7998 0.793737 0.00606293 30 0 29 0
1471 1418 53 4 0.799888 0.792462 0.00742645 25 3 25 3
1478 1398 80 41 0.799887 0.788634 0.0112531 21 3 21 2
1494 1302 192 19 0.799928 0.769562 0.030365 17 2 18 1
1510 1399 111 5 0.79994 0.782673 0.0172674 18 2 18 2
1530 1306 224 6 0.799952 0.765591 0.0343616 20 0 20 0
1538 1350 188 0 0.799892 0.770149 0.0297424 15 1 15 1
1612 1414 198 42 0.799851 0.770262 0.0295887 25 4 25 2
2149 2063 86 40 0.69977 0.686984 0.0127858 22 1 22 1
2228 2137 91 44 0.699774 0.683937 0.0158373 20 7 19 5
2231 2074 157 15 0.699974 0.678477 0.0214969 25 6 25 6
2303 2055 248 27 0.699939 0.665004 0.0349352 20 2 20 2
2309 2054 255 37 0.699893 0.662401 0.0374918 25 5 24 4
2370 2076 294 35 0.699912 0.658711 0.0412012 33 0 33 0
2398 2069 329 32 0.699948 0.646447 0.0535007 20 5 20 4
2417 2038 379 20 0.699815 0.64801 0.0518055 29 1 29 1
2441 2093 348 21 0.699805 0.655247 0.0445581 18 8 18 6
2784 2624 160 36 0.59996 0.578661 0.0212984 23 7 24 7
2813 2758 55 28 0.599917 0.591682 0.00823468 27 7 27 7
2845 2672 173 22 0.599913 0.577465 0.0224481 23 7 23 7
2923 2677 246 11 0.599998 0.566875 0.0331232 28 4 29 4
2938 2747 191 26 0.599884 0.571758 0.0281261 28 6 27 4
3093 2815 278 7 0.599877 0.562865 0.0370115 26 5 26 5
3114 2745 369 2 0.59997 0.549149 0.050821 31 1 31 1
3143 2681 462 30 0.599916 0.522184 0.0777326 27 5 27 3
3224 2837 387 14 0.599971 0.552474 0.0474977 24 7 24 7
3372 2772 600 24 0.599991 0.513694 0.0862972 30 7 30 7
3647 3589 58 25 0.499858 0.490746 0.00911221 22 9 21 8
3677 3556 121 10 0.499932 0.480837 0.0190947 31 9 31 9
3783 3564 219 31 0.499906 0.465433 0.0344725 25 8 25 8
3959 3410 549 38 0.499805 0.424071 0.0757343 30 4 31 4
3970 3549 421 3 0.499953 0.443109 0.0568445 27 7 27 7
4095 3973 122 0 0.799854 0.782232 0.0176221 25 3 17 3
4185 3495 690 39 0.499823 0.391314 0.108508 28 4 29 3
4422 3482 940 29 0.499896 0.339901 0.159995 28 8 28 8
4543 4264 279 18 0.399991 0.361854 0.0381374 28 14 28 14
4566 4302 264 33 0.399987 0.362979 0.0370081 25 10 26 10
5128 5004 124 8 0.299921 0.280101 0.0198199 23 15 23 15
5209 4189 1020 16 0.399986 0.253071 0.146914 27 12 27 12
5236 4838 398 13 0.299998 0.246157 0.053841 27 12 26 11
5328 5222 106 34 0.299839 0.279203 0.0206364 23 10 23 10
5348 3621 1727 9 0.499896 0.187693 0.312204 30 6 30 6
5462 5132 330 12 0.299949 0.25795 0.0419986 28 11 28 11
5594 3551 2043 23 0.499946 0.1909 0.309046 28 10 28 10
5607 5249 358 17 0.59983 0.557921 0.0419086 26 9 22 7
5760 5672 88 40 0.699909 0.684753 0.0151565 28 5 14 4
5875 5577 298 42 0.599942 0.561165 0.038777 29 14 26 12
6006 5805 201 1 0.399846 0.369499 0.0303474 28 9 27 9
6155 5973 182 41 0.499948 0.472211 0.027737 24 15 16 15
6190 5953 237 27 0.699904 0.663787 0.0361169 23 8 16 7
6297 5344 953 5 0.599912 0.439228 0.160684 21 16 15 16
6406 5955 451 4 0.499838 0.427878 0.0719598 30 10 26 10
6643 6432 211 44 0.599969 0.570754 0.0292159 31 9 26 9
6996 6667 329 37 0.599955 0.551899 0.0480557 27 13 19 13
7607 7435 172 28 0.599798 0.578255 0.0215424 29 12 25 12
7651 7179 472 15 0.499985 0.431343 0.0686426 27 14 21 14
7676 6074 1602 19 0.499903 0.287035 0.212868 27 9 25 8
7870 7689 181 20 0.499952 0.473669 0.0262831 28 13 26 13
7880 7409 471 43 0.299781 0.230224 0.0695561 23 20 21 20
7904 6099 1805 32 0.699909 0.416747 0.283163 25 13 18 12
7990 7891 99 0 0.599967 0.586073 0.0138942 38 1 25 1
8010 7756 254 6 0.299995 0.267655 0.0323407 30 11 30 11
8604 6932 1672 21 0.599988 0.316464 0.283524 29 11 26 9
8695 8400 295 22 0.499888 0.457735 0.0421524 33 7 28 5
9005 7291 1714 30 0.699949 0.386403 0.313546 25 15 17 13
9274 9124 150 42 0.799919 0.779445 0.0204744 30 13 8 3
9282 8932 350 36 0.399999 0.348287 0.0517119 32 12 26 10
9328 9151 177 3 0.599975 0.57534 0.0246355 28 13 18 11
9465 9040 425 35 0.299996 0.241398 0.0585982 29 11 22 11
9525 9377 148 7 0.399906 0.378285 0.0216211 32 12 30 12
9557 9414 143 25 0.499983 0.477991 0.0219928 30 13 25 11
10020 9692 328 24 0.399893 0.357497 0.0423962 31 11 30 11
10056 9928 128 26 0.299941 0.282997 0.0169431 34 11 31 10
10183 10129 54 40 0.599976 0.589734 0.0102427 32 9 25 9
10344 10221 123 38 0.499911 0.483802 0.0161084 29 15 24 13
10358 10190 168 14 0.299971 0.277098 0.0228733 33 8 31 7
10391 10179 212 2 0.299865 0.272397 0.0274679 30 14 28 14
10440 9907 533 11 0.299892 0.222168 0.0777243 28 15 28 14
10537 10248 289 18 0.599998 0.560978 0.0390202 36 8 31 7
11172 11015 157 31 0.299816 0.275038 0.0247779 29 15 29 15
11232 10897 335 10 0.299989 0.253474 0.0465148 32 12 25 12
11465 11412 53 44 0.599892 0.591374 0.0085186 31 12 23 9
11523 11302 221 16 0.599968 0.568395 0.0315732 31 12 25 8
11677 11349 328 13 0.599997 0.558884 0.0411129 31 13 24 9
11688 11531 157 9 0.59995 0.57786 0.0220901 31 9 22 7
11741 11473 268 5 0.599892 0.562071 0.0378217 30 13 24 6
11798 11474 324 1 0.599974 0.559435 0.0405386 29 15 23 10
11964 11083 881 17 0.499812 0.379575 0.120236 25 17 21 17
12092 11910 182 41 0.499969 0.470241 0.0297277 31 11 26 7
12419 12188 231 12 0.49998 0.468291 0.0316886 30 13 26 11
12471 12316 155 28 0.599933 0.57813 0.0218037 35 8 21 6
12498 12237 261 29 0.299959 0.261984 0.0379743 35 9 32 8
12625 12543 82 20 0.699994 0.688189 0.0118045 27 14 11 4
12799 12318 481 33 0.29989 0.232181 0.0677094 35 8 33 7
13204 12824 380 27 0.299985 0.249647 0.0503383 34 10 34 10
13328 13173 155 4 0.399912 0.380998 0.0189134 22 20 20 16
13467 13414 53 19 0.599796 0.590931 0.00886517 30 11 21 8
13705 13451 254 34 0.299996 0.255625 0.0443707 25 18 25 16
13856 12565 1291 23 0.499899 0.26758 0.232318 35 7 28 4
14374 13424 950 37 0.399944 0.247829 0.152115 24 19 18 17
14385 13427 958 32 0.599939 0.457768 0.142171 31 13 23 11
14507 13450 1057 8 0.299932 0.095644 0.204288 31 12 31 12
15036 14682 354 38 0.699928 0.65375 0.0461778 31 13 17 5
15042 14989 53 7 0.599934 0.590842 0.00909243 29 15 13 6
15097 14845 252 43 0.499892 0.466658 0.033234 26 18 17 13
15182 13883 1299 42 0.499984 0.32745 0.172534 20 24 14 19
15705 15618 87 6 0.399931 0.386363 0.0135677 28 14 22 12
16008 15793 215 21 0.3998 0.367863 0.0319364 33 10 28 9
16074 14672 1402 25 0.599951 0.407408 0.192543 27 17 20 14
16227 14856 1371 0 0.299939 0.0609124 0.239026 34 10 28 10
16455 16182 273 3 0.299939 0.262678 0.0372608 28 15 26 12
16510 16266 244 22 0.299871 0.268189 0.0316818 30 14 25 14
16522 16465 57 35 0.498348 0.488517 0.00983084 27 15 18 9
16707 16576 131 41 0.699949 0.682755 0.017194 34 9 17 4
16766 16222 544 12 0.799977 0.725042 0.0749349 37 7 13 1
16946 16009 937 17 0.799899 0.655836 0.144063 31 12 18 5
16970 16712 258 44 0.499965 0.462225 0.0377403 33 11 18 8
17008 15633 1375 40 0.499929 0.258754 0.241175 30 14 19 14
17123 16785 338 30 0.299867 0.250029 0.0498378 27 17 24 13
17251 16839 412 9 0.599918 0.539974 0.0599433 24 16 13 9
17643 17317 326 13 0.499777 0.455177 0.0446005 34 10 25 7
17679 17367 312 1 0.499891 0.458654 0.0412371 32 12 26 11
17818 16579 1239 36 0.399968 0.203359 0.196609 27 17 23 16
17841 17527 314 11 0.499985 0.459211 0.040774 27 17 9 9
18026 17946 80 24 0.299952 0.289902 0.0100495 29 14 26 14
18058 17715 343 18 0.299937 0.255067 0.0448694 33 11 21 10
18068 16840 1228 20 0.599903 0.428382 0.171521 33 10 14 3
18366 18313 53 16 0.299957 0.292335 0.00762248 21 23 20 21
18392 18120 272 10 0.499912 0.462593 0.037319 33 11 25 10
18459 18305 154 26 0.299951 0.280108 0.0198428 39 5 34 4
18780 18456 324 29 0.599837 0.556729 0.0431082 32 12 20 7
18849 18688 161 2 0.29995 0.275402 0.0245475 29 15 25 12
19080 18732 348 5 0.299959 0.253597 0.0463626 28 16 26 16
19360 17170 2190 31 0.599858 0.260726 0.339132 32 12 19 11
20387 20334 53 43 0.580485 0.572484 0.00800038 23 21 6 7
20527 20472 55 32 0.499784 0.49108 0.0087044 28 16 18 12
20705 18969 1736 4 0.599902 0.280191 0.319711 25 17 17 10
20734 18195 2539 28 0.499985 0.108172 0.391813 33 11 17 7
21128 20801 327 27 0.399891 0.358676 0.0412148 27 17 22 15
21187 20845 342 33 0.29978 0.255616 0.0441641 29 15 22 14
21289 20891 398 42 0.599978 0.546888 0.0530897 25 19 13 3
21294 21141 153 41 0.599942 0.578583 0.0213593 36 8 18 6
21299 19670 1629 7 0.599984 0.318471 0.281513 27 17 11 10
21337 21123 214 37 0.499894 0.463482 0.0364117 30 14 17 7
21444 18990 2454 19 0.499933 0.108502 0.391431 24 19 21 15
21708 21649 59 21 0.599983 0.593302 0.00668133 30 13 13 8
22008 21476 532 25 0.59992 0.515663 0.0842574 37 7 23 3
22065 21934 131 6 0.499959 0.481893 0.0180666 32 12 24 12
22101 21591 510 0 0.799959 0.725496 0.0744629 32 12 15 7
22331 21966 365 38 0.299864 0.245136 0.0547277 32 12 21 8
22543 22276 267 23 0.299861 0.259466 0.0403943 30 14 23 14
22568 22404 164 24 0.79998 0.772045 0.0279347 32 11 13 4
23276 23205 71 12 0.299814 0.289408 0.0104059 31 13 23 13
23361 22174 1187 34 0.299867 0.0719707 0.227896 29 14 21 11
23375 21639 1736 3 0.699912 0.378718 0.321194 29 15 15 8
23707 23654 53 17 0.299821 0.293044 0.00677675 28 16 21 14
23721 23449 272 10 0.59992 0.562673 0.0372466 26 18 19 17
23763 23441 322 20 0.59999 0.558886 0.0411042 27 16 19 11
23871 22882 989 8 0.399946 0.25913 0.140816 33 10 28 8
24084 23879 205 35 0.299966 0.273334 0.0266319 24 20 21 16
24147 23685 462 9 0.399952 0.327803 0.0721488 33 11 26 6
24149 23666 483 1 0.499961 0.432714 0.0672463 28 16 19 13
24150 22916 1234 13 0.599988 0.383892 0.216097 31 14 17 9
24203 23778 425 44 0.399897 0.331506 0.0683912 29 15 23 13
25019 24845 174 32 0.699778 0.674735 0.025043 33 11 18 7
25186 25026 160 26 0.499972 0.476993 0.0229788 37 7 19 3
25230 25014 216 2 0.599898 0.571191 0.0287074 29 15 22 8
25255 25099 156 5 0.599984 0.579815 0.020169 26 18 12 11
25376 25302 74 11 0.28356 0.272059 0.0115015 27 18 22 14
25460 25273 187 40 0.299939 0.27569 0.0242499 33 11 32 6
25794 24658 1136 22 0.299942 0.113337 0.186605 28 16 23 12
25798 25489 309 30 0.299925 0.249664 0.0502606 34 10 28 6
25842 25540 302 18 0.399914 0.357416 0.0424988 32 12 20 10
25861 25316 545 43 0.599958 0.525463 0.0744954 30 14 23 4
26147 26094 53 7 0.699921 0.692771 0.0071496 26 18 16 10
26733 25695 1038 29 0.299985 0.145411 0.154575 34 10 23 7
26773 26013 760 36 0.299945 0.206847 0.0930981 31 13 24 7
26805 26498 307 16 0.299849 0.255327 0.0445224 33 11 31 5
26915 26546 369 37 0.599965 0.547018 0.052947 30 14 18 8
27157 26992 165 25 0.599853 0.575984 0.0238697 29 15 17 12
27292 27065 227 6 0.599991 0.571985 0.0280066 30 14 10 5
27302 26978 324 42 0.49998 0.448281 0.0516988 28 16 21 11
27610 27280 330 24 0.49993 0.44659 0.0533404 29 15 22 12
27637 27178 459 21 0.499933 0.427799 0.0721347 30 14 23 12
27683 27380 303 31 0.299896 0.249232 0.0506638 29 15 20 13
27735 27385 350 28 0.599973 0.554413 0.0455598 30 14 17 10
28161 27768 393 38 0.699907 0.631576 0.0683305 31 13 20 9
28272 27896 376 19 0.599932 0.545284 0.0546485 29 15 19 7
28486 27651 835 41 0.399903 0.266734 0.133169 30 14 22 12
28560 28448 112 0 0.299942 0.28253 0.0174124 32 12 26 9
28706 28405 301 44 0.799911 0.754724 0.0451866 35 9 18 4
28756 28672 84 33 0.385435 0.370438 0.0149977 26 18 10 12
29164 29059 105 27 0.299994 0.284078 0.0159159 29 15 27 8
29229 28497 732 32 0.7 0.60191 0.09809 30 14 18 11
29308 29240 68 5 0.699822 0.690506 0.00931588 34 10 21 4
29776 29244 532 23 0.49999 0.420485 0.0795049 36 8 25 4
