769 683 86 22 0.899942 0.887847 0.0120946 12 0 12 0
773 692 81 3 0.89985 0.88792 0.01193 12 1 12 1
811 680 131 33 0.899805 0.881653 0.0181525 16 0 16 0
904 699 205 2 0.899885 0.868853 0.0310327 13 0 13 0
960 645 315 42 0.899986 0.85631 0.0436755 17 1 18 1
1492 1365 127 28 0.799925 0.78525 0.0146751 17 0 17 0
1510 1367 143 6 0.799938 0.779517 0.0204213 24 1 24 1
1518 1377 141 27 0.799984 0.776751 0.0232329 22 4 23 4
1613 1425 188 1 0.799785 0.769844 0.0299408 18 1 18 1
2053 1962 91 23 0.699926 0.687378 0.0125483 23 2 23 2
2110 1928 182 3 0.899947 0.878603 0.0213439 22 1 14 1
2117 1956 161 38 0.699952 0.679486 0.0204659 27 2 27 2
2178 2098 80 44 0.699947 0.687733 0.0122136 27 6 27 6
2221 2050 171 4 0.699894 0.671381 0.0285129 25 3 25 3
2226 2124 102 30 0.699957 0.684067 0.0158905 27 8 27 9
2264 2146 118 11 0.699876 0.681945 0.0179318 27 3 27 3
2272 2061 211 32 0.699893 0.668716 0.0311769 28 4 28 4
2300 1896 404 43 0.69991 0.643113 0.0567972 21 3 21 2
2304 2009 295 7 0.699986 0.660218 0.039768 30 7 29 4
2325 2062 263 36 0.699978 0.659496 0.0404822 26 6 25 4
2358 1968 390 37 0.699927 0.646244 0.0536822 35 1 35 1
2412 1980 432 34 0.699996 0.640088 0.059908 22 4 22 4
2440 2025 415 31 0.699966 0.635138 0.064828 24 5 23 4
2442 1984 458 5 0.69977 0.632248 0.0675218 23 0 23 0
2547 2042 505 24 0.699949 0.631172 0.0687767 25 5 28 4
2888 2827 61 35 0.59995 0.591394 0.00855619 20 6 19 4
2918 2822 96 25 0.599975 0.584484 0.0154904 25 6 25 5
3004 2921 83 39 0.59992 0.589917 0.0100031 30 8 30 7
3046 2680 366 20 0.599954 0.552404 0.0475496 24 10 24 10
3047 2629 418 26 0.599847 0.541614 0.0582337 28 3 28 2
3061 2727 334 19 0.599787 0.552703 0.047084 24 12 24 12
3727 3371 356 10 0.499924 0.454125 0.0457988 22 13 22 13
3812 3434 378 21 0.499916 0.440626 0.0592901 32 6 32 6
4214 2681 1533 29 0.599903 0.29891 0.300993 31 4 32 4
4383 4032 351 1 0.799987 0.753043 0.0469436 23 2 8 1
4606 4410 196 16 0.399997 0.372375 0.0276219 28 10 28 10
4974 4621 353 42 0.59998 0.553467 0.0465127 30 1 26 1
5089 4351 738 18 0.399948 0.287662 0.112286 37 6 37 6
5091 4863 228 15 0.29986 0.272695 0.0271644 27 13 26 11
5124 4803 321 38 0.799999 0.759062 0.0409371 29 3 14 2
5161 3484 1677 40 0.499938 0.230582 0.269356 22 14 22 14
5209 4397 812 17 0.399949 0.282806 0.117142 32 6 32 6
5211 5110 101 41 0.299945 0.287811 0.0121343 29 15 30 15
5220 4804 416 9 0.299866 0.238719 0.061147 27 15 27 15
5223 4828 395 12 0.299914 0.247605 0.0523088 29 11 29 11
5274 4913 361 22 0.499921 0.447539 0.0523817 31 5 24 5
5365 5031 334 14 0.299768 0.256411 0.0433568 29 11 29 11
5384 5053 331 13 0.299915 0.255231 0.0446839 28 10 28 10
5416 5176 240 4 0.799975 0.764323 0.0356523 29 6 18 6
5673 5007 666 8 0.299917 0.179273 0.120644 29 9 29 9
5696 4915 781 0 0.299963 0.157898 0.142065 26 11 26 11
6043 5608 435 44 0.699953 0.643668 0.0562851 27 11 17 9
6570 6424 146 33 0.299945 0.282625 0.0173207 32 11 30 11
6637 6465 172 3 0.499979 0.471408 0.0285707 23 14 18 14
6694 6384 310 26 0.799978 0.760693 0.0392846 31 8 19 7
6767 6542 225 2 0.299979 0.265835 0.0341441 34 8 33 8
6875 6576 299 30 0.599962 0.56385 0.0361124 25 16 18 14
7205 6878 327 24 0.599819 0.556857 0.0429623 26 15 24 14
7217 6731 486 7 0.599995 0.534281 0.0657148 30 14 21 12
7223 7150 73 23 0.496241 0.486007 0.0102339 30 11 24 10
7303 6194 1109 6 0.499913 0.344231 0.155681 28 14 26 14
7344 7265 79 11 0.499948 0.486064 0.0138846 25 17 19 17
7654 5395 2259 37 0.799857 0.429365 0.370492 35 6 19 6
8035 7696 339 28 0.299959 0.253922 0.0460368 25 14 21 14
8040 7909 131 5 0.499955 0.479176 0.0207783 32 7 26 7
8746 8346 400 39 0.499913 0.445246 0.0546669 29 12 19 11
8779 8481 298 31 0.399996 0.35819 0.0418067 30 13 27 12
8890 8480 410 35 0.49997 0.436948 0.0630217 27 10 18 10
8956 7676 1280 27 0.299886 0.102983 0.196903 33 10 27 10
8973 8582 391 20 0.499911 0.451885 0.0480262 25 14 21 13
9269 8229 1040 25 0.499883 0.362244 0.137639 29 10 20 8
9478 9425 53 10 0.599956 0.591093 0.0088634 20 17 6 7
9561 7871 1690 19 0.599928 0.346113 0.253815 28 13 17 10
9573 9088 485 36 0.299799 0.234155 0.0656448 29 14 25 13
9687 9289 398 43 0.299807 0.246276 0.0535302 25 18 22 18
10026 9761 265 42 0.599929 0.566265 0.0336641 25 13 15 12
10051 8441 1610 34 0.399905 0.15556 0.244344 28 11 18 11
10092 9470 622 4 0.599901 0.520686 0.079215 25 15 14 13
10534 9721 813 40 0.799897 0.687787 0.112109 24 15 9 3
10634 10304 330 18 0.699896 0.652402 0.0474944 32 12 15 10
10823 10599 224 1 0.299913 0.270483 0.02943 30 11 24 10
10912 10683 229 26 0.599933 0.573669 0.0262645 28 15 19 14
11183 10590 593 9 0.699936 0.609971 0.089965 26 17 17 10
11504 11298 206 22 0.499933 0.469023 0.0309107 27 16 22 14
11679 11327 352 21 0.299983 0.252432 0.0475509 30 13 26 12
11977 10195 1782 16 0.599948 0.288809 0.311138 27 16 20 14
12063 10764 1299 13 0.699916 0.453383 0.246533 33 8 21 2
12099 11248 851 44 0.499895 0.385361 0.114534 27 16 24 14
12225 12172 53 29 0.29993 0.293788 0.00614166 27 17 22 15
12310 12150 160 41 0.499973 0.473251 0.0267222 31 13 20 10
12622 10713 1909 38 0.399973 0.0478552 0.352118 24 19 20 19
12808 12600 208 17 0.399903 0.366136 0.0337673 32 10 27 9
13315 13110 205 24 0.499938 0.473856 0.0260812 23 19 13 10
13434 12169 1265 12 0.499997 0.285802 0.214196 29 14 25 10
13447 12945 502 7 0.499929 0.432652 0.0672775 33 12 24 9
13895 12992 903 14 0.399969 0.28003 0.11994 34 9 27 6
13975 13667 308 6 0.499964 0.458803 0.0411608 28 14 22 7
14043 13990 53 30 0.275841 0.268029 0.00781165 19 23 7 13
14153 13584 569 2 0.499968 0.409324 0.0906436 33 10 23 7
14175 14097 78 39 0.599979 0.588268 0.0117105 26 15 17 10
14206 13764 442 11 0.39993 0.339654 0.060276 24 19 20 15
14335 11806 2529 33 0.699948 0.265853 0.434095 31 13 21 10
14352 14161 191 3 0.299968 0.273264 0.0267034 29 12 26 11
14381 14110 271 8 0.299797 0.264217 0.0355802 27 15 24 12
14707 13120 1587 5 0.599974 0.302369 0.297606 29 13 18 11
14745 13784 961 15 0.299901 0.133388 0.166513 23 20 19 17
14841 13658 1183 0 0.399906 0.226867 0.173039 28 15 25 14
15310 14337 973 37 0.39987 0.265342 0.134528 30 13 24 13
15895 15085 810 26 0.699925 0.60483 0.0950944 26 18 17 12
16068 14828 1240 25 0.599923 0.405358 0.194565 27 15 16 13
16310 16188 122 34 0.599973 0.58478 0.0151931 26 15 14 13
16398 14849 1549 35 0.499909 0.226452 0.273458 31 13 21 12
16932 15374 1558 19 0.599933 0.378037 0.221895 28 16 18 10
17001 15151 1850 31 0.499902 0.215203 0.284699 27 16 19 15
17063 16821 242 1 0.599801 0.569611 0.0301893 31 11 17 4
17119 15839 1280 9 0.599993 0.389059 0.210934 30 14 19 5
17123 16437 686 42 0.399936 0.269983 0.129952 26 17 17 13
17428 16747 681 18 0.399927 0.289322 0.110605 28 16 14 11
18163 15859 2304 43 0.59997 0.14952 0.45045 25 19 15 10
18358 17042 1316 40 0.3 0.0714934 0.228507 25 19 23 16
18495 18433 62 36 0.29986 0.28982 0.0100393 24 19 9 13
18570 17465 1105 4 0.299992 0.0956251 0.204367 29 15 23 13
18956 18900 56 7 0.599987 0.591645 0.00834171 34 11 23 8
19003 18826 177 13 0.399981 0.375791 0.0241901 29 12 10 8
19495 17477 2018 22 0.499932 0.182882 0.317049 32 11 21 9
19522 19467 55 2 0.599953 0.591859 0.00809436 35 9 21 5
19564 19446 118 39 0.499867 0.484497 0.0153697 31 11 17 8
20036 19400 636 17 0.499996 0.388169 0.111827 32 10 23 8
20182 20113 69 21 0.299914 0.290203 0.00971131 28 15 23 14
20225 20036 189 6 0.499984 0.471259 0.0287256 32 11 23 7
20394 20157 237 16 0.299908 0.267782 0.0321258 28 16 26 13
20418 20076 342 38 0.499967 0.455014 0.0449528 26 18 20 13
20462 19064 1398 11 0.699938 0.462008 0.23793 31 13 16 3
20493 20435 58 3 0.592847 0.585123 0.0077237 34 8 18 5
20594 20218 376 34 0.699945 0.651985 0.0479602 34 8 14 3
20707 19755 952 41 0.299952 0.175418 0.124534 26 18 21 14
20815 20512 303 26 0.599994 0.56264 0.0373544 35 9 20 4
21023 20724 299 29 0.299896 0.25934 0.0405552 33 11 25 2
21208 20917 291 24 0.29992 0.26092 0.039 23 20 20 16
21693 20115 1578 12 0.499962 0.220136 0.279825 27 16 16 12
21935 21222 713 8 0.499902 0.409924 0.0899775 28 15 20 11
22144 21841 303 33 0.39976 0.355617 0.0441432 28 16 20 13
22276 21360 916 14 0.399992 0.262608 0.137383 28 15 24 14
22496 22361 135 9 0.49979 0.476978 0.0228115 23 21 7 9
22977 22886 91 37 0.399929 0.386005 0.0139234 22 22 12 18
23335 19028 4307 5 0.799866 0.119859 0.680007 28 15 20 11
23617 23497 120 34 0.799954 0.782843 0.0171107 35 9 14 4
23624 22332 1292 25 0.499913 0.28205 0.217864 31 12 16 8
23682 23629 53 31 0.499818 0.49064 0.00917868 23 20 7 11
23707 22693 1014 0 0.399922 0.228007 0.171916 31 13 22 9
24425 23959 466 19 0.399983 0.332813 0.0671705 25 19 17 16
24457 22671 1786 35 0.599885 0.259059 0.340825 32 12 14 10
24493 24438 55 40 0.599994 0.593162 0.00683236 23 21 5 7
24505 24176 329 1 0.2999 0.251402 0.0484984 33 11 22 8
24604 24235 369 26 0.799861 0.751751 0.0481103 36 8 13 4
24650 24571 79 22 0.699812 0.690457 0.00935509 30 13 9 4
25071 25016 55 4 0.499836 0.488667 0.0111696 30 14 10 6
25996 25588 408 16 0.699966 0.639503 0.0604633 26 18 14 4
26175 25420 755 42 0.299952 0.174095 0.125857 29 14 21 9
26481 24487 1994 18 0.399922 0.155486 0.244436 26 18 21 11
26538 26248 290 17 0.499861 0.457266 0.0425944 34 8 21 5
26617 26246 371 21 0.599919 0.549114 0.0508048 32 11 19 6
26749 26690 59 22 0.889805 0.882177 0.00762786 32 11 6 1
27301 26959 342 41 0.599975 0.556569 0.0434061 29 15 18 8
27322 25991 1331 7 0.299973 0.0927279 0.207245 32 13 24 8
27467 24698 2769 39 0.599948 0.209697 0.39025 30 13 15 7
27697 26881 816 9 0.69997 0.566481 0.133489 24 20 14 10
27719 27221 498 38 0.399967 0.322628 0.0773393 23 21 15 12
27878 27825 53 11 0.29996 0.290075 0.0098842 30 14 20 8
28199 27019 1180 13 0.2999 0.086792 0.213108 25 17 20 10
28426 28373 53 12 0.588456 0.581429 0.00702744 30 13 6 1
28961 27619 1342 34 0.599862 0.406652 0.19321 34 10 15 6
29775 29319 456 29 0.299968 0.240048 0.059919 28 16 17 12
29996 29943 53 4 0.399958 0.39346 0.00649742 27 17 3 7
