743 687 56 44 0.899988 0.891759 0.00822912 15 3 15 2
793 670 123 15 0.899851 0.881683 0.0181682 16 0 16 0
811 677 134 10 0.899795 0.88058 0.0192148 15 0 15 0
973 697 276 41 0.899939 0.862537 0.0374018 13 4 13 2
1368 1307 61 2 0.799969 0.790978 0.00899165 19 0 19 0
1412 1325 87 31 0.799933 0.787219 0.0127136 23 2 23 1
1492 1311 181 29 0.799794 0.772945 0.0268493 20 1 20 1
1505 1274 231 4 0.799914 0.768781 0.0311328 18 0 18 0
1525 1331 194 38 0.799983 0.770007 0.0299754 18 1 18 1
2107 2026 81 22 0.699871 0.688802 0.011069 29 2 28 4
2146 2093 53 26 0.699831 0.69163 0.00820083 32 2 33 2
2189 2083 106 37 0.699956 0.683539 0.0164167 26 3 26 3
2210 2065 145 39 0.699894 0.679201 0.0206928 28 6 28 6
2225 2026 199 13 0.699765 0.670953 0.0288119 34 2 34 2
2225 2036 189 27 0.699968 0.671114 0.028854 34 3 35 2
2437 2009 428 32 0.69991 0.638855 0.0610555 22 3 22 3
2868 2766 102 24 0.59999 0.58477 0.0152207 29 4 29 4
2891 2838 53 30 0.599916 0.591451 0.00846542 33 2 33 2
2975 2787 188 11 0.599919 0.570443 0.0294761 26 7 26 7
2995 2838 157 21 0.599763 0.572137 0.0276251 35 2 35 2
3018 2700 318 43 0.599955 0.550739 0.0492168 31 4 31 4
3067 2787 280 8 0.599768 0.563419 0.03635 35 2 35 2
3132 2806 326 5 0.599907 0.554334 0.045573 29 5 28 4
3138 2753 385 6 0.599921 0.540338 0.0595826 28 2 28 2
3140 2803 337 35 0.599921 0.550764 0.0491573 34 6 33 5
3155 2764 391 42 0.59996 0.549053 0.0509063 33 4 33 4
3241 2831 410 25 0.599947 0.540305 0.0596413 28 5 28 5
3274 2772 502 36 0.599871 0.531901 0.0679692 31 6 32 6
3402 3249 153 44 0.6999 0.677577 0.0223235 26 9 20 8
3744 3468 276 1 0.499989 0.46388 0.0361091 31 8 31 8
3749 3544 205 7 0.499986 0.474246 0.0257399 34 5 34 5
3763 3449 314 17 0.499906 0.454414 0.0454924 28 13 28 11
3809 3501 308 10 0.699894 0.659567 0.0403268 33 4 28 4
3877 3543 334 40 0.499906 0.453381 0.0465253 25 8 25 8
3983 3706 277 31 0.799975 0.761617 0.0383582 32 6 17 5
4404 4337 67 28 0.399936 0.385793 0.0141435 24 18 25 18
4540 4202 338 34 0.399845 0.352024 0.0478212 30 11 30 11
4751 3485 1266 23 0.499809 0.254542 0.245268 25 8 25 8
4993 4777 216 16 0.299939 0.273356 0.0265836 22 19 22 19
5027 4169 858 19 0.399838 0.252505 0.147333 34 9 33 8
5296 5125 171 14 0.299931 0.273759 0.0261712 17 24 18 24
5421 3468 1953 33 0.499854 0.184679 0.315175 30 12 30 11
5520 5264 256 2 0.59994 0.570385 0.029555 19 16 13 16
5624 5177 447 20 0.299922 0.233999 0.0659223 29 10 30 10
5633 5101 532 15 0.499922 0.409219 0.0907028 25 13 21 13
5917 4361 1556 0 0.399974 0.151688 0.248286 31 6 31 6
5930 5175 755 18 0.299947 0.178324 0.121622 32 7 32 7
6072 4263 1809 9 0.399886 0.081376 0.31851 32 11 32 11
6082 5034 1048 12 0.299982 0.153851 0.14613 30 5 32 5
6194 4917 1277 3 0.299895 0.099031 0.200864 20 19 20 19
6723 6406 317 30 0.699982 0.65668 0.0433019 36 6 16 6
6876 6506 370 39 0.599786 0.546016 0.0537699 34 8 28 7
6969 6701 268 29 0.399934 0.351108 0.0488259 28 13 24 13
7001 6448 553 22 0.599981 0.538824 0.0611575 34 6 23 6
7635 7510 125 21 0.599936 0.577728 0.0222079 28 13 19 12
7687 7467 220 10 0.699999 0.66619 0.033809 32 11 22 10
7758 7598 160 38 0.299859 0.275473 0.0243862 25 18 24 18
7823 7770 53 6 0.599838 0.592034 0.00780445 26 13 18 13
7831 7066 765 35 0.699899 0.603471 0.096428 34 5 16 5
7874 7166 708 4 0.399874 0.299819 0.100055 33 8 29 8
8245 7266 979 26 0.499988 0.371987 0.128001 36 8 19 8
8248 7899 349 31 0.599882 0.556891 0.0429914 35 8 25 7
8262 7942 320 43 0.599978 0.552722 0.0472561 26 15 20 15
8404 8035 369 5 0.5998 0.543087 0.0567128 32 7 13 3
8992 8760 232 27 0.29994 0.268569 0.0313717 33 10 27 9
8999 7664 1335 11 0.599837 0.425734 0.174103 35 3 26 2
9046 8377 669 44 0.49996 0.383417 0.116543 28 15 21 15
9119 6842 2277 41 0.3 0.0195508 0.280449 29 13 28 13
9157 8887 270 42 0.499957 0.454963 0.0449941 33 10 27 9
9225 9018 207 17 0.599942 0.570801 0.0291413 34 10 26 8
9552 9166 386 8 0.399849 0.349682 0.0501664 26 17 21 17
9649 7797 1852 37 0.399905 0.121567 0.278338 28 10 22 10
9863 9016 847 1 0.599908 0.460291 0.139617 32 10 17 7
9985 8255 1730 32 0.399785 0.0909207 0.308865 30 10 21 8
10112 9780 332 24 0.299917 0.250538 0.0493782 21 23 19 23
10164 9659 505 36 0.399993 0.334875 0.065118 28 16 21 15
10437 10329 108 22 0.799977 0.785414 0.0145628 34 9 14 5
10490 8319 2171 13 0.399899 0.019674 0.380225 24 19 21 19
10661 10522 139 25 0.299971 0.279565 0.0204054 25 18 23 17
11182 10924 258 20 0.699948 0.66222 0.037728 33 8 20 5
11408 10389 1019 19 0.699995 0.545879 0.154116 30 14 13 10
11457 11100 357 7 0.299914 0.251101 0.0488131 29 15 22 15
11743 11442 301 14 0.599787 0.561033 0.0387539 23 21 18 14
11746 10748 998 40 0.399898 0.237206 0.162692 32 10 29 10
11805 11189 616 30 0.599901 0.509668 0.0902323 33 11 23 11
12236 11662 574 6 0.69989 0.616365 0.0835255 30 10 20 8
12475 12145 330 3 0.699965 0.65959 0.0403746 27 13 22 3
12593 12540 53 16 0.399788 0.391996 0.00779221 29 15 28 13
12614 12326 288 26 0.799963 0.757813 0.0421507 39 5 17 4
12621 10211 2410 34 0.599922 0.155158 0.444764 28 16 22 14
13109 12420 689 0 0.599907 0.481777 0.11813 31 13 28 11
13227 13166 61 23 0.299952 0.290744 0.00920717 29 13 26 13
13494 11897 1597 2 0.399899 0.189845 0.210054 32 9 28 7
13508 12182 1326 28 0.299964 0.141757 0.158208 32 12 25 11
13816 12950 866 18 0.499948 0.366889 0.133059 28 16 24 15
13924 13276 648 35 0.499772 0.386374 0.113399 29 14 21 13
14047 13319 728 15 0.299937 0.172688 0.127249 27 16 24 15
14082 13944 138 39 0.299932 0.280043 0.0198895 34 10 28 10
14235 14125 110 12 0.399911 0.383348 0.0165631 32 11 29 11
14461 14009 452 33 0.299964 0.236537 0.0634271 23 21 21 19
14548 14389 159 11 0.599813 0.578274 0.0215394 31 10 24 10
14722 14377 345 42 0.599928 0.556971 0.042957 26 18 19 14
14738 14472 266 17 0.499902 0.465815 0.0340864 33 11 24 10
14972 14535 437 44 0.599902 0.534708 0.0651943 26 18 15 12
15245 14767 478 29 0.299886 0.216462 0.0834242 30 14 24 14
15317 14742 575 21 0.299936 0.211598 0.0883377 34 10 28 7
15465 15041 424 27 0.599915 0.550524 0.0493913 33 11 18 10
15550 15151 399 4 0.399964 0.347495 0.0524692 29 14 25 13
15617 15432 185 9 0.299903 0.274474 0.0254293 27 17 19 15
15778 15390 388 37 0.699895 0.650224 0.0496705 31 12 20 11
15845 12859 2986 10 0.499899 0.0244397 0.475459 32 12 25 10
16446 16393 53 20 0.499965 0.493302 0.0066633 35 9 26 8
16478 15884 594 38 0.29996 0.188068 0.111892 29 15 22 12
16639 16261 378 19 0.599954 0.551464 0.0484899 34 10 21 7
16796 16504 292 22 0.299853 0.256134 0.0437187 34 10 28 10
16971 16730 241 32 0.599917 0.570171 0.0297458 29 14 20 12
17087 15457 1630 43 0.299957 0.107425 0.192532 25 19 19 11
17132 14906 2226 5 0.399963 0.0863729 0.31359 24 19 22 19
17532 17318 214 8 0.299866 0.275079 0.024787 25 19 25 17
17704 17358 346 36 0.399909 0.355377 0.0445323 26 19 18 13
18342 16763 1579 0 0.799968 0.517794 0.282175 33 11 12 5
18484 16795 1689 30 0.599939 0.302725 0.297214 33 11 22 7
18486 17497 989 1 0.299916 0.127768 0.172149 33 10 27 9
18491 18100 391 42 0.799942 0.741541 0.0584012 35 9 18 4
18601 18305 296 6 0.39993 0.354265 0.045665 30 13 21 11
18667 18137 530 26 0.399981 0.323016 0.0769646 34 10 28 10
18681 17977 704 40 0.599998 0.498113 0.101885 32 12 25 10
18726 18334 392 41 0.299797 0.227573 0.0722235 29 15 27 13
18732 18645 87 14 0.299989 0.284307 0.0156823 28 16 22 14
18852 18264 588 24 0.299821 0.213175 0.0866452 29 15 27 13
19130 18908 222 13 0.399937 0.370054 0.0298838 29 15 24 10
19355 18094 1261 25 0.399958 0.182044 0.217914 35 8 25 4
19366 19204 162 23 0.599918 0.575267 0.0246514 26 18 15 16
19856 19109 747 33 0.79988 0.644936 0.154945 29 15 15 4
20018 17631 2387 3 0.49989 0.0908467 0.409043 29 15 23 12
20090 20037 53 28 0.581296 0.571897 0.00939926 24 20 12 12
20462 20239 223 16 0.299845 0.270411 0.0294337 30 14 26 14
20675 20016 659 21 0.799943 0.677034 0.122909 34 10 15 5
20914 19024 1890 7 0.399949 0.0638731 0.336075 26 18 22 17
21008 20507 501 15 0.599989 0.517644 0.0823443 27 17 20 12
21120 19188 1932 44 0.699996 0.341461 0.358534 30 14 21 11
21161 19081 2080 12 0.699946 0.356876 0.343071 30 13 19 8
21185 20645 540 34 0.399999 0.326312 0.0736873 29 15 23 12
21260 20827 433 37 0.499967 0.439336 0.0606312 18 26 12 24
21509 21044 465 18 0.399854 0.333108 0.0667455 25 19 23 19
21933 21733 200 35 0.299919 0.266498 0.0334206 22 22 18 21
22082 20368 1714 27 0.599991 0.321767 0.278224 31 13 16 8
22137 21803 334 20 0.599969 0.560397 0.0395716 31 13 16 7
22614 21200 1414 2 0.39991 0.196401 0.203509 31 12 20 9
23541 21326 2215 4 0.599923 0.245783 0.35414 34 10 21 6
23590 21875 1715 17 0.299915 0 0.299915 28 16 21 13
23836 22145 1691 39 0.299907 0.0391104 0.260797 26 18 22 18
23992 22613 1379 32 0.499939 0.268553 0.231387 26 18 21 16
24000 23100 900 22 0.59977 0.478864 0.120905 34 10 22 8
24021 23759 262 29 0.299941 0.267589 0.0323519 23 21 18 18
24023 23320 703 36 0.599979 0.515801 0.0841783 31 14 19 7
24081 23906 175 43 0.59994 0.569189 0.0307513 30 14 23 8
24298 24008 290 9 0.299975 0.25911 0.0408647 28 16 21 15
24377 23926 451 14 0.69999 0.638105 0.0618849 37 7 19 2
24382 24225 157 8 0.499782 0.475913 0.0238694 29 15 21 12
24680 24479 201 10 0.399942 0.376107 0.0238347 27 17 20 12
24684 23917 767 19 0.299856 0.202848 0.097008 30 14 29 14
24842 24309 533 6 0.599981 0.522378 0.0776027 27 17 11 9
24986 24290 696 42 0.399871 0.293501 0.10637 31 13 15 10
25020 24502 518 40 0.49996 0.432499 0.0674608 30 14 20 10
25183 23499 1684 38 0.499956 0.249281 0.250675 32 12 25 8
25875 25785 90 23 0.373093 0.360478 0.0126149 25 19 21 14
25923 25759 164 18 0.799962 0.776124 0.0238377 35 9 16 3
25962 24829 1133 0 0.399996 0.182212 0.217784 32 12 21 10
26058 25013 1045 41 0.599935 0.42592 0.174016 28 16 19 11
26082 25942 140 26 0.399914 0.379376 0.0205384 31 13 23 12
26364 24335 2029 33 0.59986 0.303947 0.295913 31 13 18 7
26418 25786 632 16 0.699947 0.604199 0.0957476 30 14 13 2
26602 25842 760 15 0.599987 0.466687 0.1333 32 12 20 6
26854 26610 244 30 0.29999 0.267712 0.0322784 27 17 13 14
26934 26881 53 44 0.599891 0.591778 0.00811222 29 15 18 10
27628 27401 227 24 0.299795 0.264843 0.0349521 22 22 17 20
27676 27327 349 28 0.299938 0.256437 0.0435014 28 16 24 14
27839 26961 878 13 0.299975 0.167244 0.132731 35 9 28 5
27857 27253 604 37 0.5 0.390218 0.109782 25 19 18 17
27966 25697 2269 21 0.499911 0.0987524 0.401158 35 9 24 8
28011 27751 260 34 0.499985 0.466997 0.0329884 29 15 21 13
28433 27151 1282 35 0.699981 0.503111 0.196869 25 19 10 7
28595 26541 2054 25 0.499935 0.193029 0.306906 27 17 21 17
28827 28418 409 7 0.49994 0.445095 0.0548447 24 20 14 15
29112 28844 268 3 0.299945 0.261613 0.0383329 28 16 22 10
29540 28541 999 20 0.399953 0.237264 0.162688 30 14 25 12
29600 29298 302 29 0.699885 0.655336 0.0445488 28 16 19 8
29670 29370 300 27 0.399862 0.355908 0.0439542 29 15 23 13
29730 29321 409 19 0.799911 0.74454 0.0553705 32 12 13 4
29757 29570 187 40 0.699906 0.67416 0.0257458 27 17 19 9
29789 29556 233 10 0.699963 0.667477 0.0324859 30 14 15 6
