795 708 87 1 0.899992 0.886339 0.0136531 8 0 8 0
826 714 112 33 0.899969 0.884904 0.0150655 18 1 18 1
869 734 135 23 0.899978 0.881567 0.0184114 17 0 17 0
906 701 205 16 0.899898 0.867629 0.0322689 10 0 10 0
1456 1396 60 25 0.799948 0.792589 0.00735899 20 1 20 1
1487 1344 143 14 0.799996 0.780681 0.0193146 16 1 16 1
1488 1392 96 15 0.799921 0.78613 0.0137914 16 2 15 1
1593 1381 212 17 0.799958 0.770421 0.0295363 21 5 21 3
1633 1389 244 13 0.799946 0.769524 0.0304223 23 2 23 2
1644 1370 274 43 0.799948 0.76203 0.0379179 17 3 18 3
1688 1509 179 42 0.799909 0.774099 0.0258099 21 3 21 2
1794 1305 489 32 0.799804 0.731597 0.0682069 21 2 22 2
2157 2103 54 7 0.699892 0.69198 0.00791167 28 2 28 2
2195 2104 91 26 0.699965 0.68596 0.0140048 30 3 29 2
2339 2105 234 24 0.699908 0.664786 0.0351225 30 4 30 3
2427 2033 394 39 0.699853 0.642146 0.0577066 29 1 29 1
2430 2029 401 8 0.699916 0.646673 0.053243 26 5 26 5
2482 2204 278 6 0.699933 0.65526 0.0446727 29 1 29 1
2961 2874 87 38 0.585815 0.573163 0.0126514 24 4 24 3
2963 2865 98 44 0.599912 0.584493 0.0154186 31 2 31 2
2969 2915 54 4 0.599954 0.594439 0.00551528 32 6 32 6
3096 2801 295 18 0.599927 0.558217 0.0417101 26 4 26 4
3101 2856 245 27 0.59996 0.565359 0.0346004 28 2 28 2
3210 2806 404 29 0.599925 0.541835 0.0580903 28 6 28 6
3279 2899 380 2 0.599948 0.543644 0.0563033 28 6 28 6
3583 3420 163 37 0.499926 0.477315 0.0226111 24 7 24 7
3636 3475 161 34 0.499919 0.477849 0.0220698 24 8 24 8
3657 2817 840 11 0.599964 0.475554 0.12441 35 1 35 1
3689 3463 226 20 0.499846 0.466469 0.0333778 32 6 32 6
3853 3465 388 19 0.499907 0.445902 0.0540045 31 8 31 8
3893 3560 333 33 0.699927 0.651617 0.0483093 31 7 25 7
4191 3620 571 0 0.499896 0.411167 0.0887292 25 5 25 5
4232 4161 71 36 0.392468 0.382152 0.0103157 22 18 22 18
4420 4341 79 35 0.399996 0.386496 0.0135001 29 11 29 11
4422 3480 942 9 0.499999 0.355539 0.144461 27 3 27 3
4439 4260 179 22 0.399944 0.373331 0.0266131 31 14 31 13
4462 4159 303 41 0.399791 0.352602 0.0471894 30 6 30 6
4480 4252 228 40 0.399915 0.369772 0.030143 33 8 32 7
4524 4370 154 21 0.399968 0.377207 0.0227608 28 9 28 9
4691 3545 1146 30 0.499944 0.320366 0.179577 29 1 29 1
4766 4263 503 28 0.399888 0.304805 0.0950833 30 10 30 10
5085 3390 1695 1 0.6999 0.417688 0.282212 27 3 23 3
5252 4351 901 31 0.399909 0.268915 0.130994 32 7 32 7
5303 5181 122 12 0.29989 0.280208 0.0196818 25 17 25 17
5375 5047 328 10 0.299965 0.250087 0.0498787 36 6 36 6
5386 4258 1128 23 0.599983 0.414378 0.185605 31 5 30 5
5437 4815 622 14 0.699911 0.604357 0.0955541 29 5 20 5
5448 5105 343 5 0.299958 0.239816 0.060142 26 13 26 13
5460 3537 1923 3 0.499779 0.179305 0.320474 30 3 30 3
6377 6080 297 8 0.699988 0.649944 0.0500448 27 10 15 9
7118 4809 2309 17 0.699938 0.29353 0.406407 26 9 21 8
7273 5347 1926 15 0.599991 0.318599 0.281392 20 19 18 19
7278 6580 698 16 0.299945 0.194516 0.105428 23 20 22 20
7282 6732 550 32 0.499868 0.426452 0.0734159 28 9 23 8
7355 7302 53 33 0.699975 0.69389 0.00608512 30 11 5 6
7521 6586 935 2 0.799896 0.665196 0.134699 30 9 12 7
7540 7218 322 13 0.399992 0.34221 0.0577822 32 9 26 8
7639 7262 377 26 0.499941 0.445744 0.0541974 23 19 16 18
7717 6720 997 4 0.699787 0.513925 0.185862 27 13 13 11
8028 7912 116 43 0.299942 0.278571 0.0213709 27 16 24 15
8127 7244 883 7 0.499948 0.354024 0.145924 31 10 19 10
8134 8023 111 11 0.699868 0.680827 0.019041 33 9 22 8
8203 7510 693 25 0.299827 0.191584 0.108243 31 10 31 10
8237 7516 721 39 0.499976 0.382791 0.117184 26 10 18 10
8250 7671 579 42 0.299873 0.20828 0.0915925 24 19 24 19
8622 8247 375 24 0.399896 0.34567 0.0542259 26 17 20 17
8666 8295 371 6 0.399944 0.335579 0.064365 26 15 21 14
9460 9405 55 18 0.399927 0.391903 0.00802456 26 16 22 16
9567 7980 1587 20 0.699822 0.407308 0.292513 25 17 15 14
9659 8868 791 34 0.599838 0.500909 0.0989283 30 12 23 11
9987 9413 574 9 0.699932 0.609707 0.0902242 28 10 18 8
10159 9344 815 22 0.6999 0.564778 0.135121 33 13 16 6
10531 8683 1848 40 0.799951 0.475994 0.323957 31 10 12 5
10575 10459 116 36 0.499919 0.483028 0.0168916 24 19 20 15
10932 10061 871 5 0.799789 0.678548 0.121241 29 13 16 7
10977 7945 3032 37 0.699761 0.162068 0.537692 29 10 16 8
11046 10610 436 19 0.39997 0.330948 0.0690213 28 15 23 14
11146 10896 250 23 0.599938 0.565499 0.0344394 29 14 23 13
11146 8891 2255 29 0.499901 0.127528 0.372373 28 13 18 12
11216 10099 1117 38 0.299996 0.121322 0.178673 26 16 24 16
11232 9942 1290 44 0.299903 0.0849154 0.214987 38 4 30 3
11355 10312 1043 27 0.299909 0.121428 0.178481 27 16 24 16
11589 10937 652 21 0.499904 0.395635 0.104269 35 8 27 8
11888 11011 877 31 0.599905 0.49258 0.107326 25 16 13 12
11956 11875 81 3 0.599916 0.590483 0.00943259 30 8 18 8
12112 12023 89 30 0.399993 0.385185 0.0148086 33 11 29 11
12271 11854 417 0 0.299974 0.244965 0.0550089 22 21 21 21
12482 12329 153 14 0.299897 0.278558 0.0213388 31 13 28 13
12582 12354 228 41 0.299944 0.269353 0.0305913 27 15 24 15
12694 11417 1277 1 0.499978 0.295795 0.204182 28 10 14 10
12744 12355 389 10 0.499904 0.447818 0.0520859 33 11 17 8
13349 13024 325 17 0.599895 0.555214 0.044681 25 16 14 9
13439 13048 391 7 0.699894 0.641975 0.0579184 30 13 23 8
13461 12245 1216 35 0.299959 0.132651 0.167308 26 17 23 15
13581 13410 171 4 0.499958 0.472474 0.0274842 27 17 24 17
14032 13404 628 32 0.499994 0.423229 0.0767654 37 5 29 5
14074 13645 429 42 0.699987 0.638633 0.0613542 29 15 22 11
14227 13251 976 8 0.299893 0.143184 0.156709 32 12 30 11
14277 12235 2042 28 0.399938 0.0262124 0.373726 35 9 32 9
14746 14218 528 16 0.499975 0.416722 0.0832524 28 15 21 11
14979 13641 1338 12 0.299996 0.115498 0.184498 27 17 22 15
15110 12426 2684 33 0.499959 0.0909598 0.408999 34 9 23 7
15240 14883 357 11 0.299949 0.248562 0.0513868 29 15 27 15
15569 14356 1213 2 0.299912 0.0905357 0.209377 31 13 23 11
15653 14087 1566 43 0.59985 0.324063 0.275787 24 19 21 16
15700 15071 629 26 0.299982 0.220806 0.0791764 25 19 22 16
15744 13641 2103 24 0.699976 0.448664 0.251312 30 14 21 7
15814 15056 758 15 0.299894 0.170432 0.129462 25 18 23 17
16091 15575 516 13 0.299975 0.212814 0.0871616 27 17 25 16
16240 15875 365 19 0.699929 0.628059 0.0718692 31 13 16 7
16306 16023 283 39 0.299991 0.265127 0.0348636 28 16 25 13
16376 15762 614 36 0.59996 0.498253 0.101707 32 12 23 12
16424 16083 341 5 0.499902 0.454588 0.0453142 25 19 19 17
16674 16488 186 10 0.799993 0.772391 0.0276026 33 11 17 8
16852 16769 83 3 0.599956 0.587488 0.0124678 30 10 15 5
16866 15852 1014 37 0.799919 0.675639 0.12428 27 15 17 9
16924 16622 302 18 0.399936 0.362898 0.0370373 28 16 20 14
17031 16891 140 31 0.599847 0.57803 0.0218174 27 17 20 12
17035 16915 120 25 0.299914 0.284878 0.0150365 29 14 27 14
17112 16821 291 9 0.29989 0.256574 0.0433158 33 11 29 9
17498 16995 503 42 0.799807 0.736894 0.0629131 33 11 15 4
17557 17403 154 34 0.299971 0.277426 0.0225444 26 18 19 12
18047 17070 977 22 0.299906 0.149514 0.150391 30 16 26 15
18151 17945 206 27 0.599965 0.573689 0.0262756 30 14 19 10
18152 17377 775 40 0.399895 0.251481 0.148414 29 15 22 13
18238 17915 323 44 0.599992 0.548541 0.0514505 33 10 22 8
18484 17430 1054 17 0.699923 0.536436 0.163487 27 16 19 8
18697 17737 960 21 0.499816 0.341737 0.158079 29 15 16 12
18714 17262 1452 20 0.299942 0.0630525 0.23689 31 13 27 11
18863 17739 1124 29 0.599964 0.43963 0.160334 32 12 22 8
18903 18471 432 30 0.499918 0.438762 0.0611562 31 13 18 11
19301 18260 1041 23 0.299968 0.131309 0.168658 29 15 23 10
19818 19404 414 14 0.499956 0.447771 0.0521851 27 17 21 13
20404 19827 577 0 0.399966 0.315138 0.0848285 29 15 24 11
20459 18548 1911 38 0.499989 0.191261 0.308727 24 19 21 16
20638 20126 512 1 0.399957 0.314985 0.0849723 31 13 28 13
20671 20309 362 7 0.299993 0.249315 0.0506774 31 13 26 13
20686 20097 589 35 0.599979 0.505248 0.0947312 26 17 20 16
20736 20551 185 43 0.699895 0.67565 0.0242455 31 12 17 7
20805 20483 322 37 0.69998 0.652001 0.0479789 30 13 16 6
21081 20970 111 39 0.7998 0.783131 0.0166689 31 13 9 2
21171 21055 116 4 0.299979 0.285883 0.0140963 30 14 27 13
21616 21380 236 8 0.499899 0.470394 0.0295048 25 19 20 15
21652 20577 1075 10 0.599887 0.435396 0.164491 25 19 17 14
21944 20419 1525 11 0.699945 0.438108 0.261837 30 14 15 7
21959 21657 302 44 0.799968 0.758672 0.0412964 31 12 16 8
22073 18834 3239 41 0.599961 0.0555244 0.544437 38 6 22 3
22116 21581 535 42 0.599942 0.526777 0.0731647 35 9 23 7
22155 21627 528 19 0.499796 0.431167 0.068629 33 11 27 10
22157 21712 445 32 0.29997 0.229955 0.0700146 32 12 27 12
22496 22443 53 31 0.499861 0.492734 0.0071274 31 13 22 11
22763 22392 371 13 0.599938 0.549193 0.0507457 32 12 24 7
22947 22700 247 17 0.699899 0.664618 0.0352811 25 18 19 12
23228 22386 842 16 0.299842 0.16106 0.138782 35 9 30 6
23443 23060 383 2 0.499995 0.447487 0.0525081 30 14 14 9
23590 23252 338 28 0.299934 0.25517 0.0447636 30 14 25 14
23743 23557 186 36 0.299921 0.275316 0.024605 31 13 29 12
23946 22946 1000 12 0.399911 0.218711 0.1812 28 16 20 12
23968 23309 659 24 0.299997 0.190991 0.109005 34 10 30 8
24053 22874 1179 25 0.599967 0.390597 0.20937 28 16 18 8
24090 23924 166 33 0.299989 0.277631 0.0223582 21 23 19 23
24200 23430 770 15 0.399991 0.272458 0.127534 21 22 15 19
24613 24045 568 5 0.299949 0.211277 0.088672 28 16 25 13
24700 24136 564 26 0.29995 0.208066 0.091884 27 17 24 12
24726 23495 1231 21 0.699951 0.495664 0.204287 29 15 17 7
24786 24211 575 27 0.399957 0.306057 0.0939002 28 16 23 13
24812 23770 1042 3 0.299989 0.126893 0.173096 34 10 30 10
24920 24633 287 29 0.49997 0.455066 0.0449044 25 19 10 14
24930 24651 279 9 0.399918 0.364811 0.0351073 29 15 22 14
25052 24996 56 35 0.699928 0.691008 0.00892026 29 14 17 8
25158 24928 230 43 0.599793 0.563361 0.0364321 29 14 14 9
25359 25000 359 40 0.49988 0.440582 0.0592975 32 12 27 6
25385 25140 245 23 0.699827 0.665642 0.0341842 32 12 20 4
25464 25344 120 44 0.699942 0.680832 0.0191102 26 17 13 9
25726 23237 2489 18 0.499926 0.0980605 0.401866 37 7 29 5
26043 25740 303 39 0.499923 0.460351 0.0395722 31 13 17 7
26352 25665 687 34 0.299885 0.208691 0.0911947 25 19 21 13
26380 25233 1147 14 0.599969 0.411007 0.188962 31 13 21 6
26417 26272 145 20 0.4999 0.480726 0.0191738 24 20 19 14
26749 26383 366 1 0.599907 0.55342 0.0464876 33 11 25 11
26945 26617 328 30 0.299968 0.25713 0.0428378 26 18 23 18
27098 26840 258 37 0.399897 0.359161 0.0407361 32 12 24 8
27167 26771 396 22 0.299832 0.24135 0.0584825 28 18 23 17
27443 27301 142 38 0.499949 0.482482 0.0174672 25 19 17 19
27895 27665 230 13 0.599943 0.566215 0.0337279 29 15 18 11
27916 27685 231 0 0.399903 0.368574 0.0313291 28 16 23 10
27966 27570 396 8 0.499977 0.443302 0.0566746 30 14 25 9
29173 28342 831 31 0.499922 0.39212 0.107802 31 13 22 12
29228 28957 271 17 0.399965 0.359252 0.0407131 37 7 31 4
29470 29304 166 12 0.699947 0.676248 0.0236989 31 13 18 6
29577 28372 1205 7 0.399942 0.25283 0.147112 31 13 26 13
29577 29314 263 10 0.299986 0.264248 0.0357379 29 15 27 11
29668 29323 345 42 0.299963 0.248909 0.0510538 34 10 27 7
29743 29087 656 32 0.499966 0.39333 0.106636 33 11 21 5
29787 29374 413 26 0.799964 0.742348 0.0576155 34 10 12 1
29844 29411 433 11 0.299966 0.240643 0.0593231 30 14 24 12
29853 29571 282 2 0.499939 0.45741 0.0425297 37 7 26 4
29938 29622 316 19 0.299929 0.253748 0.0461812 34 10 30 9
