1788 1658 130 3 0.799893 0.783152 0.016741 8 0 8 0
1826 1611 215 9 0.799953 0.774215 0.025738 7 0 7 0
2807 2423 384 4 0.699908 0.649211 0.0506972 9 0 9 0
3380 3242 138 2 0.599894 0.584378 0.0155162 8 1 8 1
3469 3197 272 1 0.59992 0.566348 0.0335719 8 1 8 1
4167 4070 97 0 0.499925 0.489199 0.0107265 8 1 8 1
4214 4039 175 7 0.49999 0.479004 0.0209861 7 2 7 2
4932 4876 56 5 0.399949 0.392131 0.00781843 8 1 8 1
5861 5783 78 6 0.299905 0.289621 0.0102839 8 1 8 1
6725 6588 137 8 0.199906 0.18257 0.017336 6 3 6 3
8805 8522 283 9 0.299982 0.262899 0.0370829 7 2 7 2
9448 9185 263 3 0.199911 0.170031 0.0298801 7 2 7 2
9631 9294 337 4 0.399971 0.356605 0.0433662 7 2 6 2
11314 11232 82 0 0.399961 0.389983 0.00997797 6 3 6 3
11739 11681 58 2 0.199952 0.191839 0.00811273 6 3 6 3
12970 12783 187 1 0.0999916 0.0773071 0.0226845 7 2 7 2
14190 13919 271 7 0.0999088 0.0681438 0.031765 6 3 6 3
14347 14031 316 5 0.199971 0.162026 0.0379451 5 4 5 4
16244 16028 216 6 0.0999793 0.0735977 0.0263816 6 3 6 3
16473 16419 54 4 0.499896 0.490591 0.00930468 6 3 6 3
16836 16746 90 8 0.199883 0.187615 0.0122683 7 2 7 2
17886 17727 159 9 0.299918 0.282358 0.0175606 4 5 4 5
19894 19631 263 0 0.299947 0.268501 0.0314463 7 2 7 2
20240 19982 258 2 0.399893 0.367937 0.0319563 6 3 6 3
20292 20239 53 3 0.0998799 0.0922831 0.00759685 4 5 4 5
20573 20254 319 1 0.599991 0.561526 0.0384653 5 4 5 4
22269 22216 53 7 0.49992 0.490808 0.00911171 7 2 7 2
23104 22770 334 5 0.399966 0.360017 0.0399493 6 3 5 3
23700 23512 188 4 0.399974 0.375113 0.0248602 5 4 4 4
25420 25202 218 8 0.399997 0.372281 0.0277155 8 1 7 1
27242 27030 212 0 0.499895 0.475319 0.0245756 6 3 6 2
28320 28092 228 9 0.0999486 0.0721313 0.0278173 6 3 6 3
28599 28475 124 2 0.299999 0.284375 0.0156242 7 2 7 1
29927 29689 238 1 0.0999785 0.0713433 0.0286352 8 1 8 1
