875 817 58 8 0.899893 0.891373 0.0085199 4 0 4 0
3514 3194 320 2 0.599909 0.561961 0.0379482 9 0 9 0
3954 3824 130 4 0.499894 0.483413 0.0164805 8 1 8 1
4217 4036 181 6 0.499909 0.479109 0.0208003 9 0 9 0
5088 4853 235 7 0.399996 0.373226 0.0267705 6 3 6 3
5236 4859 377 1 0.399937 0.355218 0.0447191 8 1 8 1
5773 5715 58 3 0.299914 0.293138 0.00677634 8 1 8 1
6065 5775 290 9 0.299988 0.267262 0.0327262 7 2 7 2
6673 6466 207 5 0.199925 0.175073 0.024853 5 4 5 4
7648 7358 290 0 0.0999185 0.067342 0.0325765 8 1 8 1
8277 7922 355 8 0.199893 0.154526 0.0453672 7 2 7 2
9955 9695 260 6 0.599947 0.568122 0.0318252 5 4 5 4
12869 12798 71 2 0.099947 0.0915891 0.00835796 8 1 8 1
12950 12692 258 4 0.19998 0.169742 0.0302372 7 2 7 2
12967 12671 296 7 0.399995 0.36398 0.0360148 9 0 9 0
13116 12786 330 1 0.39998 0.361949 0.038031 5 4 5 4
15922 15626 296 0 0.499998 0.463701 0.0362971 5 4 5 4
16286 16057 229 3 0.0999102 0.0743783 0.0255319 5 4 5 4
16673 16605 68 5 0.199974 0.189542 0.0104318 6 3 6 3
16737 16510 227 9 0.0999505 0.0691989 0.0307516 8 1 8 1
18569 18464 105 6 0.19997 0.186603 0.0133672 7 2 7 1
19257 19174 83 8 0.0999797 0.0882978 0.0116819 7 2 7 2
21338 21251 87 4 0.399952 0.388204 0.0117476 6 3 6 3
21755 21520 235 1 0.299942 0.27391 0.026032 7 2 7 2
23243 22965 278 7 0.0999961 0.0628722 0.0371238 7 2 7 2
24160 23914 246 2 0.0998958 0.0702059 0.0296899 5 4 5 4
24656 24602 54 0 0.199897 0.191408 0.00848833 6 3 6 3
26958 26585 373 5 0.199799 0.153198 0.0466018 6 3 6 3
27311 27135 176 9 0.199925 0.179467 0.0204575 7 2 7 2
27824 27478 346 3 0.0998447 0.0570978 0.0427469 6 3 6 3
27989 27637 352 6 0.299913 0.259384 0.0405289 4 5 4 5
29225 28887 338 8 0.299957 0.260344 0.0396122 5 4 5 4
