834 781 53 3 0.899899 0.892651 0.00724791 6 0 6 0
2552 2301 251 0 0.699903 0.66802 0.0318834 9 0 9 0
2576 2423 153 9 0.699991 0.680574 0.0194167 8 1 8 1
3225 3171 54 2 0.599891 0.592045 0.00784615 7 2 7 2
4107 4054 53 5 0.499789 0.490599 0.00919036 8 1 8 1
4922 4868 54 1 0.399996 0.391318 0.00867806 7 2 7 2
5046 4849 197 4 0.399981 0.375214 0.0247676 5 4 5 4
6247 6066 181 3 0.399937 0.376709 0.0232288 6 3 5 3
7375 7285 90 6 0.0999024 0.0879516 0.0119508 6 3 6 3
7571 7400 171 8 0.0999738 0.0793916 0.0205822 6 3 6 3
7708 7381 327 7 0.0999043 0.0611173 0.038787 8 1 8 1
10358 10284 74 5 0.499962 0.491286 0.00867571 6 3 6 3
11425 11368 57 0 0.0999646 0.092004 0.00796058 5 4 5 4
11610 11411 199 9 0.0997846 0.0736579 0.0261267 7 2 7 2
11844 11541 303 2 0.199929 0.163698 0.0362312 9 0 9 0
12527 12235 292 1 0.399985 0.36245 0.0375347 6 3 6 3
13423 13370 53 4 0.299888 0.291868 0.00801979 8 1 8 1
15131 14996 135 7 0.599894 0.584763 0.0151314 8 1 4 1
15308 15169 139 6 0.499919 0.480977 0.0189427 6 3 5 3
15521 15437 84 3 0.199961 0.188034 0.0119279 6 3 6 3
18176 17991 185 8 0.199954 0.176789 0.023165 8 1 8 1
19803 19747 56 5 0.0999947 0.092959 0.00703565 8 1 8 1
21260 21194 66 9 0.299979 0.290936 0.00904338 8 1 8 1
21394 21045 349 2 0.29976 0.257812 0.0419485 9 0 9 0
21782 21661 121 0 0.199937 0.185884 0.0140537 6 3 6 3
22505 22444 61 1 0.099893 0.0929723 0.0069207 7 2 7 2
23768 23710 58 4 0.0999566 0.092163 0.00779359 5 4 5 4
24318 24181 137 7 0.0999691 0.0828754 0.0170937 3 6 3 6
24486 24089 397 6 0.199927 0.15129 0.0486369 8 1 8 1
25499 25333 166 3 0.199913 0.179727 0.0201857 5 4 5 4
28116 27888 228 8 0.199948 0.173327 0.0266217 8 1 8 1
28619 28556 63 2 0.499955 0.492807 0.00714789 7 2 6 2
28738 28597 141 5 0.39989 0.382817 0.0170731 5 4 5 4
29398 29097 301 9 0.399992 0.365682 0.0343098 3 6 3 6
