786 717 69 5 0.899784 0.890091 0.00969358 4 0 4 0
926 781 145 6 0.899898 0.881833 0.0180659 5 1 5 1
2596 2428 168 1 0.69993 0.676553 0.0233763 8 0 8 0
3927 3874 53 2 0.499942 0.494044 0.00589822 7 1 7 1
4353 3981 372 0 0.499937 0.455445 0.0444912 9 0 9 0
5099 4935 164 3 0.399912 0.379658 0.0202543 9 0 9 0
6118 5796 322 7 0.299943 0.261176 0.0387675 7 2 7 2
6764 6612 152 8 0.199931 0.179962 0.0199695 7 2 7 2
6862 6562 300 4 0.199968 0.165369 0.0345987 8 1 9 1
7641 7377 264 9 0.0998909 0.0698532 0.0300377 7 2 7 2
9136 7840 1296 5 0.199866 0.0609104 0.138956 8 1 8 1
9150 8799 351 6 0.0999782 0.0580092 0.041969 6 3 6 3
10113 9739 374 1 0.299969 0.26039 0.0395793 6 3 6 3
11892 11631 261 0 0.399988 0.369746 0.0302419 9 0 7 0
13563 13510 53 3 0.299978 0.293226 0.00675277 6 3 5 3
13603 13486 117 2 0.0999801 0.0863556 0.0136245 6 3 6 3
15278 15016 262 7 0.299957 0.26882 0.0311371 8 1 8 1
16191 16047 144 4 0.299911 0.283118 0.0167932 8 1 8 1
16250 15986 264 8 0.299999 0.269169 0.0308303 8 1 8 1
18107 18049 58 5 0.399898 0.391025 0.00887384 8 1 6 1
18175 18122 53 6 0.399824 0.389123 0.0107009 5 4 5 4
18265 18123 142 9 0.199975 0.182507 0.0174679 5 4 5 3
19119 18176 943 1 0.399969 0.300767 0.0992014 5 4 4 4
19863 19486 377 0 0.399912 0.353159 0.0467525 2 7 2 7
21662 21535 127 3 0.399916 0.384542 0.0153743 7 2 5 2
23412 23219 193 7 0.399946 0.37604 0.0239061 8 1 8 1
24193 24082 111 2 0.199984 0.186066 0.0139185 8 1 8 1
24246 24010 236 4 0.399981 0.369742 0.0302385 7 2 7 2
24335 24174 161 8 0.399937 0.376107 0.0238296 7 2 7 2
27668 27375 293 9 0.299942 0.262803 0.0371389 8 1 8 1
28246 27895 351 5 0.0999791 0.0574821 0.042497 8 1 8 1
28457 28225 232 6 0.0999832 0.0734665 0.0265167 9 0 9 0
29434 29357 77 1 0.0999789 0.0892057 0.0107732 6 3 6 3
