1595 1473 122 2 0.79995 0.786252 0.0136981 6 0 6 0
1663 1572 91 4 0.799895 0.789797 0.0100971 6 0 6 0
1743 1605 138 3 0.79978 0.781395 0.0183851 6 1 6 1
3484 3209 275 1 0.599949 0.567671 0.0322782 9 0 9 0
4137 4054 83 7 0.499934 0.490215 0.00971917 7 2 7 2
4395 4072 323 9 0.49998 0.461194 0.0387863 8 1 8 1
5993 5662 331 5 0.299973 0.260604 0.039369 8 1 8 1
6020 5718 302 6 0.299939 0.265095 0.0348438 8 1 8 1
7541 7274 267 0 0.099923 0.0695317 0.0303913 9 0 9 0
7598 7288 310 8 0.0999353 0.0640735 0.0358618 8 1 8 1
7809 7509 300 3 0.399959 0.364881 0.0350783 6 3 6 3
9852 9798 54 2 0.099985 0.0916629 0.00832208 5 4 5 4
10103 9923 180 4 0.099942 0.0772267 0.0227153 6 3 6 3
12509 12392 117 9 0.299895 0.284905 0.0149896 7 2 7 2
12864 12699 165 1 0.0999828 0.0774788 0.0225039 7 2 7 2
15777 15589 188 6 0.199953 0.176883 0.0230699 5 4 5 4
16837 16390 447 5 0.0999585 0.0414441 0.0585144 6 3 5 3
17283 17150 133 8 0.299965 0.280255 0.0197098 3 6 3 6
17926 17764 162 3 0.0999568 0.0794266 0.0205302 4 5 4 5
18865 18812 53 0 0.0998571 0.0922627 0.00759441 5 4 5 4
20664 20476 188 4 0.199984 0.175727 0.0242563 6 3 6 2
21052 20877 175 2 0.0999284 0.0780911 0.0218373 5 4 5 3
21942 21858 84 9 0.199965 0.188414 0.0115515 7 2 5 2
24495 24087 408 1 0.0999267 0.0486395 0.0512872 8 1 7 1
25281 25201 80 8 0.399776 0.388219 0.0115577 5 4 4 3
26566 26513 53 5 0.299838 0.293243 0.00659535 7 2 7 1
26799 26469 330 6 0.0999978 0.0633477 0.0366501 6 3 6 2
26967 26623 344 3 0.399978 0.35978 0.0401973 5 4 5 3
28464 28221 243 0 0.299897 0.270159 0.0297385 6 3 6 2
29286 29075 211 4 0.399976 0.375506 0.0244699 6 3 5 2
