1813 1639 174 9 0.799993 0.7783 0.0216928 8 0 8 0
2480 2426 54 3 0.69991 0.692554 0.00735643 7 0 7 0
2665 2409 256 0 0.699981 0.666291 0.0336897 8 0 8 0
2672 2344 328 5 0.699902 0.660662 0.0392408 7 0 8 0
4254 4014 240 7 0.499918 0.471014 0.028904 8 1 8 1
4288 4003 285 4 0.499963 0.466223 0.0337401 6 3 6 3
4995 4892 103 8 0.399921 0.388536 0.0113848 9 0 9 0
5329 4962 367 2 0.399944 0.356147 0.0437974 9 0 9 0
6580 6445 135 6 0.199963 0.182088 0.0178753 8 1 8 1
6722 6438 284 1 0.199983 0.166627 0.0333556 8 1 8 1
7145 6844 301 9 0.499961 0.463861 0.0361 7 2 7 2
8606 8285 321 5 0.499922 0.46144 0.0384817 6 3 5 3
9043 8986 57 0 0.399853 0.391746 0.00810756 7 2 6 2
9844 9771 73 4 0.599908 0.59102 0.0088888 6 3 5 3
9921 9576 345 3 0.299916 0.259374 0.0405423 8 1 8 1
11606 11398 208 7 0.399912 0.376032 0.0238796 7 2 7 2
12496 12381 115 6 0.699933 0.687074 0.0128593 8 1 7 1
14450 14281 169 1 0.499934 0.477432 0.0225024 8 1 8 1
15191 15017 174 8 0.0999042 0.0768668 0.0230374 7 2 7 2
15295 15134 161 9 0.299897 0.280674 0.0192234 6 3 6 3
15753 15402 351 2 0.0999325 0.0574896 0.042443 8 1 8 1
16048 15723 325 5 0.399936 0.361807 0.0381288 7 2 7 2
17534 17393 141 0 0.299946 0.282301 0.0176449 5 4 5 4
19022 18776 246 6 0.39998 0.370835 0.0291447 7 2 7 2
19051 18905 146 4 0.0999596 0.0796523 0.0203073 5 4 5 4
20555 20474 81 3 0.0999811 0.0890108 0.0109704 7 2 7 2
20815 20655 160 7 0.199895 0.181093 0.018802 8 1 8 1
23468 23217 251 9 0.399999 0.370796 0.0292029 9 0 9 0
23731 23587 144 5 0.399898 0.384067 0.0158311 6 3 6 3
24400 24088 312 1 0.0999877 0.0595128 0.0404749 8 1 8 1
25676 25333 343 0 0.399953 0.358909 0.0410435 6 3 6 3
26018 25700 318 8 0.199894 0.157559 0.042335 6 3 6 3
26752 26487 265 6 0.399937 0.368107 0.0318307 6 3 6 3
27210 27036 174 2 0.0998948 0.0781703 0.0217245 6 3 6 3
28762 28532 230 4 0.299918 0.271767 0.0281508 4 5 3 5
