1679 1564 115 4 0.799907 0.784162 0.0157454 7 0 7 0
1692 1606 86 8 0.799921 0.790184 0.00973709 7 0 7 0
2444 2272 172 0 0.699955 0.677029 0.0229263 7 1 7 1
4200 4019 181 2 0.499906 0.479184 0.0207214 9 0 9 0
6806 6583 223 3 0.199958 0.174455 0.025503 8 1 8 1
6844 6449 395 1 0.19989 0.149989 0.0499019 9 0 9 0
7467 7215 252 9 0.0999122 0.0687352 0.031177 9 0 9 0
7501 7331 170 6 0.0999136 0.0789705 0.0209431 7 2 7 2
7532 7273 259 7 0.0998999 0.0684466 0.0314534 7 2 7 2
10317 10026 291 8 0.0999855 0.0680266 0.0319589 5 4 5 4
11570 11230 340 0 0.0999329 0.0591683 0.0407645 5 4 5 4
13994 13777 217 2 0.0998957 0.0727026 0.0271932 7 2 6 2
15232 15175 57 3 0.399998 0.391965 0.00803287 6 3 4 3
17824 17744 80 1 0.0998906 0.0889586 0.010932 5 4 4 4
18111 17952 159 9 0.199958 0.181326 0.0186314 6 3 4 3
18259 17896 363 6 0.199799 0.153488 0.0463103 6 3 4 3
18932 18772 160 7 0.0999933 0.0764615 0.0235319 8 1 6 1
19278 19165 113 8 0.399974 0.385207 0.0147674 5 4 4 3
22391 22113 278 0 0.199916 0.166773 0.033143 6 3 4 3
24621 24463 158 2 0.199925 0.179741 0.0201836 8 1 6 1
25689 25350 339 3 0.0999486 0.0542171 0.0457314 7 2 5 2
29161 29100 61 1 0.0999358 0.0922261 0.00770971 7 2 6 1
29289 29216 73 8 0.0999561 0.0908691 0.00908707 7 2 6 1
29315 28972 343 9 0.0999316 0.0594855 0.0404461 8 1 6 1
29354 29150 204 6 0.0999405 0.0731554 0.0267851 7 2 5 2
