1742 1658 84 1 0.799988 0.790756 0.00923111 6 0 6 0
2439 2292 147 7 0.699944 0.679117 0.020827 8 0 8 0
2551 2277 274 5 0.699979 0.667341 0.0326383 7 0 7 0
2634 2326 308 4 0.699919 0.660528 0.0393909 9 0 9 0
2730 2420 310 9 0.69997 0.664789 0.0351812 8 1 8 1
3325 3261 64 0 0.599875 0.592752 0.00712277 6 2 6 2
6672 6413 259 2 0.199904 0.170095 0.0298089 8 1 8 1
6733 6356 377 8 0.199883 0.155218 0.0446649 8 0 8 0
7518 7238 280 6 0.099984 0.066438 0.0335459 8 1 8 1
7717 7357 360 3 0.0999453 0.0566462 0.0432991 7 2 7 2
10175 10067 108 1 0.0998609 0.0869404 0.0129204 6 3 6 3
10207 9857 350 9 0.299977 0.255402 0.0445748 7 2 7 2
10656 10468 188 7 0.199969 0.178345 0.021624 5 4 5 4
11624 11330 294 5 0.0999251 0.0652532 0.034672 7 2 7 2
11789 11535 254 4 0.0999168 0.071035 0.0288818 5 4 5 4
13248 12473 775 0 0.0998915 0.0183061 0.0815855 4 5 4 5
15456 15210 246 8 0.399897 0.369574 0.0303224 6 3 6 3
16576 16523 53 3 0.39995 0.391696 0.00825457 7 2 7 2
17586 17519 67 2 0.0999985 0.0889794 0.0110191 6 3 6 3
18979 18926 53 9 0.299907 0.293515 0.00639129 6 3 6 3
19004 18849 155 6 0.0999446 0.081775 0.0181695 9 0 9 0
20845 20573 272 4 0.399963 0.369616 0.0303478 7 2 7 1
21627 21520 107 7 0.0999597 0.0860118 0.0139479 5 4 5 4
21749 21418 331 1 0.0999899 0.0612986 0.0386913 6 3 6 3
22990 22895 95 5 0.0999766 0.0883285 0.0116481 6 3 6 3
23945 23859 86 8 0.29999 0.288063 0.011927 6 3 5 2
25028 24744 284 0 0.0999965 0.0666752 0.0333214 9 0 9 0
25876 25666 210 3 0.19991 0.176925 0.0229845 7 2 7 2
27057 26801 256 9 0.399979 0.366438 0.033541 7 2 7 2
27264 27075 189 2 0.299985 0.278528 0.0214567 6 3 6 3
