2459 2348 111 8 0.699917 0.683762 0.0161543 9 0 9 0
2494 2368 126 1 0.699985 0.683339 0.0166466 6 1 6 1
3309 3256 53 5 0.599989 0.593389 0.00659963 8 1 8 1
5150 4875 275 0 0.399917 0.363904 0.0360133 8 1 8 1
5167 4835 332 3 0.399988 0.357433 0.0425551 9 0 9 0
5791 5713 78 4 0.299979 0.291099 0.00888011 7 2 7 2
6163 5739 424 6 0.29993 0.248019 0.0519108 7 2 7 2
6632 6577 55 2 0.1999 0.193858 0.00604111 7 2 7 2
7748 6640 1108 9 0.199891 0.0851364 0.114755 7 2 7 2
7792 7134 658 7 0.0999881 0.0277912 0.0721969 6 3 6 3
9425 9106 319 5 0.499979 0.462414 0.0375646 7 2 7 2
11314 11165 149 1 0.0999958 0.0795389 0.0204569 5 4 5 4
11336 11130 206 8 0.0999335 0.0773126 0.0226209 7 2 7 2
13700 13597 103 0 0.299982 0.287912 0.0120703 7 2 7 2
13780 13601 179 3 0.299963 0.276964 0.0229992 7 2 7 2
14258 14135 123 6 0.399914 0.386326 0.0135885 8 1 8 1
15073 14479 594 4 0.299965 0.230651 0.0693136 8 1 8 1
16751 16580 171 5 0.39992 0.378025 0.0218944 5 4 5 4
17777 17500 277 2 0.0999584 0.0659242 0.0340342 8 1 7 1
18689 18333 356 7 0.199942 0.158508 0.0414342 7 2 7 2
19078 18924 154 9 0.0998931 0.0799021 0.019991 5 4 5 4
21488 21122 366 1 0.299922 0.25555 0.044372 6 3 6 3
21954 21660 294 3 0.399979 0.364791 0.0351882 6 3 6 3
22008 21796 212 8 0.199983 0.173409 0.0265744 7 2 7 2
22126 21717 409 6 0.399889 0.35222 0.0476692 4 5 4 5
23563 23393 170 5 0.499896 0.479741 0.0201553 7 2 7 2
24529 23937 592 0 0.0999684 0.0352829 0.0646855 6 3 6 3
25778 25628 150 4 0.0999037 0.0816213 0.0182824 6 3 5 3
29282 29163 119 2 0.0999722 0.0862261 0.0137462 8 1 8 1
29629 29506 123 1 0.399954 0.386371 0.0135824 8 1 8 1
29683 29557 126 7 0.0999671 0.0845092 0.0154579 8 1 8 1
