789 729 60 1 0.89998 0.893085 0.00689483 4 0 4 0
918 816 102 6 0.89995 0.886457 0.0134933 4 0 4 0
1736 1558 178 2 0.799915 0.777135 0.0227798 6 0 6 0
1745 1549 196 3 0.799977 0.776046 0.0239315 7 1 7 1
1878 1558 320 7 0.799972 0.760866 0.0391065 8 0 8 0
2617 2474 143 0 0.699948 0.681774 0.0181741 7 0 7 0
2623 2411 212 9 0.699942 0.674151 0.0257906 7 1 7 1
3487 3273 214 4 0.599998 0.572711 0.0272868 6 3 6 3
4725 4666 59 6 0.6 0.593178 0.00682146 9 0 8 0
5177 4888 289 5 0.399974 0.362312 0.0376621 8 1 8 1
5296 4990 306 8 0.399923 0.364827 0.0350964 8 1 8 1
5592 5409 183 1 0.499991 0.477248 0.0227434 7 2 7 2
8449 8167 282 9 0.499978 0.466572 0.0334058 5 4 5 4
8957 8628 329 7 0.299896 0.25996 0.0399355 7 2 6 2
9331 9211 120 3 0.199915 0.185145 0.0147704 7 2 7 2
10262 10128 134 2 0.0998085 0.0835184 0.0162901 9 0 9 0
10851 10566 285 0 0.199983 0.166354 0.0336292 7 2 7 2
12014 11841 173 4 0.199802 0.177409 0.0223934 5 4 5 4
13757 13684 73 8 0.299962 0.291153 0.00880833 9 0 9 0
13768 13609 159 5 0.299963 0.282145 0.0178189 5 4 5 4
14198 13826 372 6 0.0999725 0.0550955 0.044877 5 4 5 4
15549 15284 265 1 0.0999222 0.0655657 0.0343565 8 1 8 1
17273 17034 239 7 0.399968 0.370949 0.0290194 5 4 5 4
17644 17374 270 9 0.199944 0.169191 0.0307536 5 4 5 4
19361 19274 87 0 0.399898 0.388215 0.011684 8 1 7 1
19419 19276 143 3 0.199929 0.183484 0.0164457 7 2 7 2
20562 20407 155 4 0.399922 0.381804 0.0181184 5 4 5 4
21803 21535 268 2 0.0999499 0.0669659 0.032984 8 1 8 1
22717 22451 266 8 0.299996 0.268917 0.0310793 5 4 5 4
23983 23824 159 6 0.299947 0.279408 0.0205395 7 2 7 1
24354 24172 182 5 0.0999802 0.0780072 0.021973 6 3 6 3
24978 24816 162 7 0.399981 0.379116 0.0208648 5 4 5 4
26070 25919 151 1 0.19996 0.179161 0.0207993 6 3 6 3
27120 26837 283 9 0.299974 0.265974 0.0339991 5 4 4 4
27903 27733 170 3 0.39991 0.379546 0.0203645 5 4 5 4
29290 29146 144 8 0.599984 0.582406 0.017578 5 4 4 3
29618 29355 263 0 0.0999493 0.0690334 0.0309158 7 2 7 2
