846 707 139 0 0.899979 0.880497 0.0194814 4 0 4 0
934 807 127 1 0.899947 0.88406 0.0158875 5 0 5 0
981 723 258 2 0.899934 0.868254 0.0316803 3 0 3 0
1959 1655 304 8 0.799842 0.765965 0.0338768 4 2 4 2
2510 2321 189 5 0.699954 0.673984 0.0259701 5 2 5 2
2571 2442 129 6 0.699901 0.68572 0.0141811 6 1 6 1
2656 2433 223 7 0.699949 0.674015 0.0259339 6 1 6 1
2688 2376 312 2 0.899908 0.860656 0.0392525 5 0 2 0
3170 2957 213 0 0.799922 0.776204 0.0237183 8 1 6 1
3377 3323 54 3 0.59999 0.591814 0.00817593 6 1 6 1
4478 4116 362 9 0.499909 0.454017 0.0458918 6 2 6 2
5143 5023 120 4 0.399991 0.386568 0.0134228 8 1 9 1
5242 4922 320 2 0.799942 0.758263 0.0416792 8 1 6 1
5433 5296 137 5 0.799918 0.782798 0.0171196 7 2 6 1
5820 5490 330 1 0.499906 0.461614 0.0382912 6 3 5 3
6278 6165 113 8 0.599913 0.584214 0.0156985 4 5 4 5
6531 6347 184 6 0.699965 0.675386 0.0245798 8 1 6 1
6809 6524 285 7 0.699923 0.665881 0.0340419 7 2 7 2
7372 7143 229 5 0.899998 0.873475 0.0265228 5 4 3 4
8409 8194 215 0 0.499973 0.474107 0.0258655 6 3 5 3
8586 8401 185 9 0.799966 0.779309 0.0206569 6 3 3 2
8726 8354 372 3 0.599951 0.553105 0.0468466 6 3 6 3
8799 8729 70 8 0.894529 0.886842 0.00768677 7 2 5 0
8851 8723 128 6 0.899906 0.885835 0.0140711 8 1 4 0
9307 9021 286 7 0.899916 0.867393 0.0325223 7 2 3 0
9890 9564 326 5 0.799997 0.761594 0.0384033 4 5 4 3
10020 9721 299 1 0.799894 0.764732 0.0351624 5 4 3 3
10342 10133 209 6 0.899907 0.872743 0.0271636 6 3 3 2
11297 11153 144 9 0.8 0.781277 0.0187233 5 4 4 2
11435 11222 213 2 0.399925 0.371807 0.0281183 4 5 4 5
11511 11416 95 3 0.899961 0.88952 0.0104411 8 1 4 0
12097 11854 243 4 0.499933 0.470119 0.0298145 9 0 9 0
12754 12598 156 8 0.599974 0.581929 0.0180449 7 2 6 2
12761 12486 275 6 0.799924 0.765816 0.0341085 6 3 5 3
13579 13217 362 7 0.599996 0.555397 0.0445982 6 3 6 3
13598 13493 105 1 0.69992 0.687091 0.0128294 5 4 4 3
14003 13592 411 3 0.799904 0.749061 0.0508437 8 1 5 1
14245 14167 78 5 0.59998 0.588823 0.0111574 4 5 4 4
15062 14849 213 2 0.899939 0.874463 0.0254765 5 4 4 4
15981 15546 435 0 0.399975 0.344843 0.0551315 8 1 7 1
16512 16215 297 6 0.699924 0.665433 0.0344907 6 3 6 2
16629 16576 53 1 0.799933 0.792001 0.00793159 5 4 5 1
16651 16425 226 2 0.899955 0.875072 0.0248829 8 1 5 0
17648 17477 171 3 0.699964 0.679468 0.020496 6 3 5 3
17695 17640 55 8 0.599811 0.591122 0.00868908 7 2 7 1
17873 17569 304 4 0.599896 0.565126 0.0347695 6 3 6 3
18923 18684 239 9 0.19999 0.171139 0.0288512 6 3 5 2
19136 18893 243 2 0.799966 0.76867 0.0312958 5 4 3 3
19217 19086 131 1 0.799903 0.780903 0.0190002 5 4 4 3
19935 19598 337 7 0.499903 0.460395 0.0395076 4 5 3 5
20128 19837 291 3 0.899912 0.861622 0.0382898 6 3 2 1
20497 20369 128 0 0.799922 0.783475 0.0164464 6 3 3 2
21250 20939 311 5 0.39991 0.363293 0.0366161 7 2 7 2
22071 21775 296 2 0.799807 0.762923 0.0368844 6 3 5 2
23035 22726 309 8 0.59999 0.563534 0.0364568 5 4 5 4
23123 22847 276 6 0.4 0.368599 0.0314008 5 4 5 4
23655 23463 192 1 0.59996 0.576311 0.0236486 7 2 5 2
23892 23839 53 4 0.499945 0.492804 0.00714108 5 4 5 4
24082 23880 202 0 0.699954 0.677465 0.0224889 6 3 3 1
25820 25716 104 3 0.399989 0.388456 0.011533 6 3 6 3
25903 25553 350 7 0.599996 0.558671 0.0413248 4 5 4 4
25946 25713 233 9 0.599931 0.571927 0.0280039 6 3 5 3
27448 27366 82 8 0.699946 0.687815 0.0121316 5 4 4 4
28125 27921 204 1 0.699928 0.675648 0.0242801 8 1 5 1
28214 27918 296 0 0.699908 0.665094 0.034814 5 4 5 2
28232 28070 162 2 0.399931 0.379795 0.0201361 5 4 5 4
29655 29109 546 6 0.599957 0.542902 0.057055 5 4 5 4
29969 29763 206 5 0.299937 0.275566 0.0243707 7 2 7 2
