806 655 151 2 0.899979 0.883063 0.016916 6 0 6 0
850 797 53 7 0.899977 0.892393 0.0075842 3 0 3 0
870 811 59 0 0.899975 0.893494 0.00648111 7 0 7 0
940 779 161 8 0.899915 0.879891 0.0200241 7 0 7 0
1575 1518 57 5 0.799955 0.792072 0.00788296 6 0 6 0
1764 1652 112 4 0.799934 0.785977 0.0139563 7 1 7 1
1989 1665 324 3 0.799899 0.762298 0.037601 3 1 3 1
2425 2370 55 6 0.69993 0.691195 0.00873507 6 3 6 3
2455 2384 71 1 0.699873 0.687442 0.0124311 5 1 5 1
2466 2226 240 8 0.899996 0.871521 0.0284746 8 0 4 0
3449 3349 100 9 0.599931 0.586542 0.0133889 7 2 7 2
3891 3755 136 2 0.699997 0.685046 0.0149511 8 0 8 0
4155 4071 84 5 0.799854 0.787504 0.0123498 5 3 4 3
4769 4550 219 1 0.899992 0.875033 0.0249591 7 0 2 0
4803 4615 188 0 0.599968 0.575768 0.0242005 7 2 5 2
4974 4623 351 3 0.79995 0.759533 0.0404174 8 0 7 0
5601 5346 255 6 0.799975 0.768942 0.0310325 8 1 5 0
6095 5910 185 4 0.599898 0.576703 0.0231952 6 3 6 3
6503 6247 256 7 0.399967 0.370798 0.0291699 6 3 6 3
6515 6318 197 8 0.599938 0.571556 0.0283826 6 3 6 3
6817 6707 110 5 0.799826 0.787378 0.012448 6 3 5 2
7904 7606 298 9 0.699792 0.660043 0.0397488 7 2 4 2
8763 8638 125 4 0.899959 0.885597 0.014362 7 2 5 1
9191 9101 90 8 0.89991 0.890019 0.00989111 7 2 3 1
9288 9101 187 6 0.699947 0.678631 0.0213164 6 3 5 3
9620 9391 229 1 0.49991 0.468941 0.030969 7 2 7 2
9634 9215 419 2 0.499894 0.451704 0.0481901 6 3 6 3
9988 9925 63 3 0.499961 0.492154 0.0078066 4 5 4 5
10014 9746 268 0 0.599986 0.566893 0.0330936 7 2 7 2
10438 10127 311 5 0.699946 0.663254 0.0366923 5 4 5 4
11902 11740 162 4 0.699952 0.680005 0.0199467 5 4 3 4
12478 12380 98 7 0.599865 0.587325 0.0125399 6 3 6 2
12487 12150 337 8 0.69994 0.657074 0.0428652 7 2 6 1
12911 12664 247 5 0.899916 0.870486 0.0294304 7 2 4 0
13066 12885 181 3 0.899912 0.875582 0.02433 4 5 3 1
13461 13390 71 9 0.499967 0.490145 0.00982234 6 3 6 2
14440 14243 197 0 0.699921 0.67519 0.0247303 6 3 5 3
14629 14410 219 3 0.899995 0.873288 0.0267074 6 3 3 2
14938 14721 217 8 0.89996 0.875859 0.0241008 6 3 1 1
15034 14686 348 6 0.499954 0.459235 0.040719 7 2 7 2
15363 15040 323 2 0.599993 0.561413 0.0385806 3 6 3 6
16215 15927 288 1 0.499981 0.464374 0.0356074 8 1 8 1
17740 17504 236 7 0.599891 0.572124 0.0277669 5 4 5 4
18719 18352 367 5 0.39991 0.353119 0.0467917 6 3 6 3
19146 19056 90 4 0.299931 0.288988 0.0109424 9 0 9 0
19233 18918 315 6 0.799981 0.758843 0.0411379 7 2 5 2
19472 19123 349 0 0.599994 0.557877 0.0421165 7 2 6 2
20454 20122 332 1 0.799898 0.760717 0.0391812 7 2 3 1
20588 20515 73 9 0.399953 0.390706 0.0092471 5 4 5 4
20645 20374 271 8 0.399942 0.367409 0.0325327 2 7 2 6
21540 21182 358 7 0.799962 0.756354 0.0436074 4 5 3 4
21967 21821 146 3 0.199937 0.182411 0.0175264 3 6 3 6
22154 21911 243 6 0.799786 0.772763 0.0270237 6 3 3 3
22377 22190 187 2 0.399953 0.379185 0.0207679 5 4 5 2
24031 23978 53 1 0.699898 0.694077 0.00582111 7 2 4 2
24855 24755 100 6 0.799903 0.788267 0.0116363 7 2 6 1
25569 25243 326 0 0.499932 0.461192 0.0387401 8 1 8 1
26402 26142 260 4 0.499937 0.470076 0.0298604 9 0 9 0
26460 26309 151 9 0.599986 0.579342 0.0206441 8 1 7 1
26541 26376 165 5 0.399976 0.377862 0.0221139 6 3 6 3
26661 26545 116 7 0.499994 0.485358 0.0146361 5 4 5 4
26752 26464 288 8 0.599959 0.565945 0.0340143 6 3 6 3
29311 29082 229 2 0.499938 0.473352 0.0265858 7 2 7 2
29698 29476 222 1 0.499965 0.474944 0.0250209 8 1 8 1
29772 29485 287 3 0.499988 0.465581 0.034407 9 0 9 0
