845 792 53 0 0.899909 0.892531 0.0073784 6 0 6 0
1678 1612 66 2 0.799954 0.790164 0.00979033 7 0 7 0
1802 1582 220 8 0.79992 0.771757 0.0281628 7 0 7 0
2397 1974 423 0 0.899802 0.850368 0.049434 5 1 3 1
2469 2379 90 7 0.693273 0.680965 0.0123079 8 1 8 1
3342 3213 129 1 0.599927 0.585666 0.0142606 8 1 8 1
3458 3262 196 3 0.599988 0.575864 0.024124 8 0 8 0
3475 3151 324 6 0.599975 0.55836 0.0416158 7 1 7 1
3686 3352 334 9 0.599894 0.562945 0.0369491 6 3 6 3
4133 3819 314 0 0.899904 0.864241 0.0356627 4 2 2 1
4260 4065 195 5 0.499808 0.478275 0.0215328 8 1 8 1
4278 3975 303 4 0.499978 0.461822 0.038156 5 4 5 4
6222 5869 353 1 0.899996 0.856434 0.0435621 5 4 4 3
6373 6023 350 8 0.599962 0.559445 0.0405177 6 3 4 3
6563 5884 679 2 0.599985 0.530716 0.0692686 5 4 3 4
7465 7230 235 0 0.699894 0.670706 0.0291884 6 3 6 2
8101 7879 222 7 0.499941 0.473523 0.0264183 7 2 7 2
8115 7985 130 9 0.699979 0.683588 0.0163904 6 3 3 3
8829 8617 212 6 0.599967 0.572212 0.0277547 7 2 6 2
9024 8901 123 5 0.699995 0.685365 0.0146291 6 3 5 3
9177 9044 133 8 0.89998 0.88354 0.0164403 7 2 2 1
9473 9341 132 2 0.89995 0.883944 0.0160062 3 6 1 2
9638 9378 260 3 0.499952 0.470161 0.0297906 6 3 6 3
9854 9734 120 4 0.59996 0.583456 0.0165037 7 2 4 2
10635 10505 130 8 0.899905 0.881713 0.0181917 6 3 1 1
11066 10418 648 0 0.799935 0.723228 0.0767067 5 4 2 2
11157 10757 400 2 0.899954 0.851902 0.0480527 3 6 1 5
11582 11382 200 6 0.899995 0.878004 0.0219911 5 4 2 2
12118 12009 109 5 0.79988 0.787671 0.0122096 7 2 4 2
12294 11816 478 1 0.399896 0.336055 0.0638411 5 4 4 3
13065 12738 327 9 0.599995 0.561959 0.0380362 6 3 4 3
13919 13756 163 0 0.799993 0.779064 0.020929 7 2 6 1
13989 13734 255 6 0.799853 0.766982 0.0328711 7 2 7 1
14413 14237 176 7 0.499983 0.480062 0.0199212 5 4 5 4
15614 15318 296 8 0.499971 0.466012 0.0339593 7 2 7 2
16008 15729 279 4 0.499904 0.468927 0.0309772 5 4 5 4
16024 15915 109 2 0.499961 0.486655 0.0133055 8 1 8 1
16037 15776 261 6 0.899933 0.868484 0.0314492 7 2 5 1
16416 16065 351 3 0.499922 0.45795 0.0419721 7 2 6 2
16666 16562 104 9 0.799927 0.787087 0.0128403 6 3 4 1
18163 18041 122 5 0.399932 0.384153 0.0157787 7 2 7 2
19189 19045 144 4 0.899894 0.883777 0.016117 4 5 2 2
19531 19150 381 1 0.499951 0.453922 0.046029 7 2 7 1
20014 19824 190 0 0.399994 0.375095 0.0248992 8 1 7 1
20038 19930 108 6 0.599907 0.583239 0.0166682 6 3 6 3
21305 21080 225 8 0.599986 0.572332 0.0276537 7 2 7 1
21371 21152 219 3 0.699962 0.673681 0.0262817 8 1 7 1
21428 21374 54 2 0.599918 0.594003 0.00591543 8 1 7 1
21712 21481 231 5 0.899897 0.874257 0.0256397 6 3 3 2
21857 21505 352 7 0.399996 0.358516 0.0414799 5 4 5 4
23476 23336 140 9 0.299903 0.281509 0.0183941 8 1 8 1
23866 23772 94 4 0.4999 0.488053 0.0118478 4 5 4 4
24251 23934 317 5 0.799986 0.763234 0.0367524 8 1 5 0
24567 24251 316 0 0.79998 0.764507 0.0354737 9 0 6 0
25259 25109 150 6 0.599925 0.579602 0.0203228 5 4 5 4
25353 25061 292 1 0.59999 0.565283 0.0347073 9 0 7 0
25613 25493 120 8 0.699938 0.685733 0.0142054 7 2 6 1
26265 26166 99 7 0.799767 0.784514 0.0152525 5 4 4 3
27461 27185 276 0 0.799964 0.766074 0.0338897 9 0 6 0
27903 27692 211 8 0.899923 0.873303 0.0266202 7 2 5 0
28097 28032 65 2 0.399904 0.39153 0.00837455 4 5 4 5
28122 27767 355 3 0.399859 0.356796 0.0430636 7 2 7 2
28733 28417 316 4 0.699988 0.661814 0.0381741 5 4 4 4
28983 28616 367 5 0.599936 0.556782 0.0431546 7 2 5 2
