953 814 139 6 0.899917 0.882444 0.0174738 5 0 5 0
1623 1554 69 1 0.799873 0.790104 0.00976898 8 0 8 0
1812 1635 177 0 0.799869 0.775897 0.0239722 6 2 6 2
1813 1629 184 8 0.799903 0.775781 0.0241222 9 0 9 0
1818 1636 182 4 0.799974 0.776521 0.0234532 7 0 7 0
2382 2256 126 6 0.899999 0.884533 0.015466 6 1 4 1
2479 2426 53 2 0.699917 0.692302 0.00761425 7 1 7 1
2571 2411 160 9 0.699864 0.680949 0.0189153 9 0 9 0
3479 3194 285 3 0.599974 0.564005 0.035969 7 1 7 1
3498 3296 202 5 0.599912 0.575348 0.0245641 6 3 6 3
3500 3203 297 1 0.899998 0.862436 0.0375627 5 3 0 3
4220 3960 260 7 0.499976 0.470443 0.0295336 6 3 6 3
5541 5214 327 8 0.699984 0.662763 0.0372202 7 2 6 2
5674 5362 312 6 0.699777 0.661758 0.0380183 7 1 5 1
6187 6053 134 0 0.59996 0.58275 0.01721 5 4 5 4
6403 6057 346 5 0.899908 0.858775 0.041133 8 1 4 1
6978 6924 54 3 0.79999 0.792612 0.00737705 6 3 3 2
7855 7662 193 4 0.399942 0.374538 0.0254031 7 2 6 2
8366 7986 380 9 0.499946 0.45297 0.0469762 7 2 7 2
8750 8696 54 2 0.399922 0.392223 0.00769888 6 3 6 3
8763 8685 78 0 0.899972 0.889978 0.00999437 9 0 6 0
8775 8722 53 7 0.699815 0.692229 0.00758639 8 1 7 1
9135 9066 69 1 0.399943 0.392362 0.00758111 7 2 7 2
10327 10245 82 8 0.599922 0.590384 0.00953808 4 5 4 5
10678 10356 322 5 0.599922 0.561324 0.0385975 5 4 5 4
10726 10438 288 6 0.599982 0.56526 0.0347221 6 3 6 3
11846 11759 87 0 0.699768 0.687507 0.0122612 4 5 2 5
11976 11679 297 7 0.799956 0.762425 0.0375312 8 1 4 1
12295 11985 310 3 0.499937 0.458951 0.0409862 6 3 5 3
12987 12912 75 4 0.699973 0.689393 0.0105802 5 4 4 2
13195 12920 275 2 0.799941 0.76716 0.0327804 4 5 2 2
13347 13159 188 1 0.799977 0.773354 0.0266235 6 3 4 3
14170 14022 148 5 0.799904 0.780683 0.0192206 5 4 4 2
15386 15076 310 1 0.899945 0.865052 0.0348933 7 2 5 1
15563 15244 319 8 0.59992 0.562849 0.037071 7 2 7 2
15723 15365 358 3 0.899922 0.855947 0.0439748 8 1 3 0
15870 15756 114 2 0.799989 0.785003 0.0149855 5 4 4 3
16124 15874 250 6 0.599855 0.569718 0.0301371 6 3 6 3
16264 15918 346 4 0.799978 0.757783 0.042195 6 3 5 2
16427 16370 57 9 0.299874 0.292504 0.00736982 5 4 5 4
16590 16354 236 7 0.599984 0.570153 0.0298312 5 4 5 4
16711 16443 268 0 0.599924 0.565998 0.0339257 5 4 5 4
17507 17168 339 3 0.899997 0.856143 0.043854 4 5 2 5
18618 18438 180 5 0.599988 0.577632 0.0223563 5 4 5 4
18660 18452 208 2 0.799965 0.774745 0.0252193 5 4 3 3
19112 18936 176 3 0.899929 0.879818 0.0201116 6 3 5 1
19371 19308 63 1 0.599882 0.589874 0.0100079 7 2 6 2
19938 19782 156 8 0.699968 0.679118 0.0208503 6 3 4 2
20144 20078 66 7 0.79985 0.79033 0.00951956 5 4 3 2
20844 20594 250 4 0.599967 0.57022 0.0297467 6 3 4 3
21509 21138 371 6 0.599946 0.556353 0.0435929 7 2 7 1
22043 21864 179 0 0.599927 0.577599 0.0223283 8 1 8 1
22089 21870 219 1 0.899987 0.875011 0.0249757 7 2 5 1
22122 21807 315 9 0.699991 0.662913 0.0370779 5 4 5 3
22919 22670 249 7 0.799978 0.769573 0.0304055 6 3 4 3
23188 22936 252 2 0.599952 0.56746 0.0324923 5 4 3 4
24295 24219 76 1 0.799952 0.789456 0.010496 8 1 6 0
24473 24212 261 9 0.89993 0.867055 0.0328745 6 3 2 1
24728 24617 111 0 0.899767 0.886694 0.0130731 9 0 4 0
24731 24548 183 8 0.599987 0.578367 0.0216194 8 1 7 1
24918 24540 378 5 0.49995 0.45522 0.0447298 5 4 5 4
25546 25371 175 3 0.299802 0.278176 0.0216258 7 2 7 2
25747 25474 273 7 0.799896 0.768742 0.0311544 6 3 3 3
26107 25952 155 4 0.599989 0.582647 0.0173422 9 0 9 0
26281 25978 303 1 0.899907 0.86427 0.0356368 9 0 4 0
27602 27407 195 6 0.499966 0.476775 0.0231905 8 1 7 1
27876 27668 208 1 0.899979 0.875015 0.0249643 7 2 2 2
27886 27501 385 2 0.699938 0.652421 0.0475178 6 3 5 3
28444 28389 55 9 0.599935 0.591773 0.00816171 2 7 2 6
28703 28444 259 0 0.599974 0.565681 0.0342926 7 2 7 2
29286 28927 359 8 0.69978 0.657602 0.042178 7 2 6 1
