795 741 54 2 0.899934 0.892479 0.00745503 6 1 6 1
806 707 99 0 0.899968 0.887774 0.0121938 6 0 6 0
862 768 94 4 0.899826 0.88589 0.0139361 6 0 6 0
883 793 90 3 0.899988 0.886917 0.0130709 5 1 5 1
891 781 110 9 0.899953 0.885266 0.0146872 6 1 6 1
927 820 107 5 0.899968 0.885133 0.0148345 5 0 5 0
1611 1558 53 8 0.799843 0.791278 0.0085654 7 1 7 1
1854 1613 241 7 0.799989 0.770595 0.0293936 6 1 6 1
2338 2177 161 3 0.89991 0.880059 0.0198507 7 0 5 0
2739 2412 327 1 0.699947 0.660284 0.0396632 7 1 7 1
3086 2976 110 4 0.799895 0.786388 0.0135076 6 2 4 2
3224 3007 217 5 0.799903 0.772623 0.0272802 5 2 4 2
3251 2879 372 0 0.799857 0.75537 0.0444873 8 0 6 0
3895 3595 300 3 0.899905 0.863822 0.0360833 6 2 3 2
4291 4106 185 8 0.799867 0.772181 0.0276858 6 3 3 3
4868 4524 344 2 0.599906 0.559377 0.0405281 7 2 7 2
5148 4909 239 6 0.399912 0.369917 0.0299944 7 1 7 1
5218 4981 237 5 0.899989 0.86955 0.0304384 5 4 5 3
6277 6103 174 3 0.799994 0.777949 0.0220444 5 4 5 3
6556 6261 295 9 0.39999 0.36111 0.03888 6 3 6 3
6741 6661 80 1 0.699954 0.691163 0.00879111 8 1 6 1
7273 6940 333 7 0.499892 0.457105 0.0427875 6 3 6 2
7782 7539 243 2 0.899912 0.87108 0.0288321 7 2 2 2
7939 7588 351 0 0.599961 0.557894 0.0420679 6 3 6 3
8324 8089 235 4 0.499945 0.472047 0.0278988 6 3 6 3
8377 8237 140 5 0.699943 0.681203 0.0187401 6 3 6 2
8683 8550 133 8 0.599921 0.58218 0.0177413 6 3 6 3
8909 8855 54 3 0.799912 0.791769 0.0081422 6 3 4 2
9739 9651 88 1 0.799957 0.78607 0.0138869 3 6 1 6
10378 10202 176 6 0.699953 0.680309 0.0196449 5 4 5 4
10508 10455 53 5 0.899996 0.892292 0.00770367 8 1 5 1
10903 10846 57 9 0.799924 0.791686 0.0082377 6 3 4 2
11302 11242 60 8 0.899989 0.893398 0.00659111 6 3 4 2
11748 11651 97 2 0.599899 0.589238 0.0106611 8 1 8 1
12083 11764 319 5 0.899998 0.862389 0.0376092 8 1 3 0
13173 13120 53 3 0.599917 0.5936 0.00631683 8 1 7 1
13677 13391 286 8 0.799954 0.765683 0.0342715 8 1 5 1
14240 14169 71 9 0.699899 0.692098 0.00780111 8 1 8 1
14600 14467 133 7 0.39996 0.381726 0.018234 8 1 8 1
15122 15045 77 2 0.799992 0.789558 0.0104341 5 4 3 3
15176 15123 53 5 0.699936 0.692046 0.00788967 6 3 5 3
15189 14808 381 1 0.499923 0.453026 0.0468968 6 3 6 3
15870 15495 375 0 0.299837 0.252775 0.047062 8 1 8 1
15980 15835 145 6 0.499946 0.479604 0.0203427 5 4 4 4
17406 17052 354 4 0.199968 0.156321 0.0436477 8 1 8 1
17557 17179 378 8 0.699991 0.654501 0.0454898 3 6 1 6
19040 18834 206 9 0.5999 0.576977 0.022923 5 4 5 4
19368 19281 87 2 0.599995 0.590433 0.00956111 5 4 5 4
20203 19985 218 1 0.699935 0.675709 0.0242256 6 3 5 1
20586 20463 123 7 0.599998 0.585706 0.0142917 7 2 6 2
20743 20518 225 5 0.499891 0.472866 0.0270251 6 3 6 3
20764 20636 128 8 0.799998 0.784414 0.0155848 5 4 4 3
20827 20503 324 6 0.699994 0.658697 0.0412967 7 2 4 1
20925 20732 193 3 0.299969 0.276575 0.0233944 5 4 4 4
21772 21719 53 4 0.899969 0.892136 0.00783305 5 4 2 4
22440 22280 160 0 0.599988 0.580433 0.019555 8 1 7 1
22548 22456 92 8 0.89992 0.886998 0.012922 5 4 3 4
22671 22408 263 9 0.799965 0.765862 0.0341026 6 3 2 1
23409 23079 330 7 0.89994 0.861252 0.0386876 8 1 2 0
24147 23979 168 1 0.699898 0.678584 0.0213139 5 4 4 3
24442 24175 267 2 0.599936 0.567943 0.0319933 7 2 7 1
25014 24683 331 3 0.899896 0.85946 0.0404359 8 1 7 0
25102 24799 303 7 0.899935 0.865588 0.0343463 7 2 5 1
25681 25373 308 5 0.699936 0.663451 0.0364852 8 1 8 1
25705 25498 207 4 0.599914 0.574855 0.0250592 8 1 8 1
25991 25807 184 0 0.799919 0.774952 0.0249679 7 2 2 2
26522 26391 131 6 0.499917 0.484648 0.0152693 4 5 4 5
26555 26249 306 8 0.599911 0.563473 0.0364382 7 2 7 2
27273 27059 214 1 0.799893 0.771726 0.0281671 8 1 6 1
27386 27050 336 2 0.899963 0.861997 0.037966 6 3 2 2
27635 27332 303 7 0.799909 0.764875 0.0350339 7 2 4 1
28103 27828 275 9 0.499951 0.469567 0.0303843 5 4 5 4
28166 27888 278 5 0.899944 0.866335 0.0336092 4 5 1 4
28240 28149 91 3 0.699894 0.686341 0.013553 6 3 5 3
29400 29098 302 4 0.799993 0.759965 0.0400282 7 2 4 2
29432 29195 237 8 0.899971 0.872757 0.027214 5 4 1 2
29588 29450 138 6 0.899955 0.882788 0.0171667 4 5 0 2
