830 762 68 5 0.899983 0.891019 0.00896439 7 0 7 0
869 784 85 0 0.899913 0.887958 0.0119554 5 1 5 1
913 793 120 4 0.899939 0.88402 0.0159183 6 1 6 1
921 805 116 1 0.899825 0.885213 0.0146126 7 0 7 0
1574 1519 55 9 0.799957 0.792492 0.00746509 7 1 7 1
1638 1585 53 6 0.799974 0.792504 0.00746997 9 0 9 0
2563 2478 85 8 0.692578 0.678959 0.0136186 8 0 8 0
2834 2459 375 7 0.699917 0.656405 0.043512 6 1 6 1
3108 3021 87 1 0.799934 0.789908 0.0100263 6 2 6 2
3116 2916 200 5 0.799974 0.773661 0.026313 9 0 9 0
4156 3841 315 4 0.699916 0.664511 0.0354055 6 2 5 2
4192 4139 53 3 0.499956 0.491747 0.0082097 8 1 8 1
4252 4079 173 9 0.799952 0.776128 0.0238234 7 2 7 2
4765 4619 146 0 0.599908 0.583188 0.0167194 7 2 7 2
5044 4925 119 2 0.399979 0.385553 0.0144261 7 2 7 2
5724 5628 96 1 0.799977 0.787339 0.0126377 6 3 5 3
5730 5676 54 5 0.799909 0.792179 0.00773028 7 2 5 2
5889 5836 53 6 0.59987 0.593209 0.00666137 7 2 7 2
6348 6050 298 9 0.899945 0.863276 0.0366688 7 2 2 0
6668 6402 266 8 0.69996 0.669135 0.0308247 5 3 3 3
7526 7438 88 4 0.771376 0.759348 0.0120287 4 4 2 3
7577 7397 180 5 0.899997 0.878288 0.0217085 9 0 4 0
7708 7609 99 7 0.599892 0.587001 0.012891 5 4 3 4
9226 8905 321 0 0.69995 0.661375 0.0385742 9 0 8 0
9280 9227 53 6 0.799961 0.793681 0.0062801 9 0 5 0
9720 9567 153 3 0.599905 0.579742 0.0201623 8 1 7 1
9963 9675 288 8 0.799994 0.765996 0.0339975 7 1 7 0
10419 10114 305 4 0.799902 0.764785 0.0351178 9 0 7 0
11672 11382 290 5 0.599996 0.56663 0.0333664 6 3 4 3
11755 11463 292 0 0.89983 0.864046 0.0357841 7 2 7 2
11849 11498 351 1 0.399947 0.357754 0.0421931 8 1 8 1
11999 11698 301 2 0.499972 0.465189 0.0347827 7 2 7 2
12186 11847 339 7 0.699902 0.66243 0.0374721 6 3 6 3
12785 12605 180 9 0.299931 0.276586 0.023345 7 2 7 2
13325 13194 131 0 0.899996 0.883982 0.0160148 8 1 2 0
13545 13399 146 6 0.599986 0.583445 0.016541 8 1 7 1
15028 14708 320 4 0.59992 0.563069 0.0368507 5 4 3 4
15368 15283 85 7 0.799964 0.788155 0.011809 4 5 4 3
15716 15321 395 1 0.899841 0.85181 0.0480313 7 2 2 1
15888 15599 289 3 0.499909 0.462864 0.0370453 5 4 4 4
16235 15976 259 8 0.399893 0.367679 0.0322136 5 4 5 4
16916 16606 310 9 0.89992 0.863253 0.0366668 6 3 2 2
17201 17041 160 7 0.899901 0.881436 0.0184643 5 4 5 2
17267 17149 118 0 0.599968 0.583821 0.0161478 6 3 4 3
17424 17190 234 1 0.899965 0.873084 0.0268814 5 4 2 4
17779 17666 113 5 0.499945 0.482046 0.0178995 4 5 2 5
17957 17574 383 2 0.599971 0.552212 0.0477595 7 2 7 2
19064 18913 151 3 0.899899 0.880111 0.0197876 4 5 3 2
19304 19134 170 9 0.799991 0.776612 0.023379 6 3 3 2
19580 19354 226 4 0.699916 0.672925 0.0269908 7 2 5 2
19606 19553 53 8 0.899897 0.888668 0.0112293 3 6 1 3
19615 19451 164 6 0.499988 0.479191 0.0207973 4 5 3 5
20482 20156 326 7 0.699872 0.658378 0.0414946 6 3 4 1
20773 20575 198 0 0.799768 0.776705 0.0230633 7 2 5 1
21308 21255 53 1 0.599881 0.593613 0.00626777 5 4 5 4
21333 21044 289 9 0.899922 0.865787 0.0341354 8 1 4 1
21652 21553 99 5 0.8 0.78925 0.01075 6 3 4 3
22519 22296 223 2 0.699988 0.673745 0.0262433 9 0 6 0
22969 22727 242 7 0.899948 0.872447 0.0275011 5 4 4 2
23008 22773 235 3 0.599956 0.571361 0.0285949 9 0 9 0
23649 23406 243 4 0.699775 0.669012 0.0307634 6 3 5 3
24229 24149 80 0 0.699976 0.690125 0.00985168 6 3 6 3
24382 24221 161 8 0.499954 0.478472 0.0214828 7 2 7 2
25400 25210 190 9 0.599927 0.577377 0.0225501 8 1 7 1
26036 25812 224 5 0.599988 0.574753 0.0252356 8 1 7 1
27069 26737 332 6 0.399959 0.361717 0.0382418 6 3 6 3
27173 27120 53 2 0.599886 0.5923 0.00758563 6 3 6 3
27475 27255 220 3 0.699943 0.671611 0.0283325 9 0 6 0
27731 27508 223 4 0.699997 0.672492 0.027505 1 8 1 7
28687 28456 231 7 0.399932 0.372038 0.0278945 5 4 5 4
28911 28813 98 1 0.299895 0.28721 0.0126848 6 3 6 3
29793 29662 131 0 0.49977 0.482707 0.0170628 7 2 7 2
29930 29839 91 8 0.599983 0.58678 0.0132026 6 3 5 3
