893 788 105 8 0.899963 0.884554 0.0154088 4 0 4 0
926 775 151 1 0.899943 0.87756 0.0223833 5 0 5 0
1698 1583 115 6 0.799921 0.783975 0.0159459 5 1 5 1
1740 1621 119 3 0.79999 0.785299 0.0146911 5 2 5 2
1751 1587 164 2 0.799958 0.780254 0.0197037 6 0 6 0
2499 2394 105 5 0.699998 0.688457 0.0115411 7 1 7 1
2549 2494 55 0 0.699861 0.691594 0.00826638 5 2 5 2
2682 2413 269 9 0.699802 0.667092 0.0327101 8 0 8 0
3384 3315 69 4 0.599971 0.591067 0.00890375 4 3 4 3
3409 3190 219 7 0.599994 0.573962 0.0260314 4 3 4 3
3543 3462 81 2 0.899905 0.887153 0.0127519 6 1 3 1
4066 3813 253 8 0.699913 0.669104 0.030809 7 0 7 0
4619 4261 358 6 0.799906 0.757523 0.042383 7 0 4 0
4878 4633 245 0 0.899986 0.870954 0.0290325 7 1 3 1
4984 4846 138 2 0.899913 0.881349 0.0185645 7 1 3 0
5033 4775 258 1 0.599965 0.566468 0.0334974 5 4 5 4
5436 5141 295 3 0.699984 0.665765 0.0342192 4 5 4 4
5724 5437 287 5 0.799784 0.766771 0.0330128 3 6 2 6
5988 5902 86 4 0.899942 0.890802 0.00914005 5 2 4 1
6301 6247 54 8 0.899917 0.892849 0.00706787 5 3 2 3
6764 6567 197 9 0.69991 0.677036 0.0228736 3 5 3 5
7547 7267 280 4 0.899919 0.868507 0.031412 7 1 3 1
7617 7529 88 5 0.899961 0.888267 0.0116938 6 3 5 1
8038 7656 382 3 0.899891 0.85415 0.0457407 6 3 3 0
8758 8424 334 7 0.59993 0.560401 0.0395287 6 2 6 2
8960 8770 190 2 0.59995 0.577864 0.0220864 7 2 7 2
9058 8950 108 6 0.599946 0.587898 0.0120482 9 0 9 0
9529 9275 254 1 0.699934 0.671613 0.0283203 7 2 6 2
9689 9632 57 0 0.499939 0.491378 0.00856067 7 2 7 2
10006 9752 254 9 0.799995 0.770262 0.0297321 4 5 3 3
10383 10330 53 3 0.799941 0.792896 0.00704489 7 2 4 2
11589 11420 169 5 0.599968 0.581387 0.0185811 6 3 6 2
11643 11331 312 4 0.599967 0.562847 0.0371192 8 1 7 1
11760 11704 56 1 0.899834 0.889823 0.0100115 4 5 2 3
12120 11786 334 8 0.399929 0.360113 0.0398164 8 0 8 0
12518 12372 146 6 0.799971 0.781407 0.0185646 8 1 7 1
12612 12267 345 7 0.799916 0.758183 0.0417336 4 4 2 3
14920 14713 207 1 0.699972 0.674517 0.0254545 6 3 5 2
15551 15378 173 3 0.499928 0.477755 0.022173 8 1 7 1
15681 15626 55 2 0.399992 0.392852 0.00713996 8 1 8 1
16001 15877 124 9 0.399952 0.38385 0.0161013 5 4 5 3
16249 15948 301 4 0.699935 0.663978 0.0359571 8 1 7 1
16724 16611 113 6 0.599925 0.584099 0.0158263 9 0 8 0
17040 16654 386 0 0.399979 0.353929 0.0460501 7 2 7 2
18298 18072 226 8 0.599939 0.574865 0.025074 4 5 3 5
18766 18607 159 1 0.699946 0.679856 0.0200896 5 4 2 3
19471 19174 297 5 0.299975 0.260145 0.03983 6 3 6 3
19527 19334 193 4 0.799956 0.776075 0.0238814 6 3 4 3
19765 19394 371 3 0.799958 0.754722 0.0452361 7 2 6 2
19788 19504 284 7 0.299966 0.266007 0.0339592 5 4 5 4
20643 20201 442 9 0.799793 0.746207 0.0535866 6 3 4 1
20943 20844 99 6 0.699946 0.688381 0.0115651 6 3 4 3
21046 20873 173 1 0.899919 0.879502 0.0204177 7 2 6 1
21742 21598 144 3 0.899956 0.882684 0.0172722 6 3 3 2
21986 21736 250 8 0.799908 0.770303 0.0296049 5 4 4 3
22348 22245 103 2 0.499979 0.486073 0.0139062 8 1 7 1
22428 22133 295 4 0.799917 0.76598 0.0339374 6 3 3 3
22703 22549 154 9 0.899929 0.882647 0.0172825 4 5 2 2
23086 23030 56 0 0.599954 0.592704 0.00725019 6 3 6 3
24108 24010 98 9 0.899838 0.88627 0.0135672 6 3 5 1
24192 23910 282 3 0.799901 0.766507 0.0333939 4 5 4 3
25318 24979 339 4 0.799842 0.761237 0.0386051 8 1 7 1
25590 25241 349 2 0.899991 0.858464 0.0415265 7 2 2 1
25605 25275 330 7 0.699964 0.661408 0.0385557 7 2 7 2
25970 25743 227 1 0.49997 0.471008 0.0289622 7 2 7 2
26058 25771 287 5 0.599927 0.561355 0.0385729 5 4 5 3
26386 26313 73 0 0.799905 0.791884 0.00802111 7 2 6 1
26754 26378 376 6 0.499972 0.454975 0.0449972 7 2 7 2
26932 26820 112 3 0.79995 0.786253 0.0136977 6 3 4 1
27976 27865 111 2 0.79994 0.785511 0.0144288 4 5 3 4
28206 27986 220 4 0.799995 0.775644 0.0243503 5 4 2 4
28209 27967 242 8 0.399943 0.370654 0.0292889 6 3 6 3
28224 27913 311 9 0.599952 0.563161 0.0367913 5 4 4 4
29062 28972 90 1 0.899915 0.887585 0.0123299 7 2 3 2
29641 29447 194 3 0.799893 0.776694 0.0231984 5 4 2 2
29689 29485 204 5 0.799925 0.774409 0.0255169 5 4 4 2
