832 734 98 6 0.899913 0.885421 0.014492 6 0 6 0
1015 769 246 7 0.9 0.86723 0.0327696 5 0 5 0
1763 1575 188 1 0.799931 0.778134 0.0217964 5 2 5 2
2376 2323 53 2 0.699876 0.692039 0.00783659 9 0 9 0
2506 2405 101 3 0.699997 0.687521 0.0124757 7 2 7 2
2564 2365 199 8 0.69999 0.675737 0.0242531 8 1 8 1
2624 2407 217 9 0.699959 0.672829 0.0271295 7 2 7 2
3488 3181 307 4 0.599914 0.562559 0.037355 8 0 8 0
3565 3512 53 1 0.899844 0.893414 0.00642953 6 2 1 1
4160 4046 114 7 0.699915 0.685804 0.0141107 5 3 5 3
4256 4133 123 5 0.499987 0.48423 0.0157563 8 1 8 1
4890 4756 134 8 0.899982 0.884511 0.0154705 6 3 4 3
4915 4576 339 6 0.599972 0.558037 0.0419349 8 1 8 1
5712 5643 69 9 0.799982 0.792317 0.00766544 8 1 6 1
6069 5780 289 0 0.299914 0.266976 0.0329379 7 2 7 2
6436 6141 295 2 0.69995 0.66443 0.0355193 8 1 7 1
7246 7045 201 8 0.799898 0.776717 0.0231807 6 3 4 2
7388 7096 292 7 0.799893 0.766969 0.0329237 8 1 5 1
7407 7108 299 3 0.599894 0.564809 0.035085 6 3 6 3
7567 7345 222 1 0.599976 0.573102 0.026874 6 3 6 3
8015 7845 170 4 0.699983 0.679889 0.0200937 5 4 5 4
8588 8375 213 6 0.799969 0.773593 0.0263759 5 4 2 3
9580 9527 53 2 0.799922 0.7941 0.00582229 6 3 5 2
10001 9907 94 0 0.899986 0.888899 0.0110862 7 2 3 1
10052 9743 309 5 0.599966 0.562212 0.0377542 7 2 6 2
10918 10857 61 7 0.699925 0.690937 0.00898868 6 3 4 2
10968 10642 326 8 0.699979 0.663694 0.0362857 9 0 8 0
10988 10728 260 9 0.499992 0.470235 0.0297573 6 3 6 3
11913 11846 67 4 0.699985 0.68943 0.0105554 6 3 4 2
12042 11720 322 3 0.699979 0.66271 0.0372687 6 3 2 3
12147 11831 316 1 0.699973 0.662583 0.0373902 7 2 7 2
12244 12032 212 6 0.69993 0.673167 0.0267632 4 5 3 4
13051 12960 91 0 0.699912 0.687579 0.0123329 4 5 2 4
13074 13016 58 7 0.899934 0.89289 0.00704375 6 3 2 1
13277 12931 346 2 0.699946 0.656879 0.0430672 6 3 3 2
13407 13221 186 8 0.899928 0.878465 0.0214632 7 2 1 2
14273 14030 243 4 0.899954 0.869279 0.0306748 6 3 2 0
14466 14306 160 3 0.899982 0.881195 0.0187866 7 2 5 0
14609 14438 171 6 0.899895 0.880274 0.0196201 4 5 2 3
14662 14382 280 5 0.699972 0.664772 0.0352 7 2 5 2
14771 14384 387 1 0.899767 0.852452 0.047315 9 0 5 0
14920 14739 181 8 0.899924 0.878589 0.0213348 7 2 1 1
15938 15673 265 4 0.899904 0.869435 0.030469 6 3 4 1
17046 16974 72 1 0.79985 0.790028 0.00982205 9 0 4 0
17424 17064 360 9 0.499958 0.45494 0.0450185 7 2 7 2
17980 17652 328 0 0.599916 0.56285 0.0370655 9 0 8 0
18837 18500 337 5 0.699902 0.659584 0.0403176 8 1 7 1
19090 18872 218 4 0.699977 0.672321 0.0276558 6 3 6 2
19244 19069 175 3 0.499918 0.479498 0.0204199 7 2 7 2
19388 19128 260 6 0.499951 0.468618 0.0313323 6 3 6 3
19572 19274 298 7 0.299925 0.263745 0.0361791 6 3 6 3
19639 19586 53 2 0.399945 0.391926 0.00801941 5 4 5 4
20372 20319 53 8 0.399959 0.392991 0.0069674 5 4 5 4
20737 20407 330 1 0.699943 0.660989 0.0389532 7 2 4 2
21433 21354 79 0 0.799962 0.790917 0.00904573 7 2 3 2
22027 21955 72 5 0.79999 0.7895 0.0104902 6 3 2 2
22275 22121 154 4 0.799988 0.776502 0.0234867 4 5 2 3
22629 22208 421 9 0.699955 0.649247 0.0507075 7 2 4 1
23111 23035 76 3 0.799944 0.790203 0.00974098 5 4 4 4
24053 23989 64 0 0.799839 0.791047 0.00879262 7 2 4 1
24144 23861 283 1 0.799999 0.764768 0.0352308 5 4 2 3
24330 24016 314 4 0.899966 0.863964 0.0360025 4 5 2 1
24932 24774 158 3 0.89993 0.882241 0.0176887 5 4 3 1
25102 24943 159 9 0.899993 0.882401 0.0175924 6 3 2 1
25339 25082 257 7 0.699946 0.667155 0.0327918 6 3 6 3
25656 25413 243 2 0.59999 0.572241 0.0277484 6 3 6 2
25793 25726 67 0 0.899956 0.890888 0.00906748 7 2 3 1
25867 25707 160 6 0.499905 0.481064 0.0188414 7 2 7 2
26365 26276 89 5 0.599811 0.58685 0.0129613 6 3 5 3
27119 27008 111 8 0.499973 0.487333 0.0126393 6 3 6 3
27544 27397 147 4 0.699983 0.680456 0.0195265 6 3 6 2
28681 28416 265 7 0.799981 0.768083 0.0318979 8 1 4 1
29033 28757 276 3 0.5999 0.564341 0.0355589 9 0 8 0
29566 29269 297 1 0.499893 0.46382 0.0360727 7 2 7 2
29898 29762 136 9 0.499979 0.482199 0.0177798 4 5 4 5
29915 29700 215 5 0.799893 0.773328 0.0265653 6 3 5 2
