927 813 114 7 0.899926 0.887104 0.0128218 5 0 5 0
1646 1557 89 4 0.799862 0.787949 0.011913 8 0 8 0
1737 1597 140 8 0.799898 0.783192 0.0167062 8 0 8 0
1761 1588 173 2 0.799899 0.777907 0.0219924 6 1 6 1
1881 1621 260 0 0.799935 0.767378 0.0325572 7 0 7 0
2452 2349 103 6 0.699995 0.684937 0.015058 4 3 4 3
2692 2396 296 9 0.699968 0.662484 0.0374841 8 1 8 1
4110 3886 224 7 0.699865 0.672427 0.0274385 8 1 7 1
4201 4112 89 5 0.499976 0.488478 0.0114982 6 3 6 3
4307 4129 178 1 0.499908 0.477844 0.0220642 6 2 6 2
4579 4479 100 0 0.799941 0.78824 0.0117013 8 1 8 1
4628 4327 301 2 0.799901 0.765788 0.0341129 7 2 5 2
5196 4954 242 3 0.399972 0.368144 0.0318289 6 3 6 3
6478 6230 248 6 0.699946 0.671747 0.028199 6 3 6 3
6600 6545 55 4 0.499812 0.491889 0.00792367 5 4 4 4
6711 6427 284 2 0.899893 0.864691 0.035202 7 2 2 1
7646 7421 225 9 0.599981 0.571715 0.0282658 7 2 6 2
7848 7624 224 8 0.399992 0.373286 0.026706 6 3 5 3
7892 7834 58 5 0.799223 0.791339 0.00788461 6 3 5 2
8762 8657 105 0 0.599894 0.586137 0.0137566 4 5 4 5
9058 8955 103 1 0.699985 0.686434 0.0135511 9 0 5 0
9540 9480 60 4 0.899947 0.891022 0.00892498 7 2 4 0
9621 9485 136 6 0.799944 0.782119 0.0178246 7 2 4 1
9730 9472 258 3 0.799941 0.768811 0.0311299 6 3 4 2
10891 10639 252 2 0.599985 0.570356 0.0296287 7 2 7 2
11098 10765 333 4 0.899819 0.861685 0.038134 6 3 3 1
11415 11241 174 7 0.299926 0.27838 0.0215454 5 4 5 4
11609 11317 292 6 0.899946 0.865667 0.0342791 7 2 5 0
12198 12045 153 8 0.79989 0.781879 0.0180111 7 2 4 1
12962 12872 90 5 0.499914 0.48737 0.0125439 6 3 6 3
13051 12972 79 6 0.899895 0.889352 0.0105432 8 1 4 0
13603 13281 322 4 0.799772 0.762348 0.0374247 5 4 4 4
14362 14309 53 9 0.399865 0.393059 0.00680677 8 1 8 1
14557 14467 90 1 0.499973 0.489511 0.010462 9 0 9 0
15173 14799 374 3 0.499906 0.455516 0.0443891 7 2 7 2
15653 15564 89 0 0.371178 0.358912 0.0122661 7 2 7 2
17047 16819 228 6 0.599994 0.572509 0.0274858 5 4 4 4
17941 17635 306 7 0.599803 0.559915 0.0398879 8 1 7 1
17948 17895 53 4 0.599923 0.592366 0.00755756 6 3 6 3
18763 18421 342 2 0.299947 0.26073 0.0392169 6 3 6 3
19060 18923 137 8 0.299951 0.282544 0.017407 5 4 5 4
19135 19066 69 5 0.499969 0.491865 0.00810454 8 1 6 1
19894 19648 246 6 0.89994 0.871506 0.0284341 4 5 1 2
20559 20193 366 9 0.599964 0.556414 0.0435497 6 3 5 3
20882 20746 136 1 0.499928 0.483276 0.016652 5 4 5 4
20917 20771 146 0 0.699985 0.680541 0.0194448 5 4 3 3
20951 20698 253 3 0.599988 0.569805 0.0301825 4 5 3 5
20997 20603 394 7 0.899935 0.850616 0.0493193 8 1 3 0
22292 22096 196 6 0.79999 0.776892 0.0230981 1 8 1 8
23181 22959 222 4 0.599923 0.57286 0.0270627 5 4 5 3
23527 23466 61 2 0.799917 0.793168 0.0067488 6 3 3 2
24128 23959 169 0 0.799973 0.778085 0.0218883 5 4 3 1
24512 24452 60 8 0.699983 0.691644 0.00833884 6 3 6 2
24882 24532 350 5 0.599951 0.555043 0.0449075 6 3 5 3
24954 24656 298 1 0.799907 0.763632 0.0362746 5 4 3 1
24984 24866 118 9 0.699966 0.684257 0.0157084 5 4 3 3
25089 24909 180 7 0.599919 0.576774 0.0231446 5 4 5 4
25443 25261 182 3 0.699904 0.678037 0.0218677 7 2 6 2
26098 25754 344 6 0.699901 0.659098 0.0408033 3 6 3 2
26659 26542 117 4 0.79994 0.781722 0.0182172 5 4 2 2
27642 27584 58 2 0.599964 0.591649 0.00831591 4 5 4 4
27663 27605 58 3 0.89996 0.891551 0.00840902 7 2 2 1
27718 27542 176 5 0.899897 0.877755 0.0221415 5 4 3 1
27732 27442 290 8 0.799981 0.765466 0.034515 5 4 4 2
28618 28358 260 6 0.89998 0.869233 0.0307472 4 5 1 0
29126 29045 81 5 0.899873 0.886303 0.01357 6 3 4 1
29390 29333 57 1 0.599955 0.592673 0.00728214 4 5 4 4
29668 29389 279 0 0.499992 0.467745 0.0322473 7 2 7 2
29839 29538 301 8 0.899918 0.866061 0.0338564 6 3 5 2
