875 817 58 8 0.899893 0.891373 0.0085199 4 0 4 0
875 732 143 9 0.899917 0.883771 0.0161461 7 0 7 0
881 779 102 6 0.899963 0.887269 0.0126933 4 0 4 0
924 747 177 2 0.899998 0.87856 0.0214378 3 1 3 1
1677 1624 53 1 0.799993 0.793483 0.00651073 5 0 5 0
1770 1573 197 5 0.799964 0.773713 0.0262516 8 0 8 0
1868 1577 291 4 0.799931 0.764145 0.0357862 6 2 6 2
2598 2379 219 3 0.699953 0.673999 0.0259539 8 1 8 1
3285 3232 53 7 0.599998 0.592819 0.0071791 6 3 6 3
3292 3024 268 9 0.799945 0.768957 0.0309887 5 4 4 4
3412 3131 281 0 0.599942 0.565753 0.0341898 7 2 7 2
4912 4598 314 8 0.599996 0.562692 0.0373034 8 1 7 1
5138 5071 67 9 0.899878 0.890254 0.00962396 8 1 3 0
5162 5019 143 1 0.699936 0.682898 0.0170373 8 1 7 1
5526 5473 53 6 0.499865 0.493371 0.00649355 7 2 7 2
5807 5747 60 7 0.899914 0.892358 0.0075562 7 2 3 0
5986 5575 411 2 0.499959 0.450378 0.0495807 8 1 8 1
6093 6012 81 5 0.599956 0.589173 0.0107824 5 4 3 4
6590 6400 190 9 0.899879 0.875588 0.0242907 7 2 3 1
7522 7166 356 3 0.59996 0.558658 0.0413028 8 1 7 1
7795 7734 61 4 0.399943 0.393077 0.00686551 8 1 8 1
8605 8552 53 0 0.599854 0.592237 0.00761716 7 2 6 2
8676 8351 325 8 0.79994 0.762474 0.0374664 8 1 5 1
8857 8751 106 7 0.699898 0.685508 0.01439 6 3 6 3
9275 9188 87 6 0.799938 0.788809 0.0111292 6 3 5 3
9322 8955 367 1 0.699943 0.656981 0.0429628 7 2 5 1
9801 9583 218 9 0.699913 0.674514 0.0253982 6 3 4 3
10159 9935 224 2 0.799953 0.772593 0.0273604 3 6 1 6
10499 10261 238 5 0.699985 0.671535 0.0284505 2 7 2 6
10812 10523 289 8 0.899984 0.862661 0.0373235 8 1 2 0
11219 10976 243 7 0.899973 0.866739 0.0332336 7 2 3 0
11287 11019 268 3 0.7999 0.768661 0.0312384 6 3 4 2
12010 11899 111 2 0.899943 0.885974 0.0139692 5 4 3 1
12197 11835 362 6 0.799965 0.756196 0.0437692 6 3 4 1
13162 13034 128 8 0.799955 0.784873 0.0150818 5 4 3 4
13653 13508 145 4 0.599971 0.581906 0.0180651 6 3 6 3
13708 13549 159 5 0.799987 0.780516 0.0194719 5 4 4 2
14670 14471 199 9 0.599915 0.577051 0.0228641 6 3 5 3
15075 14989 86 0 0.399886 0.388099 0.0117867 8 1 8 1
15152 15017 135 7 0.599942 0.585101 0.0148411 8 1 8 1
15936 15622 314 3 0.599953 0.560035 0.0399176 6 3 5 2
15982 15712 270 1 0.39993 0.367328 0.0326023 7 2 7 1
16752 16657 95 2 0.499947 0.48824 0.0117073 6 3 6 3
17069 17012 57 4 0.799951 0.791962 0.00798873 4 5 3 5
17802 17690 112 7 0.89997 0.885498 0.014472 8 1 2 0
18040 17942 98 5 0.599961 0.58764 0.0123208 7 2 6 2
18343 18287 56 8 0.499944 0.490918 0.0090263 6 3 6 3
19172 19051 121 6 0.299911 0.284461 0.0154501 7 2 7 2
20536 20234 302 1 0.799972 0.762527 0.0374454 7 2 4 2
20648 20595 53 9 0.499937 0.492443 0.00749449 6 3 5 2
21117 20927 190 3 0.599982 0.576259 0.0237229 7 2 7 2
21651 21312 339 5 0.799999 0.761696 0.0383029 8 1 6 1
21862 21663 199 0 0.499898 0.474715 0.0251823 7 2 7 2
22264 22056 208 4 0.499994 0.475817 0.0241771 6 3 6 2
22285 22137 148 2 0.599942 0.580973 0.0189698 6 3 6 3
23205 22851 354 8 0.699886 0.656746 0.04314 9 0 7 0
23375 23193 182 7 0.399978 0.377534 0.0224441 7 2 7 2
23516 23143 373 1 0.799951 0.756026 0.0439248 4 5 2 4
24039 23740 299 6 0.799983 0.766127 0.0338565 5 4 2 2
24835 24693 142 2 0.899817 0.881098 0.0187195 5 4 3 3
25508 25160 348 5 0.699935 0.656166 0.0437682 7 2 7 2
26252 26149 103 2 0.899759 0.886698 0.0130609 7 2 4 1
26608 26553 55 0 0.699975 0.692512 0.00746247 6 3 6 3
27231 27001 230 1 0.699903 0.673421 0.0264812 5 4 5 4
27683 27553 130 2 0.899951 0.882961 0.0169902 6 3 3 1
27907 27854 53 3 0.399898 0.393098 0.00679954 6 3 5 3
27993 27664 329 4 0.599918 0.562993 0.0369242 8 1 7 1
28606 28553 53 9 0.286542 0.277538 0.00900318 6 3 6 3
28704 28425 279 7 0.699962 0.668017 0.031945 6 3 5 3
