846 707 139 0 0.899979 0.880497 0.0194814 4 0 4 0
866 813 53 4 0.899948 0.891984 0.007964 5 0 6 0
1889 1635 254 1 0.799968 0.769804 0.0301644 7 1 7 1
1895 1600 295 3 0.799927 0.766852 0.033075 6 0 6 0
2295 2105 190 4 0.899911 0.877019 0.0228922 7 0 4 0
2423 2342 81 9 0.699856 0.687912 0.0119438 8 0 8 0
3206 3153 53 5 0.59984 0.592014 0.00782556 6 3 6 3
3267 3150 117 2 0.599938 0.585352 0.014586 7 2 7 2
4122 3810 312 0 0.699906 0.663144 0.0367628 7 2 6 2
4307 4134 173 6 0.499938 0.48014 0.0197983 8 1 8 1
4441 4104 337 8 0.499879 0.458752 0.0411277 9 0 9 0
4558 4473 85 1 0.799797 0.786819 0.0129782 8 1 6 1
5047 4897 150 7 0.399991 0.379548 0.020443 8 1 8 1
6353 6078 275 4 0.599883 0.56644 0.0334432 6 3 6 3
7303 7050 253 9 0.599932 0.569333 0.0305987 6 3 6 3
7857 7736 121 3 0.399996 0.384634 0.0153622 5 4 5 4
8962 8884 78 0 0.599938 0.589702 0.0102361 6 3 6 3
9178 9036 142 5 0.499945 0.48168 0.0182645 7 2 7 2
9240 9187 53 2 0.49986 0.492637 0.0072225 6 3 6 3
9663 9281 382 7 0.799991 0.75596 0.0440312 8 1 4 0
9789 9588 201 1 0.499972 0.476741 0.0232311 5 4 4 3
11700 11646 54 9 0.699943 0.693304 0.00663926 6 3 4 2
11713 11434 279 6 0.399969 0.366954 0.0330155 7 2 6 2
11892 11521 371 4 0.599966 0.553583 0.0463828 6 3 4 3
11893 11789 104 8 0.399937 0.385224 0.0147129 5 4 3 4
14756 14590 166 3 0.49997 0.478851 0.0211188 7 2 7 2
14919 14667 252 2 0.599902 0.572191 0.0277111 7 2 6 1
15109 14864 245 7 0.49997 0.472652 0.0273178 6 3 6 3
15601 15386 215 5 0.499839 0.474551 0.0252879 9 0 9 0
16325 16108 217 8 0.799851 0.772501 0.0273504 8 1 6 1
16635 16459 176 0 0.299974 0.278351 0.0216228 7 2 7 2
17095 16900 195 1 0.399913 0.377239 0.0226735 8 1 8 1
18018 17768 250 9 0.399982 0.370325 0.0296566 9 0 9 0
18708 18605 103 4 0.399932 0.385958 0.0139742 7 2 6 2
18710 18530 180 3 0.799998 0.777527 0.0224712 8 1 4 1
18730 18520 210 6 0.499971 0.473682 0.0262888 8 1 8 1
20323 20009 314 2 0.599936 0.563675 0.0362603 6 3 5 3
21303 21065 238 5 0.5999 0.570429 0.0294703 6 3 5 3
21765 21500 265 7 0.499891 0.468861 0.0310307 7 2 7 2
22606 22269 337 9 0.79988 0.76026 0.0396204 6 3 5 3
23176 23047 129 8 0.299893 0.283376 0.0165167 6 3 6 3
23553 23362 191 6 0.699981 0.673275 0.0267052 8 1 7 1
23905 23673 232 4 0.699894 0.672861 0.0270334 6 3 5 3
24235 23874 361 1 0.499924 0.454835 0.0450893 5 4 5 4
24923 24682 241 2 0.69993 0.670629 0.0293016 8 1 5 1
24941 24604 337 0 0.399948 0.361027 0.0389216 4 5 4 5
25391 25336 55 3 0.299966 0.291906 0.00805952 4 5 4 5
26750 26455 295 7 0.699954 0.665972 0.0339826 7 2 5 1
27329 27200 129 5 0.499963 0.483333 0.0166295 7 2 6 2
29256 29016 240 6 0.499956 0.473412 0.0265439 8 1 8 1
29506 29346 160 4 0.499932 0.480072 0.0198599 7 2 7 2
29920 29521 399 9 0.299849 0.248559 0.0512906 6 3 5 3
30293 29988 305 0 0.699935 0.663235 0.0366996 7 2 7 1
30352 30231 121 8 0.499979 0.484277 0.0157015 8 1 8 1
30933 30746 187 3 0.699929 0.67759 0.022339 7 2 7 1
31536 31309 227 2 0.399974 0.373573 0.0264009 6 3 6 3
31713 31390 323 1 0.399983 0.361381 0.0386014 7 2 7 2
32973 32687 286 5 0.599892 0.566042 0.0338506 6 3 5 3
34080 33961 119 3 0.799925 0.786844 0.0130811 7 2 3 1
34310 33981 329 7 0.299954 0.262356 0.0375987 7 2 7 2
34352 34196 156 0 0.699905 0.679198 0.0207072 7 2 7 2
36407 36302 105 6 0.399869 0.385674 0.0141953 7 2 7 2
36779 36726 53 4 0.399869 0.393066 0.00680236 9 0 9 0
37275 37147 128 9 0.49998 0.483976 0.0160043 8 1 8 1
37635 37295 340 0 0.799917 0.757794 0.0421234 8 1 6 0
37718 37646 72 1 0.599977 0.591345 0.00863156 6 3 6 3
38472 38175 297 3 0.599917 0.564907 0.0350104 7 2 7 2
38546 38220 326 2 0.499983 0.46289 0.0370924 8 1 8 1
39260 38902 358 5 0.499903 0.456229 0.0436739 5 4 5 4
40146 39963 183 8 0.0998993 0.0796644 0.0202349 6 3 6 3
41213 41012 201 1 0.79994 0.777149 0.022791 6 3 5 2
42117 41898 219 3 0.799961 0.773445 0.0265155 8 1 6 1
42580 42350 230 7 0.399772 0.37253 0.0272421 6 3 6 3
42854 42752 102 0 0.499982 0.488318 0.0116639 8 1 8 1
42975 42711 264 9 0.599926 0.570027 0.029899 7 2 7 2
43257 43163 94 4 0.499892 0.487569 0.0123224 6 3 6 3
44009 43832 177 6 0.399937 0.380317 0.0196202 5 4 5 4
45159 44811 348 5 0.599976 0.558692 0.0412834 7 2 7 2
45684 45621 63 2 0.399922 0.393001 0.00692111 6 3 5 3
47273 46992 281 4 0.799919 0.762809 0.0371097 8 1 6 0
47310 46987 323 1 0.399902 0.360816 0.0390857 7 2 7 2
47401 47306 95 8 0.599966 0.587422 0.012544 7 2 7 2
47778 47440 338 0 0.699915 0.659928 0.0399877 6 3 5 3
48067 48013 54 3 0.399897 0.392835 0.00706233 4 5 4 5
49391 49068 323 4 0.899949 0.860894 0.0390556 9 0 3 0
49850 49796 54 9 0.399973 0.392303 0.00767053 3 6 3 6
50071 49919 152 6 0.599943 0.582404 0.017539 6 3 5 3
50369 50186 183 7 0.399956 0.374923 0.0250326 6 3 6 3
50759 50705 54 2 0.699899 0.691993 0.00790615 7 2 7 2
53327 53272 55 1 0.5999 0.5929 0.0070004 9 0 8 0
53444 53303 141 4 0.599951 0.582381 0.01757 8 1 8 1
53673 53600 73 5 0.199886 0.18998 0.009906 8 1 8 1
53893 53838 55 3 0.59995 0.592435 0.00751422 7 2 6 2
53924 53716 208 2 0.79996 0.775195 0.0247652 8 1 4 0
54168 54031 137 8 0.399923 0.383723 0.0162002 9 0 9 0
55639 55586 53 9 0.599897 0.592295 0.00760191 7 2 7 2
56308 56003 305 6 0.499917 0.463388 0.0365289 6 3 5 3
56821 56455 366 2 0.799933 0.755221 0.0447118 7 2 4 1
56895 56577 318 0 0.0999727 0.0586704 0.0413023 7 2 7 2
57440 57110 330 7 0.49993 0.460409 0.0395216 6 3 6 3
59082 58885 197 3 0.599791 0.574473 0.0253182 6 3 6 3
