1001 769 232 7 0.9 0.87273 0.0272701 5 0 5 0
1715 1544 171 4 0.799951 0.780002 0.0199498 6 0 6 0
2399 2313 86 2 0.69996 0.687301 0.0126587 9 0 9 0
2408 2315 93 6 0.699994 0.688254 0.0117394 7 1 7 1
2469 2402 67 3 0.699973 0.692269 0.00770438 9 0 9 0
2610 2385 225 8 0.699921 0.671503 0.0284179 8 1 8 1
3560 3220 340 1 0.599914 0.560241 0.0396728 8 1 8 1
4288 4014 274 0 0.499982 0.467708 0.0322737 6 2 6 2
5415 5300 115 6 0.799973 0.785498 0.014475 9 0 7 0
5987 5678 309 7 0.49977 0.463196 0.0365741 7 1 7 1
6005 5721 284 9 0.299919 0.266907 0.0330121 7 1 7 1
6015 5702 313 5 0.299893 0.264565 0.0353275 7 2 7 2
6567 6464 103 8 0.699997 0.686927 0.0130693 8 1 5 1
7136 7041 95 1 0.799908 0.786684 0.0132241 6 3 4 2
7147 7018 129 3 0.599992 0.582368 0.017624 6 3 6 3
8645 8354 291 4 0.299922 0.2627 0.037222 6 3 6 3
8945 8628 317 2 0.399983 0.359975 0.0400083 7 2 7 2
9112 8747 365 6 0.699918 0.654931 0.0449876 5 4 4 4
9862 9809 53 0 0.599919 0.592886 0.00703322 6 3 5 3
10482 10275 207 8 0.699898 0.676044 0.0238544 7 2 6 2
11657 11335 322 1 0.599801 0.563658 0.0361435 7 2 6 1
11681 11351 330 3 0.69992 0.660205 0.0397151 7 2 7 2
13178 13048 130 7 0.399982 0.38569 0.0142911 7 1 7 1
13252 13195 57 9 0.499944 0.491655 0.00828899 6 3 6 3
13782 13495 287 8 0.799974 0.768253 0.0317201 8 1 6 1
14298 13957 341 5 0.399968 0.36178 0.0381875 7 2 7 2
15028 14675 353 6 0.499984 0.456864 0.0431192 7 2 7 2
16135 15889 246 4 0.499891 0.467068 0.032823 6 3 6 3
16592 16316 276 3 0.599934 0.567036 0.0328979 5 4 5 4
16784 16480 304 0 0.399958 0.363713 0.0362443 6 3 6 3
16785 16535 250 2 0.399931 0.368062 0.0318695 7 2 7 2
18889 18669 220 9 0.599994 0.573337 0.0266569 6 3 6 3
19142 19064 78 7 0.599952 0.588999 0.0109525 6 3 6 3
19666 19419 247 5 0.699944 0.6707 0.0292433 7 2 6 2
20075 19714 361 8 0.399757 0.355823 0.0439349 6 3 6 3
20180 19984 196 1 0.199961 0.176253 0.0237082 6 3 6 3
20276 19956 320 4 0.799982 0.760701 0.03928 8 1 7 1
21508 21415 93 6 0.499953 0.485803 0.0141493 5 4 5 4
22721 22524 197 3 0.499961 0.47632 0.0236406 6 3 6 3
22958 22616 342 2 0.599862 0.560058 0.0398035 7 2 5 2
24052 23732 320 4 0.699944 0.661591 0.0383537 6 3 6 3
24731 24455 276 0 0.399924 0.364686 0.0352384 6 3 6 3
25096 24829 267 9 0.499924 0.467357 0.0325671 6 3 6 3
25272 25120 152 5 0.499992 0.47998 0.0200122 7 2 7 2
25424 25102 322 7 0.499931 0.459116 0.040815 6 3 5 2
25565 25247 318 8 0.699852 0.661486 0.0383662 7 2 5 1
28458 28163 295 3 0.599949 0.566295 0.0336534 8 1 7 1
29044 28790 254 4 0.599945 0.571105 0.0288392 8 1 6 1
29529 29316 213 6 0.29999 0.271871 0.028119 7 2 7 2
30044 29776 268 9 0.699982 0.669376 0.0306056 7 2 7 2
30092 29782 310 2 0.399933 0.365842 0.0340911 7 2 7 2
30148 29833 315 0 0.699901 0.662575 0.0373262 9 0 8 0
30285 30191 94 1 0.199907 0.188503 0.0114037 8 1 8 1
32308 31987 321 8 0.399919 0.36123 0.0386889 6 3 6 3
33417 33188 229 5 0.299976 0.270398 0.029578 5 4 5 4
33738 33407 331 7 0.299901 0.262454 0.0374462 6 3 6 3
33839 33519 320 2 0.899908 0.863938 0.0359691 8 1 4 0
33930 33581 349 3 0.599962 0.558554 0.041408 7 2 7 2
35358 35040 318 4 0.499973 0.464274 0.0356996 6 3 5 3
36542 36489 53 9 0.399848 0.393082 0.00676605 6 3 6 3
37768 37715 53 1 0.49983 0.493529 0.00630148 5 4 5 4
37803 37572 231 6 0.399911 0.372872 0.0270384 7 2 7 2
38429 38149 280 0 0.199798 0.165298 0.0345 6 3 6 3
39604 39412 192 2 0.399912 0.374979 0.0249338 5 4 5 4
40085 39810 275 5 0.599982 0.568058 0.0319242 6 3 6 3
40486 40101 385 4 0.69993 0.651787 0.0481421 7 2 6 0
40910 40683 227 8 0.299895 0.271429 0.0284659 8 1 8 1
41631 41574 57 3 0.299978 0.292351 0.00762657 6 3 6 3
42072 41750 322 7 0.399921 0.360867 0.0390543 5 4 5 4
43761 43155 606 9 0.499912 0.433344 0.0665673 6 3 6 3
44648 43983 665 1 0.499989 0.41439 0.0855988 7 2 7 2
44655 44381 274 5 0.699963 0.662732 0.0372314 6 3 6 3
44872 44548 324 6 0.499982 0.459517 0.0404649 4 5 4 5
46131 46077 54 4 0.499963 0.49243 0.00753265 5 4 5 4
47876 47810 66 3 0.599945 0.590138 0.00980688 6 3 5 3
48119 48005 114 8 0.499964 0.48471 0.0152533 8 1 7 1
48490 48365 125 0 0.199968 0.184506 0.0154624 7 2 7 2
48675 48558 117 5 0.699981 0.686277 0.0137036 8 1 7 0
48898 48717 181 1 0.799912 0.777847 0.0220654 7 2 7 1
49854 49733 121 7 0.399949 0.38423 0.0157193 6 3 6 3
49934 49583 351 2 0.0999824 0.0547725 0.0452099 6 3 6 3
50335 50265 70 9 0.49989 0.490779 0.00911086 7 2 7 2
50672 50506 166 6 0.599896 0.577041 0.0228547 8 1 8 0
53551 53198 353 9 0.899978 0.856386 0.0435916 9 0 5 0
54229 53930 299 4 0.299987 0.263268 0.0367195 5 4 5 4
54672 54480 192 3 0.39996 0.375924 0.024036 7 2 6 2
54676 54398 278 8 0.499987 0.464739 0.0352472 7 2 6 2
54895 54797 98 1 0.399961 0.387826 0.0121353 7 2 7 2
55219 54985 234 9 0.899994 0.872532 0.0274627 9 0 3 0
56099 55876 223 0 0.499996 0.474353 0.0256431 9 0 8 0
57349 57126 223 5 0.0999961 0.0728949 0.0271012 7 2 7 2
57931 57732 199 8 0.899964 0.876318 0.0236464 9 0 3 0
58608 58450 158 6 0.299942 0.279504 0.020438 6 3 6 3
58625 58267 358 7 0.299913 0.258116 0.0417975 5 4 5 4
58988 58753 235 2 0.399908 0.372263 0.0276446 8 1 8 1
59269 59069 200 9 0.599946 0.576109 0.0238363 7 2 6 2
59648 59266 382 8 0.89987 0.853968 0.0459021 9 0 3 0
