846 737 109 5 0.899916 0.887567 0.0123493 6 0 7 0
1613 1501 112 6 0.799943 0.78613 0.0138132 7 0 7 0
1709 1628 81 0 0.799918 0.79066 0.00925814 9 0 9 0
1721 1612 109 3 0.799932 0.784924 0.0150079 9 0 9 0
1890 1500 390 4 0.799978 0.753083 0.0468953 6 0 6 0
2843 2515 328 9 0.699949 0.661178 0.0387711 6 3 6 3
3390 3005 385 1 0.599929 0.554058 0.0458713 8 1 8 1
3474 3190 284 7 0.6 0.566694 0.0333051 9 0 9 0
3525 3226 299 8 0.599939 0.56447 0.0354689 7 2 7 2
4468 4214 254 0 0.799981 0.771586 0.0283954 8 1 4 1
4691 4557 134 4 0.799958 0.783563 0.0163957 6 1 4 1
5866 5799 67 2 0.299961 0.290331 0.00962965 7 2 7 2
5946 5494 452 5 0.499868 0.440169 0.0596989 7 2 7 2
6767 6695 72 3 0.499942 0.49048 0.00946249 9 0 9 0
7235 6889 346 1 0.799909 0.759616 0.0402936 9 0 7 0
7296 6979 317 8 0.799916 0.763891 0.0360258 7 2 5 1
9096 8755 341 0 0.599942 0.559115 0.0408273 7 2 6 2
9206 9081 125 6 0.199895 0.185908 0.0139871 8 1 8 1
9471 9411 60 7 0.499987 0.491322 0.00866503 5 4 5 4
10254 9939 315 8 0.799993 0.764524 0.0354692 7 2 6 1
10337 10084 253 9 0.299989 0.271567 0.0284219 7 2 7 2
12291 12019 272 2 0.599979 0.566542 0.0334375 8 1 5 1
12602 12200 402 3 0.599993 0.55072 0.0492723 7 2 6 2
13334 13208 126 1 0.399976 0.383371 0.0166053 6 3 4 3
13392 13200 192 5 0.399873 0.375374 0.0244993 5 4 5 4
13492 13084 408 4 0.0999652 0.0493688 0.0505964 7 2 6 2
15478 15370 108 8 0.499902 0.482906 0.0169962 6 3 5 3
15911 15850 61 0 0.399932 0.39133 0.00860159 5 4 5 4
15991 15825 166 9 0.699988 0.679249 0.0207392 6 3 6 3
16671 16501 170 7 0.399925 0.379774 0.0201515 4 5 3 5
17327 15828 1499 6 0.599992 0.386629 0.213363 7 2 6 2
17362 16978 384 3 0.699985 0.652288 0.0476974 7 2 4 1
18415 18158 257 2 0.499949 0.469397 0.0305523 6 3 4 3
20072 19811 261 9 0.699913 0.667058 0.0328548 7 2 7 2
20388 20083 305 5 0.499994 0.461675 0.0383187 6 3 6 2
20893 20784 109 1 0.3999 0.385253 0.0146468 7 2 7 2
21192 20950 242 8 0.599997 0.571634 0.0283626 8 1 7 1
22647 22236 411 4 0.399942 0.332052 0.0678902 3 6 3 6
22776 22473 303 0 0.499952 0.461847 0.0381052 6 3 6 3
23163 22970 193 3 0.499918 0.477734 0.0221838 8 1 7 0
24386 24182 204 7 0.399984 0.374686 0.0252983 8 1 8 1
25118 24756 362 6 0.399919 0.357804 0.0421153 6 3 6 3
25788 25590 198 2 0.399916 0.377174 0.0227421 8 1 7 1
26504 26451 53 9 0.399896 0.391593 0.00830281 7 2 7 2
27588 27534 54 1 0.499907 0.491144 0.00876312 7 2 7 2
28915 28642 273 7 0.799927 0.769246 0.0306813 7 2 4 2
29345 29090 255 0 0.499913 0.470142 0.0297711 8 1 7 1
29723 29525 198 4 0.499891 0.472832 0.0270591 8 1 8 1
29924 29681 243 8 0.199997 0.16859 0.0314069 6 3 6 3
30377 30066 311 5 0.0999114 0.0635254 0.036386 8 1 8 1
31198 30919 279 3 0.299994 0.266438 0.0335563 5 4 5 4
32023 31702 321 2 0.599932 0.562642 0.0372899 7 2 6 2
34194 33936 258 9 0.399987 0.36669 0.0332973 5 4 5 4
34198 33814 384 1 0.499832 0.45324 0.0465919 6 3 6 3
34318 34094 224 7 0.499947 0.471853 0.0280935 6 3 5 3
34451 34319 132 6 0.199936 0.184103 0.0158331 3 6 3 6
34478 34414 64 4 0.693858 0.686008 0.00785013 9 0 7 0
35182 34853 329 0 0.599925 0.560137 0.0397876 9 0 8 0
37715 37540 175 3 0.599982 0.580365 0.0196168 4 5 3 4
37762 37462 300 8 0.49983 0.466063 0.0337673 7 2 7 2
37804 37546 258 5 0.599894 0.570012 0.0298819 8 1 5 1
39098 38955 143 7 0.699966 0.683984 0.0159817 5 4 5 3
39122 38819 303 2 0.399922 0.363697 0.0362248 5 4 4 4
40943 40718 225 4 0.399901 0.372569 0.0273318 6 3 6 3
41573 41288 285 0 0.499907 0.467705 0.032202 7 2 6 2
41855 41762 93 9 0.399942 0.389721 0.0102211 8 1 8 1
42098 41945 153 6 0.49992 0.480195 0.019725 7 2 7 1
43112 42911 201 5 0.599976 0.576336 0.0236393 6 3 5 3
43885 43807 78 1 0.0999009 0.0891303 0.0107706 7 2 7 2
44602 44434 168 3 0.399931 0.37934 0.0205908 7 2 7 2
45421 45163 258 4 0.799915 0.76929 0.0306248 6 3 5 2
45536 45379 157 7 0.399899 0.377858 0.0220413 8 1 6 1
45973 45899 74 6 0.799918 0.789895 0.0100231 9 0 6 0
45984 45781 203 8 0.299948 0.275329 0.0246186 7 2 7 2
46327 46241 86 0 0.699962 0.689795 0.0101664 7 2 7 2
47959 47620 339 2 0.299892 0.256256 0.0436362 5 4 5 4
48642 48433 209 0 0.899903 0.874181 0.025722 9 0 3 0
49400 49296 104 6 0.699949 0.685391 0.014558 9 0 7 0
49674 49572 102 3 0.699978 0.686378 0.0136006 7 2 7 2
50290 50217 73 9 0.299923 0.291678 0.00824523 9 0 8 0
50697 50585 112 8 0.799925 0.785707 0.0142181 9 0 8 0
51868 51518 350 5 0.199941 0.159294 0.0406469 9 0 9 0
52276 52221 55 4 0.299972 0.292002 0.0079695 8 1 8 1
52788 52525 263 1 0.39993 0.368112 0.0318179 7 2 7 2
54241 53938 303 7 0.299971 0.261252 0.0387186 6 3 6 3
54973 54818 155 6 0.499952 0.481943 0.0180092 7 2 7 2
55220 54949 271 8 0.599993 0.567601 0.032392 5 4 5 4
55938 55818 120 0 0.199934 0.186517 0.0134168 5 4 5 4
56647 56552 95 9 0.599913 0.586438 0.0134746 6 3 4 3
56990 56813 177 3 0.299964 0.27735 0.0226145 9 0 8 0
57009 56744 265 2 0.299904 0.268799 0.0311052 6 3 5 3
58761 58432 329 4 0.599939 0.562101 0.0378381 7 2 6 1
59604 59523 81 6 0.699983 0.689387 0.010596 9 0 6 0
59670 59602 68 1 0.48907 0.481519 0.00755154 7 2 7 2
59865 59506 359 5 0.499908 0.456063 0.0438451 7 2 6 2
