2535 2447 88 3 0.699905 0.688532 0.0113734 9 0 9 0
3379 3284 95 6 0.599956 0.588452 0.0115041 9 0 9 0
3429 3208 221 1 0.599921 0.575332 0.0245891 9 0 9 0
3478 3193 285 7 0.59992 0.567143 0.0327765 8 1 8 1
3537 3253 284 9 0.599813 0.567922 0.0318909 9 0 9 0
4212 4001 211 2 0.49998 0.471828 0.0281516 9 0 9 0
5033 4978 55 0 0.399993 0.392179 0.00781353 6 3 6 3
5770 5715 55 8 0.299953 0.292805 0.00714704 8 1 8 1
6025 5819 206 4 0.299958 0.275144 0.0248136 5 4 5 4
6759 6494 265 5 0.199979 0.170678 0.0293002 6 3 6 3
7835 7746 89 7 0.699794 0.685832 0.0139622 7 2 7 1
9085 8783 302 3 0.399945 0.363794 0.0361503 6 3 5 3
9204 9038 166 6 0.499935 0.479311 0.020624 5 4 5 4
10352 10013 339 1 0.399953 0.358129 0.0418236 6 3 5 3
11764 11583 181 0 0.499934 0.479091 0.0208428 7 2 5 0
11876 11636 240 7 0.699981 0.671501 0.0284799 7 2 7 1
12327 11997 330 9 0.19996 0.160851 0.0391084 8 1 8 1
12446 12166 280 2 0.299999 0.268969 0.0310296 7 2 6 2
12506 12361 145 4 0.599992 0.579092 0.0209004 6 3 6 3
15400 15113 287 5 0.399913 0.365534 0.0343792 8 1 8 1
15597 15544 53 3 0.499971 0.492378 0.00759296 8 1 6 1
15817 15665 152 7 0.699994 0.680849 0.0191449 7 2 6 2
16252 16133 119 8 0.0999784 0.0861359 0.0138426 8 1 7 1
17144 17028 116 6 0.299892 0.285634 0.014258 8 1 8 1
17276 17026 250 1 0.499942 0.469525 0.0304177 8 1 7 1
17580 17239 341 0 0.599968 0.559058 0.0409091 7 2 6 2
19983 19698 285 2 0.499979 0.465566 0.034413 6 3 5 2
21079 20799 280 4 0.199994 0.168017 0.0319771 6 3 6 3
21878 21720 158 3 0.499955 0.48016 0.0197952 8 1 6 1
22816 22546 270 6 0.69998 0.66963 0.0303501 7 2 7 1
23023 22726 297 0 0.59999 0.565196 0.0347938 9 0 8 0
23046 22974 72 5 0.399938 0.389712 0.0102255 7 2 7 2
23118 22908 210 7 0.299996 0.273317 0.0266795 6 3 6 3
23408 23179 229 9 0.0999929 0.0705173 0.0294755 8 1 8 1
23781 23496 285 1 0.49998 0.465602 0.034378 6 3 6 3
26931 26640 291 8 0.19976 0.163319 0.0364407 7 2 7 2
27466 27330 136 3 0.599922 0.582516 0.0174051 7 2 6 2
27743 27435 308 6 0.599943 0.562208 0.0377354 7 2 6 2
28302 28014 288 2 0.299956 0.264985 0.0349704 9 0 9 0
28796 28627 169 7 0.699979 0.681398 0.0185811 7 2 5 2
28955 28797 158 4 0.499925 0.479626 0.0202986 9 0 8 0
29346 29042 304 0 0.4999 0.460289 0.0396102 5 4 4 4
31454 31353 101 5 0.299989 0.286623 0.0133657 7 2 7 2
31561 31425 136 9 0.499937 0.482095 0.0178421 4 5 4 5
32155 32055 100 6 0.699909 0.686121 0.0137882 7 2 7 2
32418 32104 314 8 0.799932 0.762483 0.0374483 6 3 5 1
33386 33292 94 1 0.099961 0.0877351 0.0122259 6 3 6 3
34273 34186 87 7 0.499964 0.489076 0.0108878 5 4 4 4
34430 34218 212 3 0.399926 0.374535 0.0253916 7 2 7 2
35131 34869 262 0 0.599914 0.57012 0.0297937 6 3 6 2
35536 35466 70 2 0.499963 0.492132 0.00783152 8 1 8 1
36367 36178 189 4 0.399902 0.376224 0.0236782 7 2 7 2
37000 36935 65 9 0.599977 0.591608 0.0083691 5 4 5 3
37077 36758 319 6 0.599913 0.563111 0.036802 5 4 5 4
38473 38418 55 5 0.499985 0.491422 0.00856276 5 4 5 4
39448 39343 105 8 0.299898 0.287741 0.0121573 8 1 8 1
39836 39596 240 1 0.699906 0.672148 0.0277584 6 3 6 2
40306 40035 271 2 0.699912 0.666238 0.0336733 8 1 8 1
40890 40516 374 7 0.49994 0.453045 0.0468949 7 2 7 2
41162 41091 71 0 0.49999 0.491975 0.00801539 5 4 5 3
41329 41079 250 3 0.499986 0.470608 0.0293773 5 4 5 4
41684 41435 249 4 0.699975 0.667912 0.0320622 7 2 6 2
43910 43624 286 9 0.399911 0.367544 0.0323671 7 2 7 1
44233 43840 393 5 0.599926 0.55169 0.0482357 6 3 6 3
45038 44677 361 6 0.299912 0.259012 0.0409005 8 1 8 1
45139 44914 225 8 0.699955 0.673909 0.0260458 8 1 7 1
45377 45022 355 2 0.6 0.557602 0.0423973 8 1 8 1
45419 45329 90 1 0.499915 0.487795 0.0121205 6 3 6 2
45749 45517 232 4 0.69999 0.671704 0.028286 7 2 7 2
48252 48193 59 0 0.399908 0.391805 0.00810305 8 1 8 1
48688 48474 214 3 0.399937 0.376107 0.02383 7 2 7 2
49061 48959 102 8 0.699903 0.686779 0.0131238 9 0 8 0
49135 48957 178 7 0.299959 0.278108 0.0218514 8 1 8 1
49170 48861 309 9 0.699926 0.664029 0.0358969 8 1 7 1
51600 51370 230 2 0.499935 0.470741 0.0291941 7 2 7 2
51959 51661 298 1 0.499945 0.466089 0.033856 6 3 6 3
52284 51894 390 5 0.299798 0.253719 0.0460789 7 2 7 2
52898 52781 117 4 0.299911 0.285172 0.0147388 6 3 6 3
53206 53001 205 9 0.699909 0.674068 0.0258407 9 0 6 0
54761 54604 157 3 0.5999 0.581687 0.0182133 8 1 7 1
54774 54533 241 8 0.499912 0.471352 0.0285601 7 2 7 2
54977 54658 319 6 0.199896 0.163397 0.0364995 5 4 5 4
56287 56192 95 9 0.799936 0.788815 0.0111207 9 0 4 0
57148 57095 53 2 0.599991 0.592692 0.00729947 8 1 8 1
57624 57398 226 0 0.199927 0.173284 0.0266425 6 3 6 3
59073 58791 282 7 0.199899 0.165026 0.034873 7 2 7 2
59899 59815 84 3 0.599965 0.589168 0.0107973 9 0 9 0
