1735 1546 189 4 0.799932 0.77383 0.0261017 8 0 8 0
1736 1546 190 3 0.799892 0.776392 0.0234999 8 0 8 0
3431 3242 189 9 0.599972 0.578802 0.02117 8 0 8 0
4075 4020 55 8 0.499898 0.492226 0.00767237 9 0 9 0
4288 4063 225 0 0.499923 0.470573 0.0293496 9 0 9 0
4369 4047 322 2 0.499938 0.464527 0.0354111 8 1 8 1
5039 4954 85 5 0.39989 0.387863 0.0120272 7 2 7 2
5072 4877 195 6 0.39994 0.375941 0.0239985 7 2 7 2
5281 4923 358 7 0.399932 0.358316 0.0416166 8 1 8 1
6882 6592 290 1 0.199961 0.167035 0.0329261 7 2 7 2
8531 8474 57 3 0.299949 0.29077 0.00917896 8 1 8 1
8572 8494 78 4 0.299922 0.287766 0.012156 7 2 7 2
9596 9259 337 5 0.799903 0.75998 0.039923 7 2 6 1
10397 10214 183 9 0.399917 0.374344 0.0255734 7 2 7 2
10733 10411 322 7 0.699878 0.663465 0.0364131 6 3 6 3
11596 11476 120 2 0.399855 0.385028 0.0148272 4 5 4 5
11715 11580 135 6 0.499928 0.481631 0.0182967 5 4 4 4
12934 12599 335 8 0.199982 0.160181 0.0398008 8 1 8 1
13748 13650 98 1 0.599901 0.587883 0.0120182 7 2 4 2
14061 13791 270 9 0.899939 0.867288 0.0326508 7 2 2 0
14065 13871 194 0 0.0999355 0.0781638 0.0217717 4 5 4 5
15703 15602 101 3 0.499963 0.487083 0.0128795 7 2 6 2
15761 15506 255 5 0.399961 0.365806 0.0341552 6 3 6 3
15854 15582 272 4 0.49996 0.465663 0.0342977 8 1 8 1
16475 16198 277 7 0.499901 0.464812 0.035089 8 1 8 1
17347 17184 163 6 0.599931 0.581078 0.0188531 4 5 4 4
18303 18067 236 8 0.799905 0.770573 0.0293314 8 1 3 1
19793 19679 114 9 0.399983 0.385916 0.0140665 7 2 7 2
19897 19566 331 1 0.499955 0.46088 0.0390752 8 1 8 1
19987 19891 96 2 0.299978 0.288017 0.0119606 7 2 7 2
20629 20538 91 4 0.699904 0.688887 0.0110166 6 3 5 3
21238 21056 182 7 0.699994 0.67845 0.0215442 8 1 5 1
21277 20889 388 8 0.799918 0.753554 0.0463643 9 0 6 0
21418 21184 234 0 0.59998 0.572623 0.0273565 7 2 7 1
22035 21832 203 3 0.499983 0.47577 0.0242129 5 4 5 4
22716 22421 295 6 0.59992 0.565876 0.0340439 5 4 5 4
25080 25027 53 4 0.599923 0.592462 0.00746156 9 0 7 0
25098 24880 218 5 0.199991 0.17145 0.0285403 7 2 7 2
25740 25427 313 1 0.599963 0.563651 0.0363114 9 0 9 0
26706 26387 319 8 0.499941 0.464435 0.0355062 8 1 8 1
26834 26682 152 3 0.69996 0.680521 0.0194389 7 2 7 2
27346 27191 155 9 0.399823 0.379823 0.0199999 8 1 8 1
27693 27536 157 7 0.399928 0.380912 0.0190163 5 4 4 4
28928 28603 325 2 0.299917 0.26161 0.0383074 5 4 5 4
30034 29844 190 0 0.199969 0.17599 0.0239793 6 3 6 3
31166 30883 283 6 0.199965 0.165211 0.0347543 5 4 5 4
31661 31469 192 3 0.599898 0.572364 0.0275347 7 2 7 2
31746 31412 334 8 0.699977 0.660706 0.039271 8 1 7 1
31889 31734 155 1 0.499932 0.480632 0.0193003 5 4 5 4
31916 31721 195 4 0.399928 0.375034 0.0248943 5 4 5 4
32757 32678 79 5 0.499949 0.489346 0.0106035 4 5 3 5
34633 34244 389 7 0.499973 0.450019 0.0499532 3 6 3 5
35986 35825 161 9 0.299952 0.27931 0.0206418 5 4 4 4
36070 35698 372 8 0.699962 0.655036 0.0449258 8 1 6 1
36927 36691 236 0 0.599979 0.573215 0.026764 6 3 6 2
36990 36678 312 3 0.599996 0.564053 0.0359433 6 3 6 3
37589 36985 604 2 0.399926 0.323734 0.0761922 5 4 5 3
38020 37844 176 4 0.599896 0.575468 0.0244287 7 2 5 1
40101 39838 263 1 0.299944 0.26824 0.0317044 7 2 7 2
40421 40347 74 6 0.299977 0.291846 0.00813111 7 2 7 2
40831 40638 193 5 0.299981 0.278315 0.0216661 7 2 7 2
41381 41271 110 3 0.699985 0.68532 0.0146653 6 3 4 3
41564 41213 351 0 0.699991 0.65875 0.0412412 6 3 5 2
41918 41601 317 8 0.499991 0.46145 0.0385412 6 3 6 3
42914 42630 284 7 0.299963 0.266129 0.0338334 7 2 7 2
44126 44012 114 9 0.399993 0.385083 0.0149108 6 3 6 3
44977 44747 230 4 0.399993 0.373531 0.0264615 6 3 6 3
45472 45260 212 2 0.399915 0.373774 0.0261407 5 4 5 3
46519 46454 65 1 0.599916 0.592544 0.00737121 6 3 6 3
46673 46341 332 0 0.599985 0.561636 0.0383497 6 3 6 3
46805 46648 157 6 0.599991 0.578984 0.0210068 8 1 7 1
48362 48278 84 8 0.499943 0.488404 0.0115394 5 4 4 4
48778 48440 338 3 0.299972 0.261958 0.0380135 7 2 6 2
49013 48778 235 5 0.399922 0.369474 0.0304477 4 5 4 5
51235 50889 346 7 0.399921 0.358454 0.0414666 6 3 5 3
51957 51662 295 1 0.599937 0.565258 0.0346791 5 4 5 4
51996 51772 224 0 0.599875 0.571387 0.0284881 7 2 7 2
52087 51749 338 4 0.49992 0.456645 0.0432754 7 2 6 1
53410 53045 365 2 0.399948 0.353763 0.0461849 6 3 6 3
54508 54158 350 9 0.0999361 0.0545137 0.0454224 4 5 4 5
55251 55084 167 3 0.599965 0.580453 0.019512 6 3 6 3
55728 55402 326 8 0.3999 0.363389 0.0365102 7 2 7 2
56034 55981 53 6 0.0998943 0.0923999 0.0074944 4 5 4 5
57560 57492 68 5 0.29994 0.289628 0.0103116 7 2 7 2
58002 57801 201 1 0.499997 0.474792 0.0252056 6 3 6 3
58795 58435 360 4 0.499968 0.458727 0.041241 7 2 6 2
58899 58657 242 0 0.399898 0.370822 0.0290758 6 3 6 3
58948 58893 55 7 0.399926 0.39299 0.00693569 7 2 6 2
