880 796 84 5 0.89988 0.889956 0.00992457 6 0 6 0
1830 1564 266 7 0.799982 0.769704 0.0302786 7 0 7 0
2769 2417 352 9 0.699905 0.660441 0.0394644 7 0 8 0
2816 2480 336 6 0.699901 0.658321 0.0415796 8 1 8 1
2852 2494 358 0 0.699899 0.657272 0.0426264 6 3 6 3
3213 3121 92 1 0.599925 0.588693 0.0112311 7 0 7 0
3324 3249 75 4 0.599976 0.589466 0.0105099 5 4 5 4
3551 3213 338 3 0.599944 0.561212 0.0387317 7 1 7 1
5168 4957 211 2 0.399976 0.373969 0.0260072 5 4 5 4
5195 4980 215 8 0.399941 0.37537 0.0245709 4 5 4 5
6609 6314 295 5 0.399992 0.364784 0.0352078 7 1 6 1
7777 7426 351 4 0.699921 0.659507 0.0404138 6 3 6 3
8025 7785 240 7 0.399892 0.372406 0.0274857 6 3 6 3
8793 8629 164 3 0.599971 0.580692 0.0192788 8 1 8 1
9340 9223 117 6 0.399939 0.386325 0.0136143 9 0 9 0
9418 9220 198 0 0.399998 0.375282 0.0247164 6 3 6 3
9444 9128 316 9 0.399894 0.363894 0.0360008 7 2 7 2
10959 10655 304 1 0.299938 0.262127 0.0378105 6 3 6 3
12062 11725 337 5 0.699937 0.660234 0.0397035 7 1 5 1
12634 12251 383 7 0.799952 0.74928 0.0506718 8 1 5 1
12977 12759 218 8 0.399954 0.372736 0.0272183 8 1 8 1
13129 12980 149 3 0.699917 0.680739 0.0191788 7 2 5 2
15291 15214 77 0 0.599921 0.59146 0.00846111 7 2 6 2
15317 14968 349 4 0.299912 0.258886 0.0410261 7 2 7 2
15481 15226 255 2 0.0999416 0.0681446 0.031797 6 3 6 3
16854 16493 361 1 0.699879 0.657926 0.0419532 5 4 4 3
17231 17006 225 9 0.399975 0.371274 0.0287013 8 1 8 1
17265 17089 176 8 0.799983 0.778479 0.0215044 9 0 6 0
18538 18306 232 6 0.199918 0.173104 0.0268148 7 2 7 2
18614 18510 104 5 0.399927 0.385203 0.0147238 5 4 5 4
20392 20225 167 7 0.199978 0.178466 0.0215122 9 0 8 0
20442 20284 158 3 0.299891 0.28252 0.0173711 7 2 7 2
20623 20313 310 0 0.599935 0.562984 0.0369507 6 3 5 3
21058 20706 352 8 0.699988 0.659112 0.0408766 9 0 7 0
22019 21748 271 4 0.599901 0.568412 0.0314892 6 3 5 3
22774 22428 346 1 0.499981 0.46124 0.0387406 5 4 3 4
23608 23475 133 2 0.499995 0.482585 0.01741 7 2 7 1
24420 24345 75 6 0.69985 0.68893 0.0109193 6 3 5 3
25282 25031 251 3 0.799934 0.769226 0.0307088 9 0 5 0
26013 25773 240 8 0.599848 0.571598 0.0282508 9 0 9 0
26492 26434 58 9 0.199897 0.191333 0.00856319 8 1 8 1
27116 26953 163 5 0.299936 0.279481 0.0204549 7 2 7 2
28160 27945 215 4 0.499963 0.471679 0.0282841 8 1 8 1
28263 27976 287 7 0.499958 0.467694 0.0322638 8 1 8 1
28276 28164 112 0 0.29999 0.284363 0.0156277 6 3 6 3
29238 29151 87 1 0.499883 0.487301 0.0125818 6 3 6 3
29981 29800 181 6 0.499926 0.479913 0.0200124 7 2 7 2
31331 31278 53 3 0.399924 0.392292 0.00763123 5 4 5 4
32037 31956 81 8 0.499939 0.488991 0.0109481 7 2 7 2
32078 31733 345 5 0.799895 0.756717 0.0431774 8 1 6 0
32962 32873 89 7 0.699825 0.687709 0.0121155 9 0 8 0
33241 33034 207 2 0.0999797 0.0737667 0.026213 8 1 8 1
34620 34417 203 4 0.499944 0.476724 0.02322 6 3 6 3
35526 35433 93 6 0.599963 0.589742 0.0102211 6 3 5 2
35700 35565 135 5 0.699947 0.683757 0.0161902 7 2 7 2
35861 35662 199 9 0.299954 0.275472 0.0244821 9 0 8 0
36443 36176 267 0 0.399908 0.366577 0.0333311 5 4 5 4
36624 36334 290 1 0.399984 0.366115 0.03387 7 2 5 2
38170 38029 141 3 0.49999 0.482358 0.017632 6 3 6 2
39283 39122 161 8 0.399973 0.37912 0.0208536 6 3 6 3
40157 40048 109 7 0.299901 0.28691 0.0129917 8 1 8 1
40339 40263 76 2 0.586676 0.576126 0.0105507 8 1 7 1
41411 41189 222 5 0.499834 0.473507 0.0263276 7 2 7 2
42369 42193 176 9 0.599955 0.578478 0.0214767 7 2 6 2
42607 42279 328 0 0.599996 0.558853 0.041143 6 3 5 3
42659 42604 55 4 0.299803 0.292172 0.00763085 6 3 6 3
42662 42262 400 6 0.4 0.34909 0.05091 8 1 8 1
43971 43668 303 3 0.599957 0.565401 0.0345559 6 3 6 3
44297 44162 135 1 0.39989 0.381202 0.0186881 7 2 7 2
44859 44572 287 2 0.699993 0.66503 0.0349623 6 3 5 3
45695 45519 176 7 0.699927 0.679256 0.0206712 9 0 7 0
46306 45972 334 8 0.499922 0.46006 0.0398628 4 5 3 5
47093 47005 88 6 0.799969 0.790045 0.00992321 9 0 4 0
47701 47470 231 3 0.79996 0.773742 0.0262186 7 2 4 0
48561 48508 53 5 0.399989 0.392352 0.00763722 7 2 7 2
48918 48770 148 2 0.699986 0.680913 0.0190735 7 2 7 2
49119 48884 235 4 0.59992 0.570145 0.0297751 8 1 8 1
49415 49063 352 9 0.399891 0.357925 0.0419659 7 2 6 2
49789 49561 228 7 0.699991 0.672779 0.0272119 9 0 6 0
50383 50240 143 0 0.299901 0.280416 0.0194857 5 4 5 4
50481 50169 312 1 0.599957 0.56319 0.0367674 9 0 8 0
51912 51724 188 8 0.599968 0.577242 0.0227267 7 2 7 1
53270 52979 291 6 0.399991 0.365393 0.0345978 6 3 6 3
53760 53417 343 2 0.599762 0.559915 0.039847 7 2 7 2
54329 54153 176 4 0.599923 0.580424 0.0194993 9 0 9 0
54434 54380 54 7 0.599915 0.592603 0.00731168 6 3 4 3
55057 54802 255 1 0.69999 0.668489 0.031501 7 2 5 2
55635 55320 315 3 0.199998 0.161932 0.0380661 8 1 8 1
55736 55381 355 9 0.599763 0.556611 0.0431524 8 1 7 1
55988 55935 53 5 0.399987 0.39228 0.00770741 5 4 5 4
56842 56666 176 0 0.599967 0.57983 0.0201363 4 5 4 4
57949 57829 120 8 0.499904 0.486712 0.0131911 7 2 7 2
58191 58083 108 2 0.699929 0.683056 0.016873 7 2 6 1
59956 59763 193 1 0.599982 0.578252 0.0217299 7 2 7 2
