806 655 151 2 0.899979 0.883063 0.016916 6 0 6 0
1727 1611 116 9 0.799915 0.78617 0.0137446 8 1 8 1
1771 1531 240 6 0.799978 0.769465 0.030513 8 0 8 0
2589 2466 123 1 0.699947 0.684147 0.0157997 7 0 7 0
2730 2415 315 7 0.699952 0.660293 0.0396588 6 0 6 0
3363 3223 140 3 0.599914 0.581474 0.0184397 7 2 7 2
3496 3241 255 4 0.599923 0.568846 0.0310772 8 1 8 1
5116 5035 81 9 0.699972 0.690579 0.00939292 8 1 7 1
5465 5336 129 2 0.499967 0.482725 0.017242 5 4 5 4
5832 5592 240 5 0.299975 0.273361 0.0266138 7 2 7 2
5879 5793 86 0 0.299944 0.288999 0.0109443 5 4 5 4
5898 5679 219 8 0.299966 0.274684 0.0252826 6 2 6 2
7117 6847 270 6 0.499938 0.469314 0.0306236 6 3 6 3
7442 7219 223 1 0.599965 0.570403 0.0295622 5 3 5 3
7987 7628 359 3 0.699916 0.65777 0.0421461 5 4 4 4
9871 9720 151 8 0.899915 0.882653 0.0172616 7 2 3 0
10144 9998 146 7 0.299965 0.281569 0.018396 6 3 6 3
10439 10295 144 4 0.399891 0.383343 0.0165477 8 1 6 1
11397 11344 53 9 0.399885 0.393143 0.00674227 6 3 6 3
11408 11148 260 0 0.699946 0.664219 0.0357269 6 3 5 2
13494 13439 55 6 0.499967 0.492866 0.00710062 6 3 6 3
13781 13648 133 8 0.599915 0.583224 0.0166908 8 1 7 1
13882 13602 280 3 0.499902 0.468535 0.0313677 8 1 7 1
13988 13784 204 5 0.39996 0.373675 0.0262856 8 1 8 1
14164 14111 53 1 0.399953 0.39178 0.00817259 7 2 7 2
14450 14146 304 2 0.199974 0.165558 0.0344159 6 3 6 3
17462 17252 210 6 0.799947 0.77456 0.0253874 7 2 6 1
17682 17344 338 5 0.899809 0.857882 0.041927 9 0 4 0
18007 17756 251 0 0.399962 0.367061 0.0329009 7 2 7 2
18346 18003 343 4 0.399979 0.358508 0.0414708 5 4 5 4
18882 18827 55 7 0.29997 0.291993 0.0079776 7 2 7 2
19114 18785 329 8 0.599988 0.560665 0.039323 8 1 8 1
19466 19177 289 1 0.699973 0.663932 0.0360412 8 1 7 1
19941 19730 211 9 0.299948 0.273487 0.0264617 6 3 6 3
21978 21842 136 3 0.299963 0.284286 0.015677 7 2 7 2
23170 22876 294 2 0.399895 0.361879 0.0380164 8 1 8 1
23257 23122 135 0 0.699939 0.683539 0.0163997 7 2 6 2
23644 23431 213 6 0.399913 0.373839 0.0260733 6 3 6 3
24489 24142 347 5 0.299891 0.257 0.0428907 6 3 6 3
25372 25138 234 7 0.6 0.572004 0.0279962 5 4 5 4
25411 25077 334 1 0.499983 0.459329 0.0406543 6 3 6 3
25440 25146 294 4 0.499921 0.465998 0.0339233 7 2 6 2
25570 25387 183 0 0.899942 0.87702 0.0229218 7 2 2 0
26119 25859 260 8 0.399981 0.371071 0.0289102 6 3 6 3
28051 27994 57 9 0.399958 0.392216 0.00774214 6 3 5 3
28500 28317 183 2 0.699908 0.678231 0.0216763 8 1 6 1
28698 28600 98 0 0.699977 0.687982 0.0119951 8 1 7 1
29375 29067 308 3 0.499942 0.465134 0.0348086 7 2 6 2
29673 29542 131 6 0.599988 0.585712 0.0142754 8 1 7 0
29687 29549 138 8 0.899975 0.884692 0.0152824 8 1 5 0
30234 30172 62 1 0.699929 0.691665 0.00826478 6 3 5 2
30774 30432 342 7 0.599804 0.558463 0.0413415 6 3 6 3
30959 30832 127 5 0.599912 0.583758 0.0161546 7 2 7 1
32298 32175 123 6 0.899906 0.885606 0.0143009 9 0 5 0
32735 32459 276 0 0.699972 0.666673 0.0332991 8 1 6 1
33527 33174 353 1 0.799893 0.757442 0.0424514 9 0 7 0
33810 33453 357 4 0.299969 0.252931 0.0470377 7 2 7 2
35063 34738 325 3 0.599934 0.560343 0.0395903 7 2 7 2
35884 35495 389 2 0.299978 0.250499 0.0494785 7 2 7 2
36044 35869 175 8 0.299975 0.278824 0.0211506 7 2 7 2
36105 35932 173 7 0.599917 0.57704 0.0228774 7 2 6 2
36264 36211 53 1 0.799859 0.793133 0.00672644 8 1 5 1
36266 36075 191 6 0.599958 0.577657 0.0223013 8 1 7 1
36527 36442 85 9 0.299903 0.287366 0.012537 7 2 7 2
37529 37397 132 0 0.599907 0.583944 0.0159627 7 2 6 2
37807 37650 157 5 0.399903 0.381222 0.0186813 3 6 2 6
39618 39350 268 3 0.699999 0.66915 0.0308491 8 1 5 1
40277 40179 98 4 0.599971 0.58786 0.0121105 8 1 7 1
41201 41099 102 6 0.599936 0.587971 0.0119641 8 1 6 1
41387 41190 197 5 0.899994 0.875461 0.0245331 6 3 3 0
41759 41488 271 8 0.699954 0.66707 0.0328834 9 0 9 0
42379 42173 206 1 0.399937 0.374863 0.025074 7 2 7 2
42808 42708 100 9 0.599892 0.588838 0.0110547 8 1 8 1
43124 43022 102 2 0.49996 0.487087 0.0128727 8 1 8 1
43598 43349 249 0 0.49996 0.469981 0.029979 8 1 7 0
44638 44445 193 7 0.199999 0.176123 0.023876 4 5 4 5
45974 45752 222 1 0.899901 0.874244 0.0256568 7 2 5 0
46155 45999 156 3 0.399946 0.379194 0.0207516 7 2 7 2
46356 46166 190 6 0.599933 0.576212 0.0237202 5 4 3 3
46811 46493 318 8 0.6 0.56373 0.0362694 8 1 5 1
47008 46936 72 5 0.399987 0.389465 0.0105222 8 1 8 1
47835 47704 131 4 0.29992 0.283885 0.0160355 6 3 6 3
49323 49125 198 0 0.599788 0.573693 0.0260949 7 2 6 2
49894 49538 356 9 0.399898 0.357848 0.0420503 5 4 5 4
49967 49759 208 6 0.799996 0.774611 0.0253849 8 1 4 1
50747 50635 112 1 0.499891 0.484757 0.0151332 6 3 6 3
52324 51953 371 8 0.599961 0.554484 0.0454766 7 2 7 2
52839 52595 244 6 0.799955 0.770801 0.0291541 8 1 5 1
52852 52554 298 2 0.0999349 0.0635705 0.0363645 7 2 7 2
53049 52885 164 3 0.499947 0.480235 0.0197114 7 2 6 1
54828 54576 252 7 0.199909 0.169413 0.0304964 6 3 6 3
54895 54805 90 4 0.499801 0.487423 0.0123781 6 3 6 3
55339 55025 314 9 0.699995 0.663481 0.0365142 5 4 5 3
56268 56018 250 0 0.399931 0.371534 0.0283971 6 3 5 3
56952 56714 238 8 0.699907 0.672469 0.027438 6 3 4 2
57264 56926 338 5 0.0999644 0.0619896 0.0379748 4 5 4 5
57531 57175 356 6 0.599931 0.557675 0.0422562 5 4 5 4
57938 57869 69 1 0.399931 0.392104 0.00782674 6 3 6 3
58597 58532 65 3 0.599989 0.59016 0.00982964 6 3 4 2
59184 59120 64 2 0.696021 0.687997 0.00802421 6 3 3 2
