919 781 138 3 0.899997 0.884804 0.0151928 6 0 6 0
1060 750 310 7 0.899935 0.863401 0.0365345 4 0 4 0
1951 1588 363 0 0.799977 0.754393 0.0455844 5 1 5 1
2610 2485 125 7 0.899924 0.886183 0.0137411 7 1 6 1
2686 2421 265 6 0.699954 0.669222 0.0307317 8 1 8 1
3467 3157 310 4 0.599959 0.556449 0.0435098 5 4 5 4
3539 3274 265 1 0.599925 0.567969 0.0319564 8 1 8 1
4835 4761 74 0 0.767891 0.758065 0.00982582 8 1 7 1
5005 4869 136 5 0.399983 0.383255 0.0167289 6 3 6 3
5043 4931 112 9 0.399829 0.385555 0.0142742 7 2 7 2
5420 4694 726 3 0.599994 0.474165 0.125829 9 0 8 0
5722 5669 53 8 0.299934 0.290967 0.00896681 6 3 6 3
6619 6507 112 6 0.699891 0.685472 0.0144192 7 2 5 2
6953 6569 384 2 0.199939 0.153333 0.0466061 6 3 6 3
8053 7795 258 7 0.399952 0.365803 0.0341487 5 4 5 4
9391 9232 159 5 0.799849 0.778426 0.0214225 8 1 6 0
9480 9122 358 0 0.599945 0.557564 0.0423818 6 3 5 3
10152 10017 135 9 0.699924 0.682643 0.0172811 5 4 5 4
10619 10322 297 1 0.399994 0.365258 0.0347364 7 2 7 2
11261 11033 228 4 0.299926 0.268499 0.0314266 5 4 5 4
11458 11192 266 6 0.599982 0.568415 0.0315668 7 2 7 2
11952 11884 68 8 0.599932 0.590458 0.00947472 5 4 5 4
13206 12808 398 5 0.699958 0.649791 0.0501666 8 1 6 1
14250 14197 53 3 0.199897 0.191848 0.0080486 6 3 6 3
15002 14879 123 1 0.799907 0.785202 0.0147056 7 2 5 1
15759 15632 127 9 0.4999 0.483658 0.0162424 8 1 7 0
15890 15565 325 7 0.39993 0.361705 0.0382256 7 2 6 1
16190 15893 297 4 0.799912 0.765849 0.0340632 6 3 4 2
16607 16379 228 0 0.399907 0.372309 0.0275979 7 2 7 2
17469 17121 348 2 0.199925 0.160803 0.039122 5 4 5 4
19153 18967 186 6 0.299978 0.276398 0.02358 4 5 4 5
19736 19437 299 8 0.299795 0.263887 0.0359081 8 1 8 1
20600 20495 105 5 0.299989 0.28733 0.012659 8 1 7 1
20709 20520 189 4 0.599939 0.577263 0.0226761 7 2 6 2
20982 20787 195 3 0.599913 0.578409 0.0215048 7 2 7 1
21100 20855 245 1 0.39996 0.369294 0.0306661 5 4 4 4
23055 22969 86 9 0.399942 0.388541 0.0114014 4 5 4 5
23640 23429 211 0 0.499921 0.471433 0.0284884 4 5 3 5
23672 23310 362 4 0.899911 0.854558 0.0453536 9 0 4 0
25220 25104 116 4 0.89999 0.885555 0.0144354 9 0 3 0
25262 25127 135 7 0.199918 0.183894 0.0160238 7 2 7 2
25393 25234 159 5 0.799975 0.78201 0.0179654 9 0 3 0
25427 25077 350 2 0.499994 0.458125 0.0418694 7 2 6 2
25531 25171 360 3 0.699932 0.657424 0.0425082 8 1 6 1
27015 26962 53 8 0.499913 0.494092 0.00582111 5 4 5 4
27234 27045 189 1 0.599899 0.577808 0.0220908 6 3 6 3
28096 27969 127 6 0.299941 0.281794 0.0181467 7 2 7 2
29377 29071 306 4 0.599938 0.561403 0.0385359 7 2 6 2
30607 30282 325 3 0.599964 0.561435 0.0385295 7 2 6 1
30845 30510 335 9 0.399958 0.361874 0.0380846 7 2 7 2
30888 30750 138 8 0.799907 0.782309 0.0175974 7 2 5 2
31130 30882 248 0 0.399901 0.369228 0.0306729 5 4 4 3
32087 31807 280 2 0.499909 0.467853 0.0320559 8 1 8 1
32320 32063 257 5 0.299968 0.26709 0.0328777 7 2 7 2
34225 33900 325 1 0.399923 0.359021 0.0409023 7 2 7 2
34590 34406 184 7 0.299961 0.277535 0.0224265 6 3 6 3
34658 34560 98 4 0.599843 0.588201 0.0116419 5 4 4 4
34664 34314 350 6 0.59996 0.555315 0.0446442 6 3 5 3
36358 36224 134 0 0.699939 0.682996 0.0169437 4 5 4 5
37529 37445 84 3 0.399941 0.390256 0.00968458 7 2 7 2
37935 37670 265 9 0.499952 0.466843 0.0331087 7 2 7 2
38411 38294 117 8 0.199986 0.18555 0.0144366 5 4 5 4
38478 38157 321 6 0.799983 0.760595 0.0393877 6 3 4 2
38733 38519 214 1 0.799997 0.774775 0.0252218 8 1 5 1
38763 38494 269 2 0.499959 0.467104 0.0328554 6 3 6 3
39751 39624 127 4 0.599997 0.583792 0.0162049 6 3 5 2
42619 42498 121 3 0.699965 0.686146 0.0138196 9 0 8 0
42965 42604 361 0 0.399779 0.356409 0.0433697 7 2 7 2
43284 42928 356 5 0.099987 0.0577499 0.0422371 9 0 9 0
43318 42980 338 1 0.599974 0.557617 0.0423564 8 1 8 1
44819 44697 122 4 0.599868 0.585709 0.0141585 9 0 8 0
45288 44980 308 7 0.0999449 0.0618983 0.0380466 6 3 6 3
45982 45869 113 8 0.499907 0.484763 0.0151444 7 2 7 2
46112 45984 128 9 0.299897 0.285013 0.0148839 4 5 4 5
46319 45980 339 6 0.199954 0.158686 0.041268 5 4 5 4
47656 47597 59 2 0.182104 0.175383 0.00672105 5 4 5 4
48769 48527 242 1 0.599949 0.571235 0.0287131 5 4 4 4
49797 49731 66 3 0.299993 0.292991 0.00700125 6 3 5 3
49901 49800 101 0 0.499899 0.486524 0.0133755 5 4 5 4
49931 49878 53 4 0.599923 0.591096 0.00882635 7 2 6 2
50765 50467 298 5 0.599941 0.563106 0.0368348 6 3 4 3
51717 51469 248 8 0.59998 0.568143 0.0318368 6 3 4 2
52701 52446 255 7 0.599903 0.565902 0.0340004 7 2 6 2
53413 53141 272 9 0.499943 0.469301 0.0306416 6 3 6 3
54374 54047 327 4 0.699944 0.661569 0.0383753 8 1 7 1
54754 54392 362 2 0.599905 0.554813 0.0450916 6 3 5 2
54937 54603 334 6 0.399975 0.360561 0.0394143 9 0 9 0
56224 55963 261 5 0.599995 0.570164 0.0298305 7 2 7 1
56494 56270 224 1 0.299995 0.271127 0.0288682 4 5 3 5
56931 56804 127 3 0.499891 0.482883 0.0170084 7 2 6 2
57291 56991 300 0 0.399958 0.365272 0.034686 7 2 7 1
57578 57288 290 9 0.799891 0.761951 0.0379403 7 2 5 0
57978 57742 236 7 0.599955 0.568219 0.0317356 6 3 6 3
