921 805 116 1 0.899825 0.885213 0.0146126 7 0 7 0
1544 1491 53 9 0.799917 0.792879 0.00703857 7 1 7 1
1677 1551 126 5 0.799854 0.782383 0.0174715 8 0 8 0
2440 2387 53 2 0.699977 0.692871 0.00710602 7 2 7 2
2472 2391 81 0 0.69985 0.68941 0.0104404 7 2 7 2
2474 2360 114 3 0.699799 0.684126 0.0156732 7 1 7 1
2527 2397 130 4 0.699906 0.681735 0.0181714 7 2 7 2
2569 2395 174 7 0.699988 0.680159 0.0198291 8 1 8 1
3358 3210 148 6 0.599971 0.582676 0.0172948 5 4 5 4
5160 4969 191 8 0.399968 0.377735 0.0222329 6 3 6 3
5235 4856 379 9 0.699983 0.652347 0.0476367 8 1 7 1
5638 5564 74 1 0.499966 0.490138 0.00982873 8 1 8 1
6207 6122 85 2 0.69993 0.689712 0.0102184 6 3 6 3
6317 6144 173 0 0.699904 0.677185 0.022719 9 0 8 0
7346 7035 311 3 0.599998 0.565084 0.0349142 8 1 7 1
8051 7952 99 4 0.499994 0.489033 0.0109607 3 6 3 6
8458 8348 110 5 0.299933 0.287842 0.0120911 7 2 7 2
8636 8443 193 6 0.599938 0.577511 0.0224265 7 2 6 2
8910 8857 53 7 0.399997 0.393834 0.00616354 8 1 8 1
9466 9137 329 9 0.699852 0.662239 0.0376135 7 2 7 1
11104 10939 165 0 0.599894 0.578811 0.0210835 6 3 5 3
11860 11555 305 2 0.499988 0.465715 0.0342729 5 4 5 4
11931 11709 222 4 0.799968 0.772386 0.027582 7 2 6 1
12107 11789 318 8 0.499948 0.460703 0.0392443 7 2 7 2
12768 12455 313 3 0.599921 0.563868 0.0360534 8 1 7 1
12809 12691 118 1 0.399955 0.384603 0.0153518 6 3 6 3
13113 12999 114 7 0.799992 0.783855 0.0161371 8 1 4 0
15355 14972 383 9 0.499997 0.450864 0.0491328 9 0 8 0
16335 16248 87 3 0.799958 0.790397 0.00956111 8 1 6 0
16362 16135 227 6 0.299932 0.271818 0.0281138 7 2 7 2
16423 16341 82 5 0.399972 0.388223 0.0117495 7 2 7 2
17353 17003 350 0 0.499988 0.46063 0.0393575 5 4 5 4
17918 17769 149 4 0.399994 0.380114 0.0198802 5 4 5 4
18282 18083 199 7 0.499956 0.474898 0.025058 6 3 5 3
19359 19088 271 2 0.399909 0.367479 0.0324298 9 0 9 0
20399 20088 311 9 0.699931 0.663378 0.0365535 8 1 5 1
21036 20979 57 8 0.199995 0.193117 0.00687796 6 3 6 3
21266 21025 241 1 0.29999 0.269775 0.030215 7 2 6 2
21532 21309 223 3 0.499896 0.472954 0.0269418 8 1 8 1
22832 22628 204 6 0.599947 0.575144 0.0248032 7 2 7 2
23071 22880 191 4 0.699905 0.675959 0.0239459 7 2 5 2
24116 23913 203 5 0.399909 0.374952 0.0249576 5 4 5 4
24636 24304 332 9 0.699912 0.657154 0.0427583 6 3 4 3
25485 25375 110 7 0.399906 0.385162 0.0147442 5 4 4 4
25569 25384 185 0 0.299982 0.274104 0.0258779 7 2 7 2
27042 26838 204 4 0.699966 0.677471 0.0224947 6 3 6 3
27140 26991 149 2 0.39993 0.383077 0.0168525 7 2 7 2
27155 27031 124 6 0.699946 0.682275 0.0176703 7 2 5 2
27241 26861 380 3 0.599975 0.554205 0.04577 8 1 7 1
29665 29389 276 9 0.599901 0.568315 0.0315852 6 3 6 1
30068 30010 58 8 0.299992 0.291662 0.00832968 6 3 6 3
30279 29971 308 1 0.299944 0.263521 0.0364226 8 1 8 1
30938 30738 200 3 0.799919 0.775471 0.0244477 8 1 6 1
31213 31093 120 0 0.699926 0.684219 0.0157076 6 3 5 2
31488 31275 213 7 0.599948 0.574723 0.0252252 6 3 6 3
32862 32656 206 6 0.499858 0.474241 0.025617 5 4 5 4
33069 32944 125 2 0.599891 0.583272 0.0166195 6 3 5 3
33473 33322 151 5 0.199978 0.182782 0.0171956 5 4 5 4
33584 33441 143 4 0.399948 0.382466 0.0174822 5 4 5 4
35983 35726 257 7 0.699898 0.669304 0.030594 9 0 6 0
35993 35787 206 0 0.599927 0.575613 0.0243133 7 2 7 2
36364 36276 88 8 0.599959 0.589362 0.0105967 8 1 6 1
36742 36476 266 2 0.799914 0.768764 0.0311501 9 0 6 0
37447 37382 65 1 0.497458 0.490321 0.00713677 4 5 4 5
38732 38368 364 6 0.599972 0.555218 0.0447548 8 1 8 1
38895 38631 264 4 0.699957 0.668488 0.0314685 8 1 7 0
39022 38847 175 9 0.0999527 0.0768687 0.0230839 7 2 7 2
39291 39202 89 3 0.0999873 0.0896141 0.0103732 6 3 6 3
41318 41141 177 1 0.799917 0.777842 0.0220753 6 3 5 2
41380 41030 350 5 0.499917 0.45279 0.0471273 7 2 7 2
42602 42275 327 7 0.399892 0.35741 0.042481 6 3 6 3
43080 42715 365 0 0.399845 0.354687 0.0451573 5 4 5 4
43628 43377 251 2 0.299938 0.266973 0.0329658 5 4 5 4
43753 43540 213 4 0.599996 0.575695 0.024301 7 2 7 2
44034 43765 269 8 0.299985 0.267826 0.0321585 6 3 6 3
44596 44543 53 1 0.699857 0.689722 0.0101352 7 2 6 2
44706 44603 103 6 0.499992 0.484412 0.0155807 5 4 5 4
45066 44701 365 3 0.799934 0.756172 0.0437625 7 2 7 1
47260 47012 248 5 0.599901 0.571548 0.0283524 8 1 6 1
47622 47480 142 1 0.799954 0.783319 0.0166342 6 3 5 2
47759 47432 327 0 0.799916 0.76151 0.038406 7 2 5 1
48607 48325 282 9 0.299993 0.268424 0.0315692 8 1 8 1
48711 48568 143 3 0.699954 0.682082 0.0178717 6 3 6 3
49370 49103 267 2 0.69992 0.667262 0.0326587 5 4 5 1
49453 49350 103 7 0.499864 0.485223 0.0146417 7 2 5 2
50003 49680 323 4 0.499905 0.461463 0.0384419 7 2 7 2
50609 50325 284 8 0.599945 0.566028 0.0339164 5 4 5 4
51874 51804 70 1 0.599798 0.588122 0.0116758 7 2 6 2
52176 51859 317 6 0.39992 0.362709 0.037211 7 2 7 2
52579 52474 105 3 0.699908 0.685107 0.014801 9 0 7 0
53358 53198 160 5 0.499949 0.480589 0.0193608 6 3 6 3
54870 54705 165 4 0.699904 0.678356 0.0215479 8 1 5 1
56006 55779 227 8 0.599937 0.571173 0.028764 7 2 4 2
56038 55707 331 2 0.399981 0.359368 0.0406133 8 1 7 1
56327 56127 200 0 0.0999287 0.0738316 0.0260971 7 2 7 2
56502 56340 162 3 0.699925 0.679623 0.0203026 9 0 6 0
56769 56453 316 9 0.399982 0.360915 0.0390668 7 2 7 2
56885 56555 330 7 0.399923 0.359094 0.0408288 5 4 5 4
59778 59676 102 5 0.499802 0.485178 0.014624 7 2 7 2
