1641 1559 82 7 0.799989 0.790587 0.00940229 8 0 8 0
3307 2996 311 0 0.599926 0.563554 0.0363716 8 0 8 0
3392 3153 239 2 0.59995 0.568884 0.0310666 9 0 9 0
3456 3273 183 5 0.599891 0.576372 0.0235186 8 1 8 1
3486 3262 224 4 0.599962 0.574221 0.0257404 9 0 9 0
3541 3189 352 6 0.599904 0.559516 0.0403876 7 1 7 1
4120 3990 130 8 0.499925 0.483711 0.0162148 9 0 9 0
5087 4955 132 7 0.699986 0.68359 0.0163958 7 2 4 2
6011 5662 349 9 0.299947 0.257502 0.0424457 7 2 7 2
6498 6445 53 3 0.19985 0.192698 0.00715209 6 3 6 3
7564 7423 141 1 0.0999686 0.0827156 0.0172531 9 0 9 0
8035 7713 322 4 0.69992 0.662414 0.0375055 7 2 7 2
8550 8417 133 0 0.59998 0.584076 0.015904 8 1 7 1
8774 8607 167 6 0.599911 0.58067 0.0192405 7 2 7 2
10707 10374 333 8 0.499922 0.458976 0.0409467 7 2 6 2
10908 10853 55 2 0.299824 0.292341 0.00748237 8 1 8 1
11572 11447 125 3 0.799919 0.783805 0.0161136 7 2 5 1
12084 11902 182 5 0.199918 0.177753 0.0221649 9 0 9 0
12223 11904 319 0 0.79989 0.761555 0.0383349 8 1 7 1
13206 13005 201 6 0.699869 0.676883 0.022986 7 2 6 1
14232 13914 318 7 0.0998906 0.0601031 0.0397875 6 3 6 3
14363 14029 334 9 0.399937 0.359146 0.0407906 7 2 7 2
14665 14578 87 8 0.791302 0.778251 0.013051 8 1 5 1
15009 14902 107 0 0.799908 0.785689 0.0142192 9 0 6 0
15140 14943 197 3 0.699988 0.67643 0.0235582 7 2 6 2
15380 15319 61 4 0.299964 0.291631 0.0083323 5 4 5 4
16560 16369 191 1 0.399953 0.376043 0.0239096 5 4 5 4
17361 17278 83 8 0.7999 0.790779 0.00912111 7 2 4 2
18324 17975 349 2 0.499922 0.458786 0.0411366 9 0 7 0
18834 18726 108 5 0.599979 0.58661 0.0133697 7 2 7 2
18954 18671 283 9 0.79996 0.766273 0.0336874 9 0 5 0
19033 18704 329 6 0.499951 0.458428 0.0415223 6 3 6 3
19054 18955 99 3 0.699922 0.685826 0.0140954 8 1 7 0
19546 19239 307 0 0.599909 0.563405 0.0365045 8 1 7 1
21474 21394 80 7 0.599892 0.588821 0.0110715 6 3 5 3
21510 21391 119 2 0.899995 0.882461 0.0175334 9 0 3 0
21888 21575 313 9 0.79995 0.762622 0.0373279 8 1 4 1
22228 22121 107 6 0.899913 0.887066 0.0128461 6 3 2 0
22461 22140 321 5 0.799954 0.761526 0.0384283 8 1 6 1
23314 23239 75 4 0.399989 0.387819 0.0121696 6 3 6 3
23730 23623 107 3 0.599996 0.586721 0.0132747 7 2 7 2
23896 23650 246 9 0.899997 0.872739 0.0272579 9 0 3 0
24300 24047 253 8 0.299908 0.267642 0.0322662 8 1 8 1
24753 24456 297 2 0.69992 0.659727 0.0401927 8 1 7 1
26044 25792 252 1 0.199977 0.17106 0.0289176 6 3 6 3
26968 26747 221 5 0.599957 0.573715 0.0262412 6 3 6 2
27496 27203 293 0 0.299962 0.26444 0.0355213 6 3 6 3
27707 27533 174 6 0.39998 0.377308 0.0226721 7 2 7 2
28117 27883 234 2 0.799932 0.773009 0.0269237 9 0 4 0
29432 29133 299 4 0.599953 0.565728 0.0342247 7 2 6 2
29474 29317 157 9 0.399891 0.380797 0.019094 6 3 6 3
30622 30511 111 3 0.399907 0.386536 0.0133705 6 3 6 3
30662 30609 53 7 0.099918 0.0924061 0.00751198 5 4 5 4
30713 30388 325 5 0.799848 0.758589 0.04126 6 3 5 1
30881 30680 201 8 0.599936 0.573249 0.026687 5 4 5 4
30926 30710 216 2 0.799971 0.773377 0.0265935 8 1 4 1
33301 32938 363 0 0.699923 0.657683 0.04224 6 3 5 3
33785 33601 184 6 0.599845 0.576531 0.0233134 7 2 6 2
33944 33654 290 9 0.799948 0.765054 0.0348944 8 1 6 0
34054 33707 347 4 0.699996 0.658306 0.0416906 9 0 8 0
34554 34417 137 1 0.399982 0.381929 0.0180533 8 1 8 1
35195 35111 84 8 0.699919 0.688281 0.0116378 6 3 5 2
35321 35005 316 5 0.599912 0.564067 0.035845 8 1 7 1
35589 35229 360 2 0.59999 0.558238 0.0417512 7 2 4 2
36555 36444 111 0 0.7999 0.78514 0.0147599 5 4 2 1
37612 37408 204 9 0.699986 0.676401 0.0235852 8 1 5 0
38482 38132 350 8 0.799974 0.759787 0.0401875 7 2 6 2
39144 39082 62 2 0.799973 0.791375 0.00859755 8 1 5 1
39384 39049 335 3 0.299894 0.258423 0.041471 7 2 7 1
39933 39766 167 9 0.899922 0.87903 0.020892 8 1 3 0
40401 40304 97 8 0.899839 0.886253 0.0135857 9 0 3 0
40530 40151 379 7 0.299923 0.252333 0.04759 7 2 7 2
40559 40237 322 1 0.599974 0.557456 0.0425179 7 2 7 2
41307 41175 132 6 0.29998 0.284712 0.0152683 6 3 6 2
41392 41307 85 4 0.299999 0.289204 0.0107956 6 3 6 3
41857 41717 140 8 0.899893 0.88265 0.0172421 9 0 2 0
42140 42084 56 5 0.399961 0.393291 0.00667048 7 2 7 2
42620 42311 309 0 0.399902 0.362098 0.0378035 7 2 7 2
43450 43141 309 8 0.899963 0.862714 0.037249 9 0 4 0
45395 45340 55 9 0.39992 0.392183 0.00773643 7 2 7 2
45766 45655 111 8 0.799951 0.787001 0.0129499 9 0 7 0
46689 46444 245 3 0.499913 0.468541 0.0313725 7 2 7 2
47037 46675 362 2 0.199921 0.156412 0.0435091 7 2 7 2
47320 47122 198 5 0.699989 0.677184 0.022805 7 2 6 1
47989 47789 200 7 0.499958 0.476049 0.0239086 6 3 6 3
48267 48145 122 1 0.299961 0.286304 0.0136576 6 3 6 3
49650 49371 279 0 0.499961 0.465011 0.0349501 8 1 7 1
50205 49909 296 8 0.599951 0.56654 0.0334108 6 3 5 3
50428 50347 81 9 0.699943 0.687266 0.0126761 5 4 5 4
50449 50146 303 4 0.29995 0.262402 0.0375479 7 2 7 2
50486 50155 331 6 0.299915 0.25989 0.0400256 4 5 4 5
53350 53059 291 3 0.499895 0.463791 0.0361034 7 2 7 2
54738 54431 307 5 0.299962 0.26099 0.0389722 8 1 8 1
55095 54768 327 2 0.499905 0.463323 0.0365827 7 2 7 2
55432 55211 221 0 0.59999 0.574 0.0259899 7 2 7 2
55501 55257 244 1 0.49997 0.471294 0.0286758 7 2 7 2
56251 55978 273 4 0.69995 0.667613 0.0323365 7 2 6 1
56348 56099 249 7 0.299958 0.271008 0.0289501 4 5 4 5
56885 56831 54 6 0.599972 0.59232 0.00765211 4 5 4 4
57157 56974 183 8 0.399914 0.376171 0.0237431 5 4 5 4
58359 58303 56 9 0.19993 0.192471 0.00745849 5 4 5 4
