2492 2421 71 2 0.699893 0.690353 0.0095406 6 0 6 0
2758 2438 320 8 0.69998 0.660905 0.0390756 9 0 9 0
3401 3261 140 9 0.599883 0.581781 0.0181017 8 1 8 1
3422 3287 135 6 0.599915 0.583646 0.0162698 8 1 8 1
4150 4079 71 7 0.4999 0.489374 0.0105254 6 3 6 3
5251 5040 211 0 0.399984 0.376555 0.0234291 9 0 9 0
5741 5594 147 1 0.299961 0.282325 0.0176357 7 2 7 2
6731 6604 127 4 0.199994 0.183233 0.0167608 5 4 5 4
6928 6647 281 5 0.199924 0.166076 0.0338474 7 2 7 2
7382 7256 126 3 0.0999415 0.0844479 0.0154936 7 2 7 2
11135 10979 156 6 0.299894 0.28132 0.0185739 8 1 8 1
11196 10909 287 9 0.299915 0.268118 0.0317969 6 3 6 3
11516 11282 234 2 0.0999609 0.0710238 0.028937 6 3 6 3
11991 11646 345 8 0.0999021 0.0594868 0.0404153 8 1 8 1
13099 12733 366 0 0.399975 0.358062 0.0419126 6 3 5 3
13711 13600 111 7 0.0998973 0.0849077 0.0149895 5 4 5 4
15683 15344 339 1 0.199923 0.155255 0.044668 4 5 4 5
16190 15880 310 4 0.299906 0.262481 0.0374255 6 3 5 3
17209 17006 203 5 0.199985 0.176489 0.0234963 7 2 7 2
18627 18546 81 3 0.0999593 0.0874289 0.0125304 5 4 5 4
20937 20823 114 9 0.199915 0.185939 0.0139759 7 2 7 2
21529 21450 79 6 0.0999654 0.0892532 0.0107122 8 1 8 1
22565 22440 125 7 0.399937 0.381453 0.0184838 7 2 6 1
22659 22429 230 0 0.199994 0.172362 0.0276315 8 1 7 1
22989 22817 172 2 0.0998994 0.0786141 0.0212853 7 2 7 2
23722 23375 347 8 0.0999339 0.0593727 0.0405611 4 5 3 5
26647 26478 169 5 0.299901 0.280719 0.0191816 6 3 5 3
26854 26711 143 1 0.0999635 0.0837696 0.0161939 7 2 7 2
27028 26698 330 4 0.0999894 0.0598129 0.0401765 7 2 7 2
29179 29077 102 3 0.19988 0.185386 0.0144935 7 2 7 2
