1812 1595 217 7 0.799992 0.774544 0.0254478 7 0 7 0
3439 3143 296 1 0.599851 0.565498 0.0343528 9 0 9 0
4279 4021 258 4 0.499947 0.4678 0.032147 7 2 7 2
4406 4123 283 9 0.499908 0.464162 0.0357456 8 1 8 1
5100 4879 221 3 0.399985 0.37321 0.0267748 8 1 8 1
5117 4841 276 5 0.399945 0.366769 0.0331759 9 0 9 0
5555 5493 62 8 0.299988 0.29111 0.00887848 5 4 5 4
5560 5507 53 2 0.299944 0.291842 0.00810166 5 4 5 4
5752 5620 132 6 0.299968 0.285282 0.0146861 7 2 7 2
7384 7291 93 0 0.099976 0.087825 0.012151 6 3 6 3
8701 8566 135 5 0.899993 0.882071 0.0179216 9 0 4 0
9675 9426 249 1 0.499996 0.469501 0.0304958 5 4 4 4
10537 10205 332 7 0.0998634 0.0610951 0.0387683 5 4 5 4
11498 11440 58 4 0.399953 0.391651 0.00830259 9 0 8 0
11953 11815 138 3 0.499956 0.4814 0.0185564 8 1 8 1
12088 11709 379 8 0.599994 0.554212 0.0457821 8 1 8 1
12573 12485 88 9 0.299889 0.287956 0.0119329 7 2 7 2
13338 13281 57 5 0.499897 0.492593 0.0073038 4 5 4 5
13684 13316 368 2 0.399935 0.355279 0.044656 5 4 5 4
15482 15260 222 6 0.199953 0.171748 0.028205 5 4 5 4
17517 17196 321 8 0.599986 0.56032 0.0396655 8 1 8 0
18144 17801 343 0 0.199968 0.159261 0.040707 5 4 5 4
18228 18171 57 3 0.499968 0.491663 0.00830504 7 2 7 2
18710 18492 218 1 0.199908 0.175564 0.0243437 6 3 6 3
19241 18913 328 9 0.599894 0.561899 0.0379952 7 2 5 2
19815 19758 57 4 0.299996 0.2905 0.00949626 3 6 3 6
19840 19570 270 5 0.499998 0.466948 0.03305 6 3 6 3
21080 21025 55 7 0.199895 0.192035 0.00785967 5 4 5 4
23927 23738 189 2 0.0999692 0.0755412 0.0244281 7 2 7 2
24484 24345 139 8 0.399948 0.382133 0.0178144 8 1 8 1
26386 26075 311 3 0.299891 0.263082 0.036809 8 1 8 1
26670 26416 254 6 0.0999901 0.0700062 0.0299839 7 2 7 2
27086 27033 53 1 0.399841 0.392157 0.0076839 8 1 8 1
27562 27290 272 0 0.299982 0.267541 0.0324409 6 3 6 3
28712 28462 250 9 0.0999287 0.0690985 0.0308302 4 5 4 5
29626 29563 63 5 0.0999984 0.0891115 0.0108868 4 5 4 5
