837 783 54 2 0.899891 0.893542 0.00634911 5 0 5 0
925 781 144 9 0.899966 0.881656 0.0183101 6 0 6 0
2528 2475 53 8 0.699879 0.690987 0.00889178 6 0 6 0
3344 3286 58 0 0.59992 0.591629 0.0082917 7 1 7 1
4277 3982 295 6 0.499931 0.463973 0.035958 8 1 8 1
4417 4111 306 5 0.499961 0.463885 0.0360764 7 1 7 1
4730 4380 350 2 0.59997 0.559008 0.0409626 9 0 9 0
6564 6293 271 1 0.19991 0.165436 0.0344739 8 1 8 1
6629 6347 282 9 0.399992 0.366687 0.0333045 7 2 7 2
7360 7306 54 7 0.0999092 0.0924605 0.00744864 5 4 5 4
7611 7401 210 3 0.0999516 0.0724099 0.0275417 8 1 8 1
7829 7442 387 4 0.0999279 0.0501053 0.0498226 5 4 5 4
10738 10388 350 8 0.199912 0.157254 0.0426585 5 4 5 4
10920 10733 187 0 0.299975 0.274954 0.0250213 6 3 6 3
13531 13298 233 5 0.199971 0.17254 0.0274315 6 3 6 3
14171 14043 128 6 0.0999462 0.0838486 0.0160976 8 1 8 1
14338 14073 265 2 0.0998954 0.068973 0.0309224 7 2 7 2
16698 16328 370 3 0.399939 0.357695 0.0422444 6 3 6 2
16803 16746 57 4 0.399958 0.391732 0.00822623 6 3 5 3
16924 16702 222 9 0.099999 0.0724696 0.0275294 7 2 7 2
17571 17373 198 1 0.0999443 0.0771797 0.0227646 7 2 7 2
18000 17719 281 7 0.199995 0.167435 0.0325599 6 3 6 3
20901 20519 382 0 0.19994 0.150462 0.0494782 7 2 7 2
20964 20859 105 8 0.199957 0.185008 0.0149488 5 4 5 4
22866 22683 183 5 0.299796 0.278228 0.0215681 7 2 7 2
24856 24554 302 6 0.199995 0.163872 0.0361229 7 2 7 2
25643 25581 62 2 0.0847564 0.0770553 0.00770108 9 0 9 0
26901 26747 154 3 0.099942 0.0808671 0.0190749 7 2 7 2
26983 26678 305 4 0.0999536 0.0645379 0.0354158 7 2 7 2
28472 28216 256 9 0.0998963 0.0687029 0.0311934 6 3 6 3
29050 28871 179 1 0.0998908 0.0773111 0.0225796 5 4 5 4
29237 28973 264 7 0.0999106 0.0682179 0.0316927 5 4 5 4
