883 830 53 1 0.899968 0.890373 0.0095957 5 0 5 0
1661 1608 53 4 0.799963 0.792661 0.0073022 9 0 9 0
2503 2441 62 3 0.69998 0.691378 0.00860222 6 1 6 1
4096 4006 90 5 0.499947 0.489708 0.0102385 9 0 9 0
5060 4859 201 8 0.399921 0.374501 0.02542 9 0 9 0
5783 5621 162 0 0.299936 0.279514 0.0204223 8 1 8 1
5840 5613 227 2 0.299937 0.272608 0.0273294 9 0 9 0
5966 5721 245 7 0.299898 0.271059 0.0288389 9 0 9 0
6531 6389 142 6 0.199963 0.181816 0.0181465 7 2 7 2
6769 6618 151 9 0.199913 0.181314 0.0185989 7 2 7 2
7141 7088 53 1 0.299949 0.291814 0.00813509 7 2 7 2
10147 9975 172 4 0.0999065 0.0765627 0.0233438 5 4 5 4
10476 10366 110 3 0.199926 0.182849 0.0170768 7 2 7 2
12493 12148 345 2 0.599908 0.558077 0.0418311 8 1 8 1
12674 12343 331 7 0.59999 0.56207 0.0379197 7 2 7 2
13717 13450 267 8 0.299989 0.269488 0.0305008 6 3 6 3
13816 13763 53 0 0.399925 0.39328 0.00664479 6 3 6 3
13859 13724 135 5 0.0999006 0.084804 0.0150966 7 2 7 2
15387 15103 284 9 0.399926 0.367401 0.0325252 6 3 6 3
15959 15684 275 6 0.299906 0.267455 0.0324504 6 3 6 3
16943 16654 289 1 0.199891 0.165459 0.0344315 8 1 8 1
20670 20502 168 4 0.199936 0.179072 0.0208632 8 1 8 1
20687 20364 323 3 0.199951 0.159956 0.0399947 8 1 8 1
21316 21145 171 7 0.199973 0.179197 0.0207761 8 1 8 1
22107 21766 341 2 0.0999256 0.0593301 0.0405955 8 1 7 1
22455 22144 311 0 0.299899 0.263364 0.0365355 6 3 6 3
24293 24110 183 8 0.0999764 0.0780379 0.0219385 4 5 4 5
24405 24155 250 5 0.199966 0.170552 0.0294141 6 3 6 3
24758 24666 92 6 0.299885 0.287307 0.012578 3 6 3 5
25220 25165 55 9 0.0999365 0.0917696 0.00816685 7 2 7 2
25679 25425 254 1 0.399967 0.369193 0.0307741 7 2 7 2
28316 28178 138 4 0.499873 0.482465 0.0174081 6 3 5 3
29760 29626 134 7 0.39989 0.382716 0.0171742 7 2 6 2
29936 29606 330 0 0.499982 0.459362 0.0406201 8 1 8 1
