878 704 174 9 0.899894 0.879058 0.0208363 4 0 4 0
1635 1570 65 4 0.799797 0.791076 0.00872073 8 0 8 0
2488 2348 140 6 0.699993 0.680143 0.0198494 7 1 7 1
2687 2386 301 5 0.699982 0.664799 0.0351839 8 0 8 0
3392 3258 134 0 0.599878 0.582743 0.0171347 6 3 6 3
3418 3259 159 7 0.599979 0.579304 0.0206755 7 2 7 2
5881 5715 166 8 0.299978 0.281645 0.0183324 9 0 9 0
6768 6443 325 1 0.199968 0.160998 0.0389697 8 1 8 1
6925 6564 361 4 0.499821 0.458964 0.0408573 7 2 7 2
7423 7273 150 3 0.0999824 0.0814681 0.0185142 7 2 7 2
7555 7290 265 2 0.0999544 0.0667285 0.0332259 9 0 9 0
8890 8648 242 9 0.0999657 0.0713817 0.0285839 7 2 7 2
11483 11144 339 6 0.0999501 0.0604657 0.0394844 6 3 6 3
11731 11467 264 5 0.0999975 0.0677134 0.0322842 6 3 6 3
12761 12614 147 7 0.0999054 0.0817584 0.018147 4 5 3 5
12830 12609 221 0 0.0999535 0.0714597 0.0284938 5 4 5 4
13945 13890 55 8 0.39993 0.391799 0.00813015 6 3 5 3
15379 15209 170 1 0.399955 0.379473 0.0204818 5 4 5 4
16966 16708 258 4 0.099964 0.0686621 0.031302 5 4 5 4
18005 17688 317 9 0.399945 0.360942 0.0390029 7 2 7 2
18242 18038 204 2 0.199999 0.174627 0.0253719 6 3 5 3
18854 18516 338 3 0.0999932 0.0587373 0.0412559 7 2 7 2
19638 19493 145 6 0.499986 0.481271 0.0187156 8 1 7 0
21555 21369 186 5 0.299771 0.27837 0.0214004 6 3 6 3
21742 21533 209 7 0.399939 0.373102 0.0268371 6 3 5 3
22412 22048 364 1 0.499972 0.455561 0.0444103 7 2 6 2
23317 23251 66 0 0.199938 0.192179 0.00775957 5 4 5 4
23996 23943 53 8 0.099922 0.0928027 0.00711934 7 2 7 2
25748 25598 150 9 0.399935 0.380131 0.0198038 8 1 8 1
27611 27532 79 6 0.299915 0.288804 0.0111108 9 0 9 0
28341 28234 107 4 0.0999819 0.0870127 0.0129692 8 1 8 1
28697 28519 178 5 0.499954 0.47638 0.0235731 7 2 6 2
29355 29191 164 2 0.0999772 0.0810782 0.0188989 9 0 9 0
29535 29363 172 3 0.199976 0.178497 0.0214794 9 0 9 0
