1827 1616 211 3 0.799992 0.77304 0.0269522 4 0 4 0
3536 3343 193 4 0.599947 0.576312 0.0236348 6 1 7 1
3556 3209 347 9 0.599926 0.56048 0.0394465 9 0 9 0
4220 4014 206 8 0.499937 0.475594 0.024343 8 1 8 1
5081 4746 335 5 0.399927 0.36176 0.0381665 8 1 8 1
6593 6470 123 0 0.199955 0.181645 0.0183101 7 2 7 2
6739 6488 251 2 0.199993 0.169007 0.030986 9 0 9 0
6876 6716 160 7 0.199893 0.180525 0.0193686 7 2 7 2
7004 6676 328 1 0.199999 0.160648 0.0393513 7 2 7 2
7471 7366 105 6 0.099976 0.0864913 0.0134847 5 4 5 4
9641 9458 183 9 0.499939 0.477997 0.0219423 8 1 6 1
10394 10223 171 3 0.0999392 0.0777888 0.0221504 4 5 4 5
10924 10552 372 8 0.499779 0.453715 0.0460639 4 5 4 5
12807 12721 86 4 0.0997961 0.0859233 0.0138728 6 3 6 3
13574 13481 93 5 0.288169 0.274731 0.0134386 7 2 6 2
14677 14562 115 1 0.499944 0.481318 0.0186261 7 2 7 2
15138 14802 336 0 0.399902 0.358835 0.0410665 8 1 8 1
17223 17000 223 6 0.299893 0.273394 0.0264986 6 3 5 3
17780 17643 137 2 0.0999738 0.0831723 0.0168015 7 2 7 2
18012 17735 277 7 0.0999643 0.0661502 0.0338141 9 0 9 0
19310 19005 305 8 0.299911 0.264033 0.0358781 8 1 8 1
19403 19203 200 9 0.0999603 0.0752556 0.0247047 7 2 7 2
21895 21560 335 3 0.0999781 0.0548746 0.0451035 5 4 5 4
22395 22288 107 4 0.299912 0.286122 0.0137893 4 5 4 5
22601 22372 229 5 0.299966 0.274498 0.0254674 5 4 5 4
24380 24326 54 1 0.0999022 0.0920247 0.00787754 6 3 6 3
25408 25184 224 6 0.399983 0.373078 0.0269051 6 3 6 3
25484 25277 207 0 0.0999956 0.0761057 0.0238898 9 0 9 0
26284 26042 242 7 0.499953 0.471419 0.028534 8 1 6 1
29009 28955 54 8 0.199969 0.192308 0.00766093 7 2 7 2
29158 28876 282 2 0.099932 0.0677291 0.032203 7 2 7 2
29541 29473 68 4 0.499836 0.491091 0.00874556 6 3 5 3
