896 771 125 3 0.899986 0.882683 0.0173035 5 0 5 0
901 702 199 7 0.899983 0.876543 0.0234396 8 0 8 0
1732 1569 163 8 0.799949 0.778332 0.0216171 8 0 8 0
1755 1603 152 2 0.799918 0.780071 0.0198469 6 0 6 0
1760 1687 73 9 0.799945 0.789643 0.0103021 7 0 7 0
2484 2378 106 5 0.699957 0.686182 0.0137759 8 1 8 1
4816 4688 128 7 0.599983 0.584235 0.0157484 9 0 8 0
5047 4880 167 4 0.399879 0.379479 0.0204006 9 0 9 0
5090 4895 195 0 0.399902 0.377321 0.0225811 8 1 8 1
5727 5599 128 6 0.299786 0.284022 0.0157637 8 1 8 1
6894 6584 310 1 0.199948 0.161473 0.0384751 6 3 6 3
6958 6734 224 8 0.49996 0.471667 0.0282933 8 1 7 1
8760 8696 64 3 0.0999478 0.0907459 0.00920184 6 3 6 3
9266 9035 231 9 0.199928 0.171188 0.0287402 6 3 6 3
9666 9517 149 5 0.299989 0.279607 0.0203824 6 3 6 3
10279 10038 241 2 0.0999591 0.0701498 0.0298093 4 5 4 5
11887 11698 189 4 0.499955 0.478099 0.0218554 7 2 7 2
11988 11931 57 6 0.599829 0.591024 0.00880514 5 4 5 4
13845 13485 360 0 0.299895 0.256841 0.0430538 7 2 6 2
14227 13987 240 7 0.099995 0.0703375 0.0296575 6 3 6 3
14230 14068 162 8 0.399986 0.380827 0.0191584 6 3 4 3
16184 16131 53 1 0.299964 0.292373 0.00759099 5 4 5 4
17884 17725 159 9 0.39998 0.381285 0.0186952 7 2 7 2
18377 18254 123 2 0.499931 0.484341 0.0155897 9 0 8 0
19714 19627 87 3 0.0998529 0.0884 0.0114529 7 2 7 2
19812 19759 53 4 0.299947 0.292026 0.0079209 5 4 5 4
20370 20276 94 6 0.199918 0.186808 0.0131098 9 0 9 0
20534 20238 296 5 0.0999345 0.067015 0.0329195 8 1 8 1
21380 21098 282 0 0.499898 0.467546 0.0323526 8 1 6 1
23046 22984 62 7 0.39994 0.391885 0.00805465 8 1 8 1
23560 23395 165 8 0.199932 0.180236 0.0196956 6 3 6 3
24320 23967 353 1 0.399929 0.353691 0.0462372 6 3 6 3
25610 25523 87 2 0.399943 0.386584 0.0133586 7 2 7 2
26185 26010 175 4 0.599957 0.580716 0.0192411 4 5 4 4
27969 27651 318 0 0.499972 0.462795 0.0371767 6 3 6 3
28115 27879 236 9 0.0999959 0.0691627 0.0308332 7 2 7 2
29284 29229 55 5 0.4 0.392868 0.00713217 8 1 8 1
