795 741 54 2 0.899934 0.892479 0.00745503 7 0 7 0
1736 1602 134 8 0.799944 0.782884 0.0170609 8 0 8 0
1800 1504 296 0 0.799929 0.766849 0.0330801 8 0 8 0
2624 2422 202 9 0.699887 0.675411 0.0244758 7 1 7 1
2649 2398 251 3 0.699974 0.669095 0.0308799 7 2 7 2
2737 2501 236 5 0.699982 0.672344 0.0276387 6 1 6 1
3382 3221 161 7 0.599967 0.580232 0.0197355 6 2 6 2
4879 4826 53 3 0.899844 0.892455 0.00738884 8 1 4 1
5008 4955 53 4 0.399978 0.392794 0.00718405 6 3 6 3
5041 4858 183 1 0.399896 0.379727 0.0201689 8 1 8 1
5195 5057 138 8 0.69997 0.680596 0.0193733 7 1 7 1
6087 5790 297 6 0.299997 0.263734 0.0362622 8 1 8 1
8061 7883 178 2 0.199911 0.178264 0.0216473 6 3 6 3
8949 8595 354 0 0.299985 0.253468 0.0465174 8 1 8 1
9491 9422 69 3 0.499901 0.489922 0.00997905 6 3 6 3
10289 10112 177 7 0.399927 0.378268 0.021658 7 2 6 2
10853 10509 344 9 0.199991 0.158018 0.0419727 6 3 6 3
11593 11468 125 8 0.399987 0.385368 0.0146198 5 4 5 4
11846 11554 292 5 0.0999724 0.06668 0.0332924 5 4 5 4
14565 14246 319 1 0.199967 0.163089 0.0368789 7 2 7 2
15048 14873 175 4 0.0999503 0.0787936 0.0211567 8 1 8 1
15553 15463 90 2 0.5 0.487581 0.0124193 8 1 7 1
16114 15789 325 6 0.199921 0.15947 0.0404516 8 1 8 1
17593 17393 200 3 0.29997 0.277116 0.0228544 5 4 5 4
18555 18495 60 9 0.499915 0.491726 0.00818924 5 4 4 4
19744 19457 287 0 0.0999716 0.0661444 0.0338272 8 1 8 1
20420 20304 116 7 0.0999094 0.084381 0.0155284 5 4 5 4
21103 20821 282 8 0.199897 0.164603 0.0352938 9 0 9 0
21923 21587 336 5 0.299941 0.261146 0.0387941 7 2 6 2
24196 23876 320 1 0.299953 0.261756 0.0381976 6 3 5 2
24446 24156 290 2 0.199902 0.165611 0.0342909 6 3 6 3
25685 25598 87 3 0.399999 0.389561 0.0104386 6 3 6 2
25713 25428 285 4 0.199897 0.166 0.0338969 7 2 7 2
25817 25550 267 9 0.399901 0.367962 0.0319393 5 4 5 4
26527 26217 310 6 0.199892 0.161918 0.0379743 4 5 4 5
28870 28642 228 8 0.499974 0.474311 0.0256622 8 1 6 1
29720 29389 331 0 0.299922 0.257134 0.0427881 6 3 6 3
