1770 1568 202 8 0.799932 0.775077 0.0248548 6 0 6 0
2572 2382 190 2 0.699924 0.676521 0.0234032 7 0 7 0
2602 2361 241 1 0.699989 0.669384 0.0306045 6 1 6 1
3327 3216 111 0 0.599905 0.586697 0.0132083 8 1 8 1
3486 3321 165 3 0.59993 0.580153 0.0197764 8 1 8 1
4232 4023 209 9 0.499903 0.476922 0.0229811 4 5 4 5
4893 4840 53 6 0.399984 0.392642 0.00734142 5 4 5 4
4894 4797 97 5 0.399937 0.388286 0.0116508 9 0 9 0
5250 4933 317 7 0.399892 0.360192 0.0397006 9 0 9 0
6803 6503 300 4 0.199927 0.163723 0.0362039 5 4 5 4
8389 8300 89 0 0.599967 0.5878 0.012167 7 2 6 1
8799 8638 161 8 0.299971 0.280132 0.0198385 7 2 7 2
9457 9344 113 3 0.499926 0.486043 0.0138832 9 0 9 0
9807 9753 54 2 0.299902 0.292235 0.0076666 4 5 3 5
10934 10730 204 1 0.199914 0.176252 0.0236613 6 3 6 3
12288 12080 208 7 0.499917 0.472465 0.0274523 9 0 8 0
13324 13123 201 6 0.299913 0.274573 0.0253398 7 2 7 2
13572 13210 362 5 0.299957 0.2555 0.0444579 8 1 8 1
14203 13882 321 9 0.0999486 0.063426 0.0365227 7 2 7 2
16045 15916 129 4 0.299935 0.284694 0.0152415 6 3 6 3
16635 16322 313 3 0.399898 0.364484 0.0354141 6 3 6 3
16817 16760 57 2 0.478103 0.471847 0.00625677 9 0 8 0
17744 17567 177 0 0.0999351 0.0784403 0.0214948 5 4 5 4
19519 19143 376 8 0.0999032 0.053948 0.0459551 7 2 7 2
20197 20086 111 1 0.299907 0.285806 0.0141011 7 2 7 2
21426 21149 277 7 0.199976 0.167594 0.0323811 6 3 6 3
23213 23120 93 4 0.499967 0.487312 0.0126552 5 4 5 4
23329 22960 369 6 0.199911 0.153469 0.0464416 6 3 6 3
23513 23208 305 5 0.199894 0.164172 0.0357222 8 1 8 1
23831 23469 362 3 0.499897 0.456827 0.0430701 8 1 5 1
24877 24659 218 9 0.199905 0.172052 0.0278533 6 3 6 3
25157 24810 347 2 0.299929 0.259306 0.0406221 7 2 7 2
27539 27374 165 0 0.299905 0.280597 0.0193078 6 3 5 2
28311 28198 113 7 0.599981 0.584902 0.0150787 6 3 6 2
29932 29737 195 1 0.199954 0.175088 0.0248668 8 1 8 1
