908 766 142 5 0.899957 0.881699 0.0182585 5 0 5 0
1653 1600 53 1 0.799856 0.791867 0.00798849 7 0 7 0
1824 1599 225 0 0.799966 0.770725 0.029241 6 0 6 0
2561 2449 112 9 0.699973 0.687016 0.0129567 7 1 7 1
2602 2389 213 3 0.699916 0.672364 0.0275521 7 0 7 0
3354 3198 156 4 0.599918 0.582524 0.0173937 7 2 7 2
3701 3340 361 7 0.599915 0.552389 0.047526 7 1 7 1
5208 4867 341 6 0.399958 0.35857 0.0413882 7 2 7 2
6725 6504 221 8 0.199955 0.172421 0.0275341 8 1 8 1
6832 6499 333 2 0.1999 0.15986 0.0400405 8 1 8 1
7595 7387 208 1 0.399916 0.374053 0.0258633 6 3 6 3
8191 8005 186 9 0.499981 0.478368 0.0216132 6 3 6 3
8862 8806 56 5 0.0999853 0.0909611 0.00902418 5 4 5 4
10409 10149 260 0 0.0999279 0.0665138 0.0334141 7 2 7 2
10719 10509 210 3 0.1999 0.17433 0.0255707 7 2 7 2
12319 12214 105 7 0.199999 0.185943 0.0140563 7 2 7 2
12767 12517 250 4 0.0998341 0.0687801 0.031054 7 2 7 2
13853 13659 194 6 0.299908 0.276049 0.0238593 5 4 5 4
14636 14416 220 2 0.499896 0.471047 0.0288485 6 3 6 2
15982 15868 114 8 0.299862 0.283877 0.0159843 7 2 6 2
16488 16144 344 9 0.299992 0.259226 0.0407656 6 3 5 3
17782 17590 192 1 0.0999026 0.0761639 0.0237388 6 3 6 3
17787 17574 213 0 0.599933 0.575638 0.0242955 7 2 7 2
17865 17536 329 5 0.399835 0.36027 0.0395649 8 1 8 1
18283 18193 90 3 0.499949 0.48789 0.0120586 6 3 5 3
21719 21463 256 7 0.299987 0.269632 0.0303551 7 2 7 2
21832 21574 258 4 0.399905 0.370433 0.0294715 9 0 9 0
24403 24267 136 2 0.0999434 0.0837712 0.0161722 7 2 7 2
24713 24344 369 6 0.0998313 0.0536516 0.0461797 7 2 7 2
26454 26189 265 0 0.199933 0.168231 0.031702 8 1 8 1
26602 26353 249 8 0.0999137 0.0701727 0.029741 6 3 6 3
27197 27127 70 5 0.199856 0.189157 0.010699 6 3 6 3
27219 26989 230 9 0.0999434 0.072652 0.0272914 8 1 8 1
27757 27427 330 1 0.29996 0.261461 0.0384986 6 3 6 3
28229 27882 347 3 0.0999191 0.0599665 0.0399526 4 5 4 5
