914 793 121 4 0.899939 0.884129 0.0158097 7 0 7 0
2739 2392 347 1 0.7 0.660301 0.039699 8 0 8 0
2757 2472 285 8 0.699842 0.663881 0.0359613 8 0 8 0
3302 3245 57 6 0.599978 0.591826 0.00815166 7 2 7 2
3984 3607 377 4 0.699925 0.652479 0.0474466 7 2 7 2
4247 3921 326 9 0.499945 0.462218 0.0377272 8 1 8 1
5957 5667 290 7 0.299896 0.267024 0.0328716 9 0 9 0
6074 5702 372 3 0.299952 0.252444 0.0475082 8 1 8 1
6624 6400 224 0 0.19999 0.174109 0.0258813 6 3 6 3
6701 6390 311 5 0.199955 0.162691 0.0372644 6 3 6 3
7505 7307 198 2 0.0999098 0.0773381 0.0225716 9 0 9 0
8669 8334 335 1 0.499962 0.461101 0.038861 8 1 8 1
9248 9154 94 6 0.49989 0.486321 0.0135692 4 5 4 5
10535 10481 54 4 0.399999 0.392646 0.00735301 4 5 4 5
10942 10778 164 8 0.199989 0.181459 0.0185298 7 2 7 2
12767 12388 379 9 0.299998 0.252264 0.0477339 7 2 7 2
13790 13737 53 6 0.699949 0.692515 0.00743399 8 1 6 1
14363 14308 55 5 0.499913 0.492849 0.00706432 6 3 6 3
15053 14802 251 7 0.299936 0.27123 0.0287058 7 2 7 2
15215 14931 284 3 0.299932 0.266502 0.0334296 7 2 7 2
15307 15072 235 0 0.39992 0.373783 0.0261365 7 2 7 2
16644 16331 313 4 0.599939 0.563022 0.0369178 8 1 8 1
16795 16692 103 6 0.799969 0.787225 0.0127442 8 1 3 0
16979 16799 180 1 0.299957 0.277909 0.0220485 6 3 6 3
19212 18839 373 2 0.0999579 0.0559745 0.0439833 8 1 8 1
19434 19299 135 4 0.899893 0.884973 0.0149207 8 1 4 0
19541 19365 176 8 0.399964 0.379287 0.020677 5 4 4 4
20374 20029 345 9 0.499985 0.456692 0.0432926 8 1 6 1
21095 20968 127 6 0.599922 0.585242 0.01468 6 3 6 3
21358 21172 186 0 0.599961 0.576158 0.0238032 8 1 7 1
22578 22363 215 3 0.499974 0.47552 0.0244546 4 5 4 5
23342 23078 264 7 0.399923 0.368966 0.030957 5 4 5 4
23486 23135 351 5 0.19983 0.157017 0.0428137 5 4 5 4
24169 24005 164 4 0.499845 0.481144 0.0187006 6 3 5 2
25209 24881 328 1 0.399901 0.362339 0.0375624 7 2 6 2
26606 26386 220 3 0.79977 0.772543 0.027227 8 1 5 0
27087 26792 295 9 0.499986 0.464293 0.0356925 7 2 6 2
28263 28089 174 2 0.399858 0.376592 0.0232664 7 2 7 2
28869 28713 156 8 0.19996 0.180782 0.0191781 8 1 8 1
29144 28916 228 0 0.299907 0.272616 0.0272912 6 3 6 3
