919 781 138 3 0.899997 0.884804 0.0151928 6 0 6 0
1060 750 310 7 0.899935 0.863401 0.0365345 4 0 4 0
1783 1607 176 6 0.799995 0.776702 0.0232933 6 0 6 0
2486 2359 127 5 0.699973 0.684422 0.0155515 7 0 7 0
2687 2335 352 9 0.699941 0.659382 0.0405592 8 1 8 1
2698 2347 351 0 0.699941 0.659508 0.0404336 7 1 7 1
3317 3201 116 4 0.599932 0.585751 0.014181 8 1 8 1
4190 4089 101 8 0.499952 0.485519 0.014433 7 2 7 2
4403 4052 351 2 0.499964 0.458274 0.0416901 8 1 8 1
4837 4665 172 3 0.599916 0.577607 0.0223094 8 1 8 1
6835 6733 102 7 0.399891 0.387026 0.0128646 5 4 5 4
7628 7490 138 1 0.0998999 0.0809233 0.0189766 7 2 7 2
7699 7414 285 9 0.599892 0.56642 0.0334719 9 0 8 0
7989 7930 59 5 0.499951 0.491575 0.00837643 7 2 6 2
8567 8283 284 4 0.599942 0.567253 0.0326886 9 0 8 0
9539 9245 294 6 0.199972 0.1644 0.0355718 7 2 7 2
10122 10044 78 0 0.29993 0.289126 0.0108039 6 3 6 3
11455 11298 157 8 0.399984 0.380461 0.0195237 6 3 6 3
11760 11697 63 2 0.380402 0.372159 0.00824338 7 2 6 2
12623 12360 263 3 0.29994 0.266182 0.0337573 6 3 6 3
13674 13549 125 7 0.499961 0.483855 0.0161059 8 1 8 0
15285 15064 221 5 0.399976 0.374476 0.0255001 7 2 6 1
15713 15377 336 9 0.299949 0.259391 0.0405587 6 3 6 3
16438 16347 91 1 0.399928 0.387755 0.0121736 8 1 8 1
17255 17035 220 4 0.19991 0.173399 0.0265112 9 0 8 0
17678 17433 245 7 0.799891 0.769784 0.0301065 9 0 5 0
18071 17936 135 0 0.39992 0.382872 0.0170475 5 4 5 4
18406 18151 255 8 0.499923 0.470642 0.0292816 5 4 4 4
18955 18779 176 6 0.299937 0.277624 0.0223127 6 3 6 2
19500 19350 150 2 0.39999 0.381975 0.0180151 6 3 6 3
21365 21109 256 5 0.599963 0.569322 0.0306418 8 1 5 1
23129 22799 330 7 0.499914 0.459728 0.040186 7 2 7 2
23362 23203 159 3 0.0999122 0.0794034 0.0205087 7 2 7 2
24028 23726 302 9 0.3999 0.364856 0.0350434 7 2 6 2
24176 23952 224 4 0.599898 0.574902 0.0249959 8 1 7 1
24880 24718 162 8 0.499925 0.480616 0.0193094 6 3 6 2
24954 24677 277 1 0.299927 0.264238 0.0356883 7 2 7 2
26462 26359 103 0 0.299953 0.287135 0.0128179 6 3 6 3
26683 26494 189 5 0.59999 0.576633 0.0233568 6 3 5 3
26964 26841 123 6 0.399971 0.386004 0.0139672 5 4 5 4
28986 28739 247 2 0.199978 0.166931 0.0330474 7 2 7 2
29870 29657 213 3 0.699789 0.670698 0.0290911 7 2 5 1
