1657 1572 85 6 0.799954 0.788861 0.0110925 8 0 8 0
1717 1565 152 8 0.799893 0.781132 0.018761 7 0 7 0
2650 2416 234 3 0.699979 0.672624 0.0273552 5 0 5 0
3254 3157 97 2 0.599965 0.589304 0.0106611 8 1 8 1
3390 3035 355 4 0.599772 0.55599 0.0437822 8 1 8 1
3406 3299 107 1 0.599984 0.587156 0.0128285 7 1 7 1
4029 3725 304 7 0.499996 0.463333 0.0366629 7 1 7 1
4249 4108 141 0 0.499928 0.479019 0.0209085 8 0 8 0
6102 5945 157 8 0.599895 0.582421 0.0174738 6 3 6 3
6345 6250 95 5 0.199961 0.187703 0.0122587 6 3 6 3
6883 6692 191 6 0.499951 0.478043 0.0219077 9 0 8 0
7720 7427 293 9 0.0999632 0.0654235 0.0345398 6 3 6 3
8237 8184 53 2 0.599985 0.592896 0.00708978 8 1 8 1
8302 8103 199 3 0.499891 0.476229 0.0236618 5 3 5 3
10279 10037 242 1 0.399926 0.370233 0.0296928 7 2 7 2
11160 11026 134 4 0.299953 0.283552 0.0164004 7 2 7 2
11387 11284 103 7 0.399968 0.386119 0.0138484 5 3 5 3
11506 11160 346 8 0.599965 0.55413 0.0458356 8 1 8 1
12482 12267 215 0 0.299948 0.271898 0.0280494 7 2 7 2
14113 13801 312 5 0.499957 0.463637 0.0363195 4 5 3 5
15076 14855 221 2 0.399933 0.375393 0.0245398 7 2 7 2
16460 16133 327 1 0.599955 0.559949 0.0400061 8 1 6 1
16767 16534 233 6 0.0999671 0.0740353 0.0259318 8 1 8 1
17029 16757 272 8 0.599908 0.566261 0.0336471 6 3 5 2
17469 17171 298 3 0.199939 0.142525 0.0574144 4 4 4 4
18298 18186 112 9 0.199895 0.184127 0.0157676 5 4 4 4
18329 18151 178 7 0.499962 0.477833 0.0221287 5 4 4 4
19107 18710 397 0 0.599978 0.550882 0.0490968 6 3 6 3
20174 19929 245 4 0.299911 0.268601 0.0313103 5 4 4 4
21397 21268 129 5 0.399966 0.383636 0.0163294 4 5 4 5
21951 21610 341 1 0.599971 0.555967 0.0440045 6 3 5 3
21992 21802 190 2 0.49993 0.475625 0.0243041 6 3 5 3
23370 22999 371 8 0.49996 0.454848 0.045112 7 2 6 2
24038 23752 286 7 0.599998 0.566984 0.0330148 6 3 6 3
26039 25956 83 3 0.39999 0.38924 0.0107505 8 1 8 1
26121 25799 322 2 0.79993 0.762065 0.0378646 8 1 6 0
26501 26294 207 1 0.699973 0.673132 0.0268412 9 0 8 0
26673 26343 330 6 0.299962 0.257188 0.0427745 6 3 6 3
26771 26551 220 0 0.299904 0.270929 0.0289756 5 4 5 4
26854 26501 353 5 0.699978 0.657302 0.0426763 7 2 7 0
27612 27275 337 4 0.499941 0.4586 0.0413412 7 2 7 2
28451 28208 243 9 0.199971 0.170461 0.0295104 3 6 3 6
29868 29625 243 2 0.699955 0.670242 0.0297133 6 3 6 3
