946 683 263 6 0.899971 0.869985 0.0299857 6 0 6 0
1630 1556 74 5 0.799931 0.790141 0.00978987 8 0 8 0
1793 1542 251 7 0.799901 0.76803 0.0318712 8 0 8 0
1918 1616 302 2 0.799902 0.765916 0.0339854 5 0 5 0
2469 2416 53 8 0.699896 0.691153 0.00874296 7 1 7 1
2495 2430 65 0 0.699891 0.691875 0.00801604 8 0 8 0
2727 2373 354 4 0.699858 0.658748 0.0411099 9 0 9 0
4791 4495 296 8 0.899886 0.866723 0.0331632 8 1 5 1
5595 5378 217 2 0.699988 0.674524 0.0254635 9 0 7 0
6063 5768 295 1 0.299921 0.26449 0.0354318 7 1 7 1
6173 6106 67 7 0.599916 0.591146 0.00876967 8 1 7 1
6965 6660 305 9 0.19993 0.161167 0.0387638 8 1 8 1
7406 7305 101 6 0.299917 0.287392 0.0125251 7 2 7 2
7565 7475 90 5 0.399867 0.385036 0.0148315 6 3 6 3
7646 7304 342 3 0.0999423 0.0594056 0.0405367 8 1 8 1
8570 8282 288 4 0.499954 0.466642 0.0333121 7 2 6 2
11281 11224 57 8 0.299999 0.293659 0.00634075 5 4 5 4
11584 11283 301 0 0.0998967 0.0609956 0.0389011 7 2 7 2
12057 11780 277 2 0.399965 0.367373 0.0325919 6 3 5 3
12109 12023 86 7 0.499777 0.488379 0.0113979 8 1 6 1
13452 13219 233 1 0.499939 0.471789 0.0281501 8 1 6 1
14061 13747 314 9 0.599986 0.561884 0.0381019 6 3 6 3
16143 15922 221 5 0.299978 0.273504 0.0264734 6 3 6 3
16372 16148 224 6 0.29986 0.273033 0.0268273 9 0 8 0
16686 16492 194 3 0.399961 0.376837 0.023124 8 1 7 1
16737 16495 242 1 0.899894 0.869562 0.030332 8 1 2 0
18026 17965 61 2 0.599927 0.593226 0.00670111 5 4 5 4
18112 17855 257 0 0.699975 0.670617 0.0293579 7 2 7 0
18315 18195 120 4 0.0999436 0.0845049 0.0154387 6 3 6 3
20871 20673 198 1 0.599909 0.576018 0.0238917 7 2 6 2
20957 20700 257 7 0.199916 0.171015 0.0289011 9 0 9 0
21010 20782 228 8 0.199986 0.172496 0.0274896 9 0 9 0
21256 21020 236 6 0.799939 0.770728 0.0292113 9 0 7 0
23068 23014 54 2 0.599942 0.592622 0.00731989 6 3 6 3
23581 23296 285 9 0.0999014 0.0672634 0.0326381 7 2 7 2
25176 25112 64 3 0.299952 0.291491 0.00846012 7 2 7 2
25467 25395 72 4 0.599961 0.590676 0.0092844 7 2 7 2
26067 25765 302 5 0.19996 0.162296 0.0376635 7 2 7 2
26087 25883 204 1 0.599984 0.576705 0.0232793 7 2 7 2
27272 27002 270 0 0.0999212 0.0692492 0.030672 7 2 7 2
28200 27965 235 6 0.299994 0.26502 0.0349744 6 3 6 3
