1595 1473 122 2 0.79995 0.786252 0.0136981 6 0 6 0
1663 1572 91 4 0.799895 0.789797 0.0100971 6 0 6 0
2478 2353 125 6 0.699965 0.684173 0.0157922 8 0 8 0
3261 3202 59 2 0.89995 0.892188 0.0077625 7 1 6 1
3676 3297 379 9 0.59998 0.553436 0.0465436 9 0 9 0
4287 3974 313 8 0.499932 0.462223 0.037709 7 1 7 1
4380 4002 378 0 0.499931 0.451963 0.0479679 8 1 8 1
5068 4815 253 5 0.399958 0.37107 0.0288882 6 3 6 3
5099 4829 270 7 0.399992 0.365508 0.0344839 6 3 6 3
7468 7307 161 3 0.0999183 0.0809991 0.0189192 4 5 4 5
7525 7272 253 1 0.0999179 0.0718581 0.0280598 6 3 6 3
7765 7556 209 4 0.399955 0.375701 0.0242544 5 3 5 3
9078 8733 345 2 0.399923 0.358609 0.0413135 6 3 5 3
9676 9512 164 6 0.299899 0.278921 0.0209781 4 5 4 5
9966 9691 275 9 0.499932 0.467489 0.0324434 6 3 6 3
10871 10637 234 8 0.499996 0.474265 0.0257311 5 4 5 4
10962 10786 176 0 0.499896 0.475782 0.0241135 5 4 3 4
11980 11818 162 5 0.499996 0.481589 0.0184065 5 4 5 4
13774 13510 264 7 0.299991 0.267278 0.0327126 6 3 6 3
15277 15128 149 6 0.699925 0.681503 0.0184225 8 1 6 1
15378 15295 83 3 0.499937 0.489428 0.0105085 8 1 8 1
15559 15247 312 1 0.499997 0.464863 0.0351344 8 1 7 1
16271 16160 111 4 0.299976 0.287395 0.0125808 9 0 9 0
16640 16372 268 9 0.499981 0.467857 0.0321235 5 4 5 4
16664 16376 288 0 0.59989 0.5657 0.0341905 6 3 6 3
18204 18014 190 8 0.3999 0.37467 0.02523 5 4 4 4
19302 19176 126 2 0.099961 0.0854405 0.0145205 6 3 6 3
20967 20689 278 6 0.499974 0.466941 0.0330333 6 3 6 3
21133 20954 179 0 0.699924 0.679123 0.0208017 8 1 5 1
21134 20890 244 5 0.19994 0.17091 0.02903 7 2 7 2
21174 20964 210 7 0.499953 0.472528 0.0274254 7 2 7 2
22886 22691 195 1 0.399966 0.374578 0.0253873 7 2 7 2
23801 23397 404 3 0.299912 0.246875 0.0530367 6 3 6 3
24303 24200 103 4 0.399911 0.385673 0.0142382 7 2 7 2
25744 25513 231 9 0.199939 0.174252 0.0256874 6 3 6 3
25943 25810 133 0 0.599894 0.583553 0.0163408 6 3 6 3
25982 25797 185 8 0.399899 0.377039 0.0228604 6 3 6 3
28353 28300 53 7 0.399896 0.392167 0.00772906 4 5 4 5
28369 28076 293 2 0.399984 0.364444 0.0355401 8 1 8 1
28810 28483 327 0 0.899903 0.861695 0.0382081 7 2 2 0
29144 28876 268 6 0.29998 0.268182 0.0317985 7 2 7 2
29821 29505 316 5 0.399969 0.359295 0.0406745 9 0 8 0
