1949 1603 346 9 0.799958 0.758701 0.041257 7 0 8 0
2727 2419 308 5 0.699903 0.662598 0.0373052 8 1 8 1
3398 3287 111 0 0.599823 0.584799 0.0150242 9 0 9 0
3432 3130 302 1 0.599995 0.565859 0.0341357 7 0 7 0
4113 4003 110 2 0.499977 0.486122 0.0138553 7 1 7 1
4319 4039 280 7 0.499974 0.465513 0.0344608 8 1 8 1
4520 4158 362 6 0.499955 0.456868 0.0430876 7 2 7 2
5105 5051 54 8 0.399997 0.39178 0.00821724 6 3 6 3
6734 6373 361 3 0.199926 0.154966 0.0449601 5 4 5 4
7470 7352 118 4 0.0999401 0.0854884 0.0144517 4 5 4 5
7653 7434 219 5 0.599893 0.574761 0.0251323 8 1 6 1
8604 8435 169 0 0.599904 0.580702 0.0192022 9 0 7 0
9757 9700 57 9 0.19996 0.192742 0.00721763 6 3 6 3
10920 10867 53 8 0.599914 0.593743 0.006171 8 1 6 1
11825 11503 322 7 0.399966 0.36192 0.038046 6 3 6 3
11963 11844 119 3 0.799928 0.783855 0.0160725 7 2 5 1
12053 11992 61 1 0.172333 0.165522 0.00681094 8 1 8 1
12101 11989 112 2 0.299932 0.286845 0.0130865 8 1 7 1
12778 12482 296 6 0.299899 0.265722 0.034177 9 0 9 0
12951 12697 254 5 0.599963 0.571415 0.0285481 6 3 6 3
13883 13665 218 4 0.699918 0.674143 0.0257747 6 3 6 2
15274 15086 188 8 0.699902 0.677017 0.0228849 8 1 5 1
16535 16319 216 9 0.599998 0.573844 0.0261534 8 1 8 1
17520 17196 324 5 0.699907 0.662164 0.0377434 8 1 6 0
17900 17756 144 3 0.399978 0.383475 0.0165036 8 1 8 1
17918 17861 57 0 0.0999078 0.0918522 0.00805565 7 2 7 2
17993 17718 275 4 0.699941 0.665336 0.0346048 9 0 7 0
19431 19160 271 2 0.499928 0.467047 0.0328807 7 2 6 2
19613 19122 491 6 0.599924 0.540811 0.0591129 7 2 6 2
19639 19458 181 7 0.399953 0.376997 0.0229561 6 3 6 3
21412 21312 100 1 0.299983 0.287464 0.0125189 6 3 6 3
21676 21405 271 5 0.699976 0.666856 0.0331205 8 1 4 1
21932 21637 295 9 0.59994 0.565076 0.0348645 7 2 5 2
22926 22817 109 3 0.699995 0.685822 0.0141728 7 2 5 2
23519 23268 251 8 0.19999 0.169121 0.0308694 6 3 6 3
23710 23463 247 4 0.499936 0.468433 0.0315031 7 2 6 2
24816 24763 53 6 0.599913 0.592824 0.00708902 5 4 5 4
25047 24962 85 2 0.599987 0.587048 0.0129387 5 4 5 4
25614 25404 210 9 0.799928 0.774734 0.025194 8 1 6 0
26671 26365 306 7 0.499906 0.464539 0.035367 8 1 7 0
26761 26650 111 0 0.399955 0.386327 0.0136279 7 2 7 2
28257 28070 187 5 0.399903 0.376899 0.0230045 8 1 8 1
29151 29027 124 9 0.699966 0.686033 0.0139329 8 1 6 1
29461 29396 65 1 0.39988 0.390319 0.00956155 6 3 6 3
29739 29465 274 8 0.699917 0.667366 0.0325506 7 2 6 2
29851 29701 150 6 0.599993 0.582137 0.0178561 5 4 5 3
