950 805 145 1 0.899936 0.881247 0.0186892 5 0 5 0
2512 2388 124 4 0.699997 0.68323 0.0167674 8 0 8 0
2568 2409 159 2 0.699977 0.682201 0.0177764 9 0 9 0
2684 2404 280 3 0.699996 0.666011 0.0339852 9 0 9 0
3300 3207 93 6 0.59997 0.586958 0.0130124 8 1 8 1
4483 4173 310 7 0.499906 0.461432 0.0384743 5 4 5 4
5052 4945 107 8 0.399917 0.384651 0.0152667 7 1 7 1
5147 4900 247 5 0.399981 0.367406 0.0325752 8 1 8 1
5737 5454 283 1 0.499975 0.466663 0.0333121 6 2 6 2
5832 5756 76 9 0.299933 0.289367 0.0105656 8 1 8 1
6139 5795 344 0 0.299992 0.258661 0.0413309 7 2 7 2
9065 8840 225 2 0.399898 0.373919 0.0259792 5 4 5 4
9170 8841 329 4 0.399901 0.358644 0.0412575 9 0 9 0
9964 9911 53 3 0.299857 0.292472 0.00738445 9 0 9 0
10158 9976 182 6 0.399891 0.379272 0.0206196 7 2 7 2
10659 10438 221 9 0.799842 0.77441 0.0254314 8 1 5 1
11122 10757 365 7 0.499927 0.454884 0.0450431 6 3 6 3
13546 13306 240 0 0.499965 0.472576 0.0273893 9 0 8 0
14453 14349 104 5 0.199895 0.18658 0.0133144 9 0 9 0
14628 14213 415 8 0.199987 0.15118 0.048807 8 1 8 1
15357 15141 216 4 0.599977 0.575882 0.0240955 7 2 7 2
15725 15368 357 1 0.0999809 0.0573133 0.0426676 6 3 6 3
15878 15651 227 9 0.499922 0.471262 0.0286599 9 0 9 0
16767 16702 65 2 0.399987 0.392799 0.00718786 5 4 4 4
18715 18662 53 3 0.299933 0.29404 0.00589336 5 4 5 4
19530 19415 115 6 0.199971 0.187 0.0129714 6 3 6 3
20341 20102 239 2 0.899977 0.872501 0.027476 6 3 3 0
20982 20724 258 0 0.399956 0.367809 0.0321469 7 2 7 2
21191 20911 280 7 0.0999981 0.0655928 0.0344053 8 1 8 1
22443 22101 342 4 0.399949 0.360494 0.0394545 9 0 9 0
22501 22213 288 9 0.499909 0.465772 0.0341378 8 1 8 1
22888 22720 168 5 0.399957 0.378956 0.0210016 7 2 7 2
24256 24173 83 2 0.599879 0.589695 0.0101841 7 2 7 2
24752 24552 200 1 0.399953 0.37432 0.0256336 7 2 7 2
24839 24740 99 8 0.199997 0.184526 0.0154705 5 4 5 4
26653 26294 359 5 0.899781 0.859273 0.0405082 7 2 4 0
27167 26576 591 3 0.399909 0.326566 0.0733422 6 3 6 3
28467 28255 212 7 0.599971 0.575551 0.0244199 6 3 6 3
28682 28429 253 4 0.59998 0.572064 0.0279157 8 1 7 1
28794 28432 362 0 0.399911 0.356902 0.0430088 9 0 9 0
28912 28639 273 6 0.299948 0.268491 0.0314566 7 2 7 2
29073 28910 163 9 0.499985 0.479267 0.0207179 7 2 6 2
