2518 2327 191 2 0.699892 0.676408 0.023484 8 0 8 0
3292 3138 154 0 0.599992 0.580921 0.0190704 8 0 8 0
3315 3214 101 8 0.599858 0.586459 0.0133983 7 1 7 1
3576 3267 309 4 0.599901 0.562794 0.037107 7 0 8 0
3579 3230 349 9 0.599905 0.557384 0.0425207 9 0 9 0
4078 3943 135 5 0.499926 0.482373 0.0175535 5 3 5 3
4213 4159 54 1 0.499944 0.493737 0.00620736 7 2 7 2
4345 4177 168 3 0.49999 0.478754 0.021236 5 2 5 2
5944 5818 126 7 0.29993 0.286078 0.0138511 6 3 6 3
6670 6488 182 6 0.199953 0.178231 0.0217227 5 4 5 4
7956 7899 57 9 0.699978 0.691566 0.00841183 7 2 7 2
8306 7960 346 2 0.499928 0.459342 0.040586 8 1 7 1
8535 8307 228 0 0.599935 0.571421 0.0285139 8 1 7 1
8715 8630 85 5 0.699981 0.688222 0.0117595 6 2 6 2
10112 9879 233 8 0.399766 0.372355 0.0274106 7 2 7 2
10686 10388 298 4 0.399922 0.365517 0.034405 4 5 4 5
10706 10478 228 1 0.499924 0.474123 0.0258008 6 3 6 3
12033 11585 448 3 0.399929 0.341648 0.0582805 7 2 7 2
13279 12966 313 7 0.499967 0.462056 0.0379105 6 3 6 3
13652 13359 293 9 0.499845 0.465857 0.033988 6 3 6 3
14465 14221 244 6 0.499901 0.469338 0.030563 6 3 6 3
14580 14467 113 0 0.499958 0.487537 0.0124211 9 0 8 0
15880 15564 316 2 0.399987 0.363366 0.0366216 5 4 4 4
17574 17511 63 5 0.0999245 0.0929397 0.00698477 6 3 6 3
17934 17692 242 8 0.399974 0.370828 0.0291464 5 4 5 4
18976 18683 293 1 0.299975 0.267041 0.0329342 6 3 6 3
19192 19116 76 4 0.299994 0.289225 0.0107691 8 1 8 1
20828 20477 351 3 0.299949 0.257429 0.0425195 6 3 6 3
20900 20532 368 7 0.399946 0.354511 0.0454342 6 3 6 2
21964 21619 345 0 0.399969 0.359304 0.0406647 6 3 6 3
22618 22446 172 6 0.299952 0.278055 0.0218968 6 3 5 3
23605 23356 249 9 0.0999481 0.0695456 0.0304026 4 5 4 5
23785 23479 306 2 0.399982 0.363641 0.0363414 5 4 4 4
24005 23841 164 8 0.599919 0.577952 0.0219674 5 4 4 4
25671 25430 241 5 0.499952 0.470774 0.0291775 7 2 7 2
27295 26904 391 4 0.399824 0.351368 0.0484557 8 1 8 0
27323 26965 358 1 0.399908 0.354565 0.0453425 4 5 4 4
27997 27735 262 7 0.499759 0.47037 0.0293893 8 1 8 1
28207 28031 176 3 0.499969 0.477797 0.0221721 7 2 7 2
28532 28295 237 9 0.899975 0.871312 0.0286628 4 5 0 0
29087 28740 347 0 0.4999 0.457965 0.0419355 6 3 6 3
