893 788 105 8 0.899963 0.884554 0.0154088 4 0 4 0
2444 2333 111 5 0.699978 0.685386 0.0145921 8 0 8 0
2604 2400 204 1 0.699934 0.676267 0.0236666 9 0 9 0
3562 3192 370 2 0.599848 0.553891 0.0459569 8 1 8 1
4096 4041 55 6 0.499973 0.492008 0.00796482 7 1 7 1
4110 3721 389 8 0.69986 0.651185 0.0486751 9 0 8 0
5326 4959 367 0 0.399838 0.357627 0.0422108 7 2 7 2
5743 5660 83 7 0.299934 0.289502 0.0104318 8 1 8 1
6029 5756 273 3 0.299986 0.267115 0.0328709 7 2 7 2
6624 6487 137 4 0.199968 0.182592 0.0173764 6 3 6 3
6639 6500 139 9 0.199894 0.181226 0.0186678 6 3 6 3
7347 7262 85 1 0.599946 0.589755 0.0101918 7 2 7 2
10562 10329 233 5 0.199957 0.173466 0.0264913 7 2 7 2
10640 10314 326 2 0.399952 0.357389 0.0425625 7 2 6 2
11433 11204 229 6 0.399915 0.371586 0.0283289 7 2 7 2
11701 11381 320 8 0.299993 0.263922 0.036071 7 2 7 2
12063 11997 66 7 0.6 0.590537 0.00946294 6 3 6 3
12285 12145 140 0 0.499951 0.484226 0.0157246 7 2 7 1
14164 14111 53 3 0.39991 0.393065 0.00684471 5 4 4 4
14275 13952 323 1 0.399893 0.36012 0.0397729 5 4 5 4
15966 15816 150 9 0.299926 0.282895 0.017032 8 1 7 1
16560 16444 116 6 0.69991 0.685571 0.0143399 7 2 6 2
16825 16632 193 4 0.199907 0.175868 0.0240399 6 3 6 3
17124 17069 55 5 0.599913 0.592072 0.00784119 8 1 8 1
18525 18200 325 2 0.39993 0.362816 0.037114 6 3 6 3
18734 18529 205 0 0.499921 0.476049 0.0238721 5 4 4 4
19920 19573 347 7 0.299913 0.258134 0.0417794 5 4 5 4
20856 20602 254 8 0.29995 0.267827 0.0321226 6 3 6 3
22200 21814 386 1 0.39993 0.355416 0.0445146 7 2 7 2
22431 22133 298 5 0.599953 0.564179 0.0357743 7 2 6 1
22723 22371 352 3 0.299914 0.259312 0.0406021 7 2 7 2
23895 23567 328 4 0.599989 0.561366 0.0386228 8 1 6 1
24089 23895 194 9 0.399994 0.374918 0.0250755 6 3 6 3
24796 24484 312 6 0.19997 0.162103 0.0378676 6 3 6 3
27769 27452 317 0 0.199915 0.164213 0.0357026 8 1 8 1
28071 27959 112 7 0.399964 0.384774 0.0151904 8 1 8 1
28674 28331 343 9 0.79994 0.759523 0.0404168 8 1 6 0
28723 28499 224 2 0.0999092 0.0728202 0.027089 7 2 7 2
28746 28379 367 5 0.499972 0.45517 0.0448021 8 1 8 1
28840 28785 55 8 0.399988 0.393715 0.00627339 6 3 6 3
