878 751 127 1 0.899955 0.883884 0.0160709 4 0 4 0
2505 2452 53 5 0.699983 0.693169 0.006814 7 0 7 0
2630 2364 266 6 0.699964 0.66779 0.0321739 8 0 8 0
3253 3130 123 0 0.599975 0.582899 0.0170762 9 0 9 0
3425 3156 269 2 0.599922 0.568767 0.0311555 8 1 8 1
4174 4022 152 9 0.499958 0.481281 0.0186769 7 1 7 1
4311 4077 234 4 0.499949 0.471026 0.0289227 7 2 7 2
4359 4026 333 7 0.499996 0.459367 0.0406293 9 0 9 0
4862 4646 216 1 0.599955 0.574031 0.0259241 6 3 6 3
6106 5776 330 8 0.299998 0.259813 0.0401854 5 4 5 4
6807 6515 292 3 0.199894 0.165633 0.0342614 3 6 3 6
7352 7116 236 5 0.599951 0.572217 0.0277344 9 0 8 0
8998 8669 329 9 0.699998 0.662434 0.0375644 8 1 6 1
10413 10186 227 2 0.399998 0.371912 0.0280859 7 2 7 2
10960 10712 248 6 0.199925 0.172138 0.0277868 9 0 9 0
11292 11084 208 3 0.899955 0.87613 0.0238252 6 3 4 0
11672 11447 225 1 0.399973 0.372786 0.0271863 8 1 8 1
12530 12178 352 0 0.0999062 0.0582991 0.0416072 7 2 7 2
12663 12412 251 5 0.599917 0.570182 0.0297352 7 2 7 2
13119 12939 180 9 0.699958 0.678086 0.0218719 8 1 7 1
13339 13216 123 4 0.199964 0.183342 0.0166224 6 3 6 3
13448 13173 275 7 0.199962 0.166502 0.0334597 7 2 7 2
15898 15690 208 8 0.199921 0.173278 0.0266423 7 2 7 2
17319 17197 122 0 0.899968 0.882245 0.0177227 9 0 4 0
17441 17081 360 2 0.49998 0.455113 0.0448672 6 3 6 3
17960 17674 286 6 0.5999 0.563331 0.0365691 8 1 8 1
18315 18256 59 1 0.499874 0.490653 0.00922116 7 2 7 2
18679 18468 211 3 0.199961 0.175065 0.0248962 8 1 8 1
18868 18635 233 9 0.499952 0.47388 0.0260722 8 1 8 1
19723 19399 324 5 0.399993 0.359775 0.0402175 3 6 3 6
21837 21639 198 4 0.399896 0.375594 0.0243022 8 1 7 1
23382 23050 332 6 0.599973 0.561037 0.0389361 7 2 7 2
23511 23408 103 7 0.199947 0.186034 0.0139133 7 2 7 2
24054 23749 305 1 0.599805 0.564654 0.0351512 7 2 7 2
24648 24355 293 0 0.199991 0.165089 0.034902 8 1 8 1
25427 25113 314 8 0.29999 0.26125 0.0387403 7 2 7 2
25496 25408 88 2 0.299943 0.287894 0.0120485 4 5 4 5
26823 26535 288 5 0.499921 0.466431 0.0334903 8 1 8 1
27701 27599 102 9 0.199981 0.188769 0.0112111 5 4 5 4
27797 27708 89 4 0.599947 0.589442 0.0105056 6 3 5 3
27903 27845 58 3 0.29991 0.289366 0.0105435 2 7 2 7
