1692 1606 86 8 0.799921 0.790184 0.00973709 7 0 7 0
3298 3230 68 4 0.599911 0.59179 0.00812157 8 1 8 1
4054 3837 217 9 0.499946 0.475073 0.0248734 9 0 9 0
4481 4130 351 3 0.499901 0.458158 0.0417428 8 1 8 1
5853 5712 141 7 0.299953 0.281568 0.0183851 8 1 8 1
5885 5687 198 2 0.299997 0.272786 0.0272102 6 3 6 3
6757 6493 264 0 0.199955 0.168756 0.0311991 6 3 6 3
7455 7352 103 6 0.0999628 0.0858724 0.0140905 8 1 8 1
7625 7389 236 1 0.0999437 0.0720568 0.0278869 5 4 5 4
8788 8404 384 8 0.299993 0.25586 0.0441336 7 2 7 2
11519 11139 380 9 0.399757 0.353612 0.0461457 5 4 5 4
11775 11533 242 4 0.199938 0.16983 0.0301075 7 2 7 2
13263 13045 218 2 0.499947 0.473521 0.0264263 7 2 6 2
14426 14210 216 3 0.0999088 0.073612 0.0262968 7 2 7 2
16499 16355 144 7 0.0999175 0.0811207 0.0187968 8 1 7 1
17680 17544 136 8 0.299964 0.28198 0.0179847 7 2 6 2
17762 17653 109 0 0.0999619 0.0850674 0.0148945 6 3 5 3
18281 18089 192 1 0.19996 0.178689 0.0212703 7 2 6 2
19029 18728 301 6 0.0999672 0.0607748 0.0391924 7 2 6 2
21073 20798 275 9 0.199949 0.166056 0.0338938 5 4 5 3
21467 21312 155 2 0.299941 0.281714 0.0182268 5 4 4 4
22058 21843 215 4 0.199902 0.174633 0.0252681 4 5 3 5
24305 24086 219 3 0.299949 0.270604 0.0293448 5 4 4 3
24989 24842 147 0 0.599902 0.58355 0.0163521 6 3 4 3
25456 25319 137 7 0.399983 0.382608 0.0173751 8 1 6 0
26060 25880 180 2 0.799963 0.776376 0.0235865 6 3 3 2
28070 27716 354 6 0.399967 0.358534 0.0414334 7 2 6 2
28396 28158 238 8 0.0999849 0.0702729 0.029712 9 0 8 0
28796 28653 143 9 0.499931 0.480351 0.0195798 8 1 8 0
29223 29170 53 1 0.0999213 0.0936185 0.00630279 8 1 7 1
