953 814 139 6 0.899917 0.882444 0.0174738 5 0 5 0
1698 1564 134 7 0.799857 0.782209 0.017648 7 0 7 0
2459 2356 103 1 0.699983 0.688662 0.0113211 8 0 8 0
2546 2423 123 5 0.699974 0.683583 0.0163913 7 1 7 1
2645 2445 200 2 0.699842 0.677312 0.0225303 6 2 6 2
2671 2419 252 8 0.699919 0.670429 0.0294902 9 0 9 0
3353 3268 85 4 0.599906 0.588536 0.0113702 6 2 6 2
3364 3255 109 9 0.599926 0.586469 0.0134578 7 2 7 2
4820 4739 81 6 0.599891 0.588609 0.0112817 7 1 6 1
5230 4928 302 0 0.399963 0.363349 0.0366148 8 1 8 1
5936 5610 326 3 0.299924 0.260505 0.0394188 7 2 7 2
7398 7278 120 2 0.59999 0.586009 0.013981 7 2 7 2
8060 7895 165 1 0.499919 0.479447 0.0204722 8 1 6 1
8078 7987 91 5 0.499904 0.489143 0.0107618 6 3 6 3
8574 8382 192 7 0.299831 0.274424 0.0254073 7 2 7 2
10614 10484 130 8 0.19993 0.184468 0.0154623 8 1 8 1
12715 12553 162 9 0.0999633 0.0797132 0.0202501 6 3 6 3
12747 12433 314 4 0.0999672 0.0613686 0.0385985 9 0 9 0
14143 13937 206 6 0.0999065 0.0739564 0.02595 6 3 6 3
15621 15298 323 0 0.0999848 0.0606581 0.0393267 7 2 7 2
15782 15691 91 2 0.199908 0.186899 0.0130097 8 1 8 1
16458 16286 172 3 0.0999702 0.0810591 0.0189111 6 3 6 3
17806 17583 223 5 0.0999439 0.0746678 0.0252761 7 2 6 2
17864 17583 281 1 0.0999006 0.0666842 0.0332164 6 3 6 3
18550 18247 303 7 0.199929 0.164376 0.0355535 7 2 7 2
22571 22271 300 9 0.2999 0.265362 0.0345385 6 3 6 3
24049 23804 245 6 0.299954 0.269317 0.0306363 7 2 7 2
24364 24105 259 4 0.0999606 0.0692932 0.0306674 7 2 7 2
26372 26027 345 3 0.29992 0.257288 0.042632 5 4 5 4
26541 26431 110 2 0.0998989 0.0878078 0.0120911 7 2 7 2
27172 26934 238 0 0.0999652 0.0704084 0.0295569 5 4 5 4
27648 27329 319 5 0.299952 0.26233 0.037622 5 4 5 4
27767 27540 227 1 0.299873 0.272231 0.0276415 6 3 4 3
28165 27959 206 7 0.277275 0.252037 0.0252376 6 3 5 3
