1640 1584 56 1 0.799893 0.793742 0.00615111 6 0 6 0
1697 1572 125 0 0.799949 0.78424 0.0157089 7 0 7 0
2506 2357 149 2 0.699994 0.682709 0.0172853 7 0 7 0
3336 3247 89 3 0.599892 0.589463 0.0104292 9 0 9 0
3401 3118 283 5 0.599962 0.566794 0.0331686 9 0 9 0
3492 3149 343 7 0.599907 0.560381 0.0395257 8 0 8 0
4135 4064 71 9 0.499999 0.491896 0.00810342 7 2 7 2
4282 4014 268 8 0.499982 0.468886 0.031096 6 3 6 3
6789 6518 271 4 0.199992 0.168769 0.0312227 8 1 8 1
7359 7305 54 6 0.0998307 0.0927722 0.0070585 8 1 8 1
9312 9095 217 1 0.199962 0.172957 0.0270044 7 2 7 2
10021 9875 146 0 0.0999521 0.0817684 0.0181837 8 1 8 1
10594 10405 189 2 0.199915 0.177643 0.0222716 8 1 8 1
10810 10728 82 3 0.299923 0.289233 0.01069 6 3 6 3
11380 11066 314 5 0.29999 0.261997 0.0379929 6 3 6 3
12350 12014 336 9 0.299912 0.25975 0.0401627 5 4 4 4
12809 12754 55 7 0.0999014 0.091214 0.00868738 5 4 5 4
14402 14048 354 8 0.099914 0.0550851 0.0448289 5 4 5 4
15341 15169 172 4 0.399936 0.378592 0.0213437 6 3 5 2
16425 16049 376 1 0.599981 0.55255 0.0474305 7 2 6 2
18871 18752 119 0 0.399947 0.385233 0.0147135 8 1 8 1
18938 18596 342 6 0.0999397 0.0607269 0.0392128 7 2 7 2
20569 20403 166 9 0.399903 0.381652 0.0182511 7 2 7 2
20801 20638 163 2 0.199961 0.179534 0.0204272 6 3 6 3
21323 21109 214 3 0.0998915 0.072593 0.0272985 9 0 9 0
22143 21782 361 5 0.0999245 0.0521912 0.0477333 7 2 7 2
24250 24003 247 1 0.299895 0.266545 0.0333495 5 4 5 4
24419 24087 332 7 0.0999453 0.0585644 0.0413809 6 3 6 3
25190 25027 163 8 0.199824 0.179404 0.0204198 6 3 6 2
25659 25486 173 4 0.0999703 0.0804001 0.0195702 5 4 5 4
28150 28055 95 0 0.199955 0.187113 0.0128419 5 4 5 4
28201 27845 356 6 0.399878 0.35723 0.0426478 6 3 6 3
29961 29721 240 9 0.199947 0.169564 0.0303826 6 3 6 3
