937 764 173 6 0.89995 0.878472 0.0214782 4 0 4 0
1608 1555 53 9 0.799922 0.792118 0.00780407 8 0 8 0
2616 2415 201 7 0.699915 0.675815 0.0240997 9 0 9 0
3944 3859 85 0 0.499966 0.489522 0.0104441 9 0 9 0
4177 4048 129 4 0.499927 0.482839 0.0170884 9 0 9 0
4261 4072 189 5 0.499971 0.476822 0.0231487 8 1 8 1
5897 5656 241 3 0.29984 0.268769 0.0310712 7 2 7 2
7387 7313 74 8 0.0999528 0.0918217 0.00813111 7 2 7 2
7444 7161 283 2 0.0999042 0.0684444 0.0314597 9 0 9 0
7493 7170 323 1 0.0999658 0.0612474 0.0387183 8 1 8 1
8197 8024 173 6 0.19997 0.178914 0.0210566 7 2 7 2
9399 9080 319 9 0.199935 0.160961 0.0389738 4 5 4 5
9853 9670 183 7 0.299909 0.27496 0.0249496 7 2 6 2
12113 11782 331 0 0.299977 0.262893 0.0370842 5 4 5 4
12454 12228 226 5 0.299993 0.272973 0.0270193 5 4 4 4
12551 12408 143 6 0.899939 0.881953 0.0179866 7 2 2 0
13894 13830 64 4 0.0999001 0.0914969 0.00840318 7 2 7 2
13951 13892 59 3 0.399972 0.392358 0.00761336 6 3 6 3
17971 17843 128 1 0.199947 0.184308 0.0156396 8 1 8 1
18718 18556 162 8 0.0999121 0.082101 0.0178111 8 1 8 1
18803 18574 229 7 0.299895 0.270587 0.0293076 7 2 7 2
18908 18580 328 9 0.299939 0.26057 0.0393685 9 0 9 0
19033 18704 329 2 0.0999151 0.0618491 0.038066 9 0 9 0
19148 18848 300 6 0.299914 0.261716 0.0381976 4 5 4 5
21302 20604 698 3 0.49991 0.426389 0.0735204 2 7 2 6
22893 22630 263 0 0.099964 0.068769 0.031195 6 3 5 3
23076 23023 53 5 0.0999752 0.0929551 0.00702013 7 2 7 2
23658 23446 212 4 0.299913 0.273483 0.02643 7 2 7 2
25112 24910 202 8 0.699922 0.675589 0.024333 9 0 6 0
27893 27581 312 9 0.299886 0.259867 0.0400186 8 1 7 1
28167 27954 213 6 0.299909 0.275791 0.024118 8 1 7 1
28853 28596 257 2 0.299918 0.267284 0.0326337 6 3 6 3
29056 28816 240 1 0.0999477 0.0700707 0.0298771 8 1 8 1
29455 29298 157 7 0.0999979 0.0790482 0.0209497 9 0 9 0
