1589 1532 57 7 0.79999 0.792565 0.00742568 5 0 5 0
1658 1572 86 6 0.799954 0.789861 0.0100931 8 0 8 0
2659 2318 341 4 0.699824 0.659652 0.0401728 8 0 8 0
3302 3184 118 8 0.599964 0.585434 0.0145304 8 0 8 0
4855 4675 180 5 0.399984 0.37995 0.0200341 7 2 7 2
4965 4738 227 2 0.39996 0.373983 0.0259774 7 2 7 2
5978 5719 259 9 0.299937 0.270112 0.0298251 9 0 9 0
6941 6567 374 0 0.199902 0.155159 0.0447429 7 2 7 2
7595 7460 135 1 0.0999952 0.0822033 0.0177919 5 4 5 4
7611 7344 267 3 0.0999401 0.0656382 0.034302 7 2 7 2
9113 9060 53 7 0.199841 0.193342 0.00649956 7 2 7 2
10060 9989 71 6 0.0999943 0.0877434 0.0122509 6 3 6 3
10823 10745 78 8 0.299859 0.288994 0.0108644 7 2 5 2
11656 11594 62 4 0.0999419 0.0918068 0.00813505 7 2 7 2
12802 12386 416 5 0.399896 0.348325 0.0515709 6 3 6 3
15014 14957 57 2 0.099893 0.0929255 0.0069675 6 3 6 3
15721 15668 53 9 0.199969 0.194039 0.00593034 5 4 5 4
16525 16171 354 0 0.299813 0.257071 0.0427426 8 1 7 1
17555 17195 360 1 0.299986 0.251612 0.0483735 7 2 7 2
18280 18156 124 7 0.299905 0.285 0.0149045 6 3 6 3
19171 18899 272 3 0.099962 0.0690494 0.0309126 5 4 5 4
19821 19510 311 8 0.299921 0.263411 0.0365105 6 3 6 3
20918 20535 383 6 0.199973 0.151524 0.0484489 4 5 3 5
21259 21206 53 5 0.299985 0.292327 0.00765789 6 3 6 3
21489 21149 340 4 0.299978 0.258663 0.0413155 8 1 8 1
23205 22893 312 2 0.499903 0.463282 0.0366207 5 4 5 4
25694 25640 54 1 0.399923 0.39309 0.00683361 6 3 6 2
25740 25681 59 9 0.199994 0.191917 0.00807744 7 2 7 2
27157 27065 92 0 0.0998905 0.0875859 0.0123046 7 2 7 2
27930 27807 123 8 0.399891 0.384182 0.0157091 7 2 7 2
28912 28592 320 7 0.0999837 0.0642095 0.0357742 7 2 7 2
