934 812 122 7 0.899908 0.886391 0.0135167 5 1 5 1
965 723 242 2 0.899934 0.869292 0.030642 3 0 3 0
2701 2361 340 0 0.699911 0.661225 0.0386863 6 1 6 1
3338 3279 59 8 0.599932 0.591671 0.00826026 7 2 7 2
4424 4091 333 1 0.499961 0.461999 0.0379625 8 0 8 0
5130 4829 301 9 0.399923 0.365686 0.0342373 9 0 9 0
7441 7094 347 7 0.299926 0.25795 0.0419757 9 0 9 0
7488 7377 111 3 0.0999208 0.0869539 0.012967 5 3 5 3
7563 7341 222 6 0.0999284 0.0734159 0.0265124 8 1 8 1
7580 7347 233 5 0.0999121 0.0724744 0.0274376 7 2 7 2
7706 7361 345 4 0.0999178 0.0594756 0.0404421 8 1 9 1
9310 9221 89 0 0.399997 0.386921 0.0130757 4 5 4 5
10473 10100 373 8 0.399901 0.358684 0.0412173 3 6 3 6
12503 12221 282 5 0.899897 0.86879 0.0311067 7 2 4 1
12705 12575 130 1 0.299997 0.28342 0.0165768 6 3 5 3
13382 13022 360 7 0.699835 0.654244 0.0455907 7 2 5 2
14530 14446 84 9 0.199905 0.190674 0.00923111 4 5 4 5
14950 14745 205 4 0.599987 0.574071 0.0259156 9 0 7 0
16948 16846 102 0 0.399909 0.386149 0.01376 8 1 7 1
18033 17902 131 3 0.199938 0.183278 0.01666 7 2 6 2
18151 17993 158 5 0.399952 0.380143 0.0198092 7 2 6 2
18391 18098 293 6 0.199945 0.163614 0.0363313 8 1 7 1
19106 18808 298 8 0.299899 0.264209 0.0356909 6 3 6 2
19927 19874 53 7 0.399962 0.392199 0.00776328 6 3 4 3
21773 21720 53 5 0.886708 0.877729 0.00897838 5 4 0 3
21939 21694 245 4 0.399902 0.370382 0.0295205 7 2 5 2
23231 23122 109 1 0.0999957 0.0880146 0.0119811 6 3 6 2
25273 25220 53 9 0.0999873 0.0921201 0.00786715 7 2 7 1
25679 25416 263 0 0.299898 0.268467 0.0314309 9 0 7 0
26626 26388 238 3 0.399914 0.373488 0.026426 8 1 7 1
27464 27247 217 5 0.399927 0.373547 0.0263803 7 2 6 2
28176 27887 289 8 0.299986 0.266229 0.0337572 5 4 5 3
29727 29366 361 6 0.0999325 0.0545648 0.0453677 8 1 7 1
