775 693 82 2 0.899864 0.888324 0.01154 4 0 4 0
797 725 72 4 0.89992 0.890326 0.00959446 3 0 3 0
1844 1649 195 0 0.799968 0.77601 0.0239585 4 1 4 1
4198 4027 171 8 0.499923 0.47741 0.0225128 8 0 8 0
5002 4893 109 7 0.399922 0.386362 0.0135599 8 0 8 0
6529 6426 103 1 0.199977 0.186985 0.0129913 9 0 9 0
6648 6593 55 3 0.199895 0.191969 0.00792609 8 1 8 1
7328 7070 258 4 0.299895 0.269353 0.0305414 9 0 9 0
7707 7385 322 6 0.0999735 0.0623039 0.0376696 8 1 8 1
7733 7419 314 5 0.0999714 0.063217 0.0367544 7 2 7 2
7783 7536 247 9 0.0999687 0.0702378 0.0297309 7 2 7 2
10583 10250 333 0 0.0999535 0.0609439 0.0390095 3 6 3 6
12453 12166 287 8 0.299844 0.264703 0.0351408 7 2 7 2
14543 14364 179 7 0.199948 0.178202 0.0217465 7 2 5 2
16577 16393 184 1 0.199965 0.17748 0.022485 8 1 6 1
16787 16542 245 5 0.399927 0.372364 0.027562 6 3 5 3
16837 16525 312 3 0.199946 0.160939 0.039007 8 1 7 1
17905 17776 129 4 0.099983 0.0850975 0.0148855 5 4 4 4
18456 18270 186 9 0.199954 0.176941 0.0230127 6 3 5 3
19146 18859 287 6 0.0999957 0.0664536 0.0335421 6 3 5 3
20576 20300 276 0 0.299896 0.266028 0.0338682 4 5 3 3
23086 22911 175 8 0.0999711 0.0792437 0.0207274 6 3 6 2
23247 22967 280 7 0.399969 0.367589 0.0323804 6 3 5 2
24074 24019 55 1 0.499856 0.489523 0.0103329 7 2 6 2
26356 26087 269 3 0.299854 0.268053 0.0318004 6 3 5 3
26420 26084 336 5 0.199907 0.161572 0.0383342 6 3 5 3
26909 26740 169 4 0.39989 0.378897 0.0209933 7 2 6 2
28803 28656 147 6 0.299901 0.282439 0.0174618 7 2 6 2
29608 29217 391 9 0.0998401 0.0523482 0.0474919 6 3 5 3
