796 719 77 3 0.899981 0.890416 0.00956469 5 0 5 0
2414 2348 66 4 0.699913 0.690574 0.00933869 8 0 8 0
2649 2432 217 1 0.699903 0.674636 0.0252675 6 0 6 0
2682 2437 245 6 0.699943 0.672479 0.0274641 5 0 5 0
2715 2409 306 5 0.699956 0.662972 0.036984 7 0 7 0
4976 4890 86 0 0.399893 0.389378 0.010515 7 2 7 2
5170 4973 197 7 0.399936 0.37463 0.0253058 9 0 9 0
6829 6548 281 9 0.199959 0.166908 0.0330508 7 2 7 2
7638 7362 276 2 0.0999291 0.0680169 0.0319122 6 3 6 3
7715 7440 275 8 0.0998561 0.0662872 0.033569 9 0 9 0
8952 8747 205 3 0.0998995 0.0750752 0.0248244 7 2 7 2
9251 9027 224 5 0.399897 0.374381 0.0255163 7 2 7 2
9924 9859 65 6 0.299942 0.290139 0.0098034 5 4 5 4
10231 9723 508 1 0.299881 0.243259 0.0566214 5 4 5 4
11537 11194 343 4 0.0997729 0.0585571 0.0412157 6 3 6 3
11707 11617 90 0 0.499941 0.487813 0.012128 4 5 4 5
15285 15205 80 7 0.099894 0.086974 0.0129199 8 1 8 1
15865 15616 249 2 0.499935 0.469978 0.0299563 7 2 6 2
18291 18114 177 8 0.199899 0.177598 0.0223011 6 3 6 3
18776 18430 346 5 0.199762 0.160618 0.0391447 6 3 6 3
18815 18536 279 3 0.299913 0.267013 0.0329001 7 2 7 2
19329 19057 272 1 0.299989 0.267028 0.0329611 7 2 7 2
19756 19693 63 0 0.299956 0.290664 0.00929152 7 2 7 2
20380 20270 110 6 0.0999254 0.0857701 0.0141553 7 2 7 2
22925 22775 150 4 0.0999078 0.0807423 0.0191655 4 5 4 5
23525 23472 53 0 0.899872 0.893488 0.00638397 8 1 1 0
24350 24053 297 7 0.399948 0.363453 0.0364947 6 3 4 3
25860 25603 257 2 0.0998967 0.0700347 0.0298621 6 3 5 3
26015 25959 56 3 0.499901 0.492051 0.00785061 6 3 6 1
26169 25546 623 5 0.599867 0.528029 0.0718383 7 2 6 1
26891 26649 242 8 0.399993 0.370822 0.0291708 4 5 4 4
28473 28180 293 1 0.299942 0.262699 0.0372437 6 3 5 2
