901 702 199 7 0.899983 0.876543 0.0234396 8 0 8 0
984 833 151 9 0.899922 0.878109 0.0218127 6 0 6 0
2389 2336 53 4 0.699951 0.691905 0.0080455 7 1 7 1
2477 2363 114 5 0.699942 0.685686 0.014256 8 1 8 1
2567 2340 227 1 0.699993 0.672561 0.027432 9 0 9 0
2613 2380 233 8 0.699925 0.672048 0.027877 9 0 9 0
2753 2442 311 3 0.699943 0.659602 0.0403412 7 1 7 1
3467 3276 191 2 0.599975 0.578134 0.0218408 8 0 8 0
4874 4767 107 9 0.599943 0.586694 0.0132491 5 3 5 3
5106 4857 249 0 0.399923 0.37034 0.0295827 9 0 9 0
5929 5628 301 6 0.299903 0.261685 0.038218 6 3 6 3
8864 8615 249 7 0.0999364 0.0688803 0.0310561 8 1 8 1
9254 8922 332 1 0.39989 0.357472 0.0424178 8 1 8 1
10467 10274 193 4 0.199925 0.175314 0.0246109 6 3 6 3
10679 10416 263 5 0.199935 0.167967 0.0319676 8 1 8 1
11593 11371 222 8 0.0999808 0.0746663 0.0253145 7 2 7 2
11849 11742 107 2 0.199981 0.185478 0.014503 6 3 6 3
12043 11696 347 3 0.0997734 0.0611355 0.0386379 6 3 6 3
14198 13984 214 9 0.0999734 0.0720647 0.0279087 7 2 7 2
14639 14337 302 0 0.19992 0.16244 0.0374797 6 3 6 3
16679 16425 254 6 0.09998 0.0671526 0.0328274 8 1 8 1
17296 16938 358 1 0.399895 0.355911 0.0439847 7 2 7 2
19478 19339 139 7 0.199951 0.18144 0.0185108 7 2 7 2
20572 20362 210 8 0.399897 0.375192 0.0247054 6 3 6 3
21569 21221 348 4 0.0999187 0.0559976 0.0439211 8 1 8 1
21817 21486 331 5 0.0998947 0.0621231 0.0377717 8 1 8 1
23042 22677 365 2 0.0999848 0.0561791 0.0438057 5 4 5 4
23902 23818 84 9 0.299937 0.287935 0.0120028 7 2 6 2
25648 25505 143 0 0.0999831 0.0827945 0.0171885 5 4 5 4
27550 27244 306 1 0.0999057 0.0645272 0.0353785 6 3 6 3
27911 27753 158 7 0.399958 0.377921 0.0220367 6 3 6 3
28251 27988 263 6 0.0999714 0.0699616 0.0300098 6 3 6 3
29125 28903 222 8 0.29996 0.274019 0.0259414 5 4 4 4
