837 783 54 2 0.899891 0.893542 0.00634911 5 0 5 0
908 824 84 3 0.89998 0.887587 0.0123927 7 0 7 0
2806 2444 362 4 0.699837 0.655123 0.0447138 9 0 9 0
2860 2452 408 9 0.699901 0.646552 0.0533487 7 1 7 1
4095 4040 55 0 0.499951 0.493553 0.00639831 8 0 8 0
4234 4150 84 8 0.499893 0.487205 0.0126886 6 2 6 2
4693 4601 92 3 0.599902 0.587372 0.0125297 8 1 8 1
4940 4621 319 7 0.399908 0.360558 0.0393505 6 2 6 2
5959 5705 254 6 0.299942 0.269972 0.0299706 4 5 4 5
7181 7024 157 2 0.299898 0.279926 0.0199714 7 2 7 2
7624 7281 343 5 0.0999671 0.0589537 0.0410134 8 1 8 1
7656 7344 312 1 0.0999933 0.0652284 0.034765 6 3 6 3
8660 8456 204 9 0.499995 0.474909 0.0250868 7 2 6 2
8721 8373 348 4 0.499986 0.459394 0.040592 7 2 7 2
11846 11635 211 9 0.899944 0.875488 0.0244552 8 1 2 0
11914 11859 55 0 0.299787 0.291741 0.00804597 7 2 6 2
12500 12213 287 3 0.29995 0.262648 0.0373016 7 2 7 2
13154 13038 116 8 0.199916 0.187165 0.0127511 7 2 7 2
15178 14912 266 7 0.0999677 0.0682309 0.0317368 7 2 7 2
15789 15516 273 6 0.199898 0.166912 0.0329856 7 2 7 2
15821 15747 74 2 0.299923 0.288323 0.0116003 8 1 7 1
16735 16429 306 5 0.399977 0.362513 0.0374647 7 2 7 2
16960 16721 239 4 0.299983 0.270954 0.0290295 6 3 6 3
18206 18153 53 9 0.299825 0.291906 0.00791952 6 3 6 3
19268 18961 307 1 0.0999678 0.0625299 0.0374378 6 3 6 3
19969 19830 139 0 0.399962 0.383443 0.0165193 7 2 7 2
21813 21459 354 8 0.399935 0.357662 0.0422733 6 3 6 3
22845 22658 187 5 0.599907 0.575853 0.0240545 8 1 7 0
23181 23097 84 3 0.0999554 0.0905386 0.00941681 8 1 8 1
24407 24144 263 6 0.399913 0.368991 0.0309223 8 1 8 1
24868 24529 339 2 0.299959 0.261263 0.0386963 6 3 6 3
25564 25226 338 9 0.499914 0.460078 0.0398357 7 2 7 2
26734 26546 188 7 0.0999572 0.078409 0.0215482 7 2 7 2
27031 26706 325 0 0.499991 0.460007 0.0399846 4 5 4 5
27815 27444 371 4 0.0999657 0.0548041 0.0451616 5 4 5 4
28753 28523 230 8 0.499987 0.472161 0.0278268 5 4 5 4
29826 29721 105 1 0.199917 0.186699 0.0132185 8 1 8 1
