811 758 53 3 0.899894 0.892586 0.00730829 7 0 7 0
1074 774 300 5 0.899892 0.864355 0.0355375 7 0 7 0
1743 1566 177 6 0.799957 0.779376 0.0205805 7 2 7 2
2292 2037 255 3 0.899904 0.871543 0.0283614 8 0 5 0
2457 2311 146 8 0.699934 0.681576 0.0183579 7 2 7 2
2502 2358 144 4 0.69997 0.681871 0.0180994 7 2 7 2
2857 2510 347 9 0.699964 0.658537 0.0414262 8 1 8 1
3284 3231 53 7 0.599985 0.592581 0.00740351 7 2 7 2
3442 3164 278 2 0.599897 0.566944 0.0329522 7 2 7 2
3562 3435 127 6 0.899867 0.882342 0.0175251 7 2 4 1
4415 4070 345 0 0.499941 0.45784 0.0421016 6 3 6 3
4755 4507 248 3 0.799976 0.76889 0.0310854 7 2 5 2
5184 4868 316 1 0.399957 0.361966 0.0379909 3 6 3 6
5364 5116 248 9 0.899982 0.869611 0.0303708 8 1 2 0
5748 5435 313 4 0.799938 0.763812 0.0361264 5 4 4 4
5975 5697 278 6 0.799943 0.76806 0.0318831 4 5 2 4
6779 6669 110 5 0.399989 0.387419 0.0125697 6 3 6 3
8019 7749 270 2 0.699928 0.668471 0.0314573 7 2 6 2
8228 7868 360 8 0.499992 0.454557 0.0454353 6 3 6 2
8547 8314 233 0 0.799986 0.77278 0.027206 7 2 5 1
8932 8580 352 6 0.799931 0.756291 0.0436398 7 2 6 2
9344 9029 315 3 0.599919 0.563089 0.0368308 7 2 7 2
9644 9479 165 1 0.799933 0.778823 0.0211106 7 2 6 2
10082 9868 214 7 0.399959 0.373626 0.0263337 6 3 6 3
10236 10128 108 5 0.899931 0.887717 0.0122137 5 4 3 2
10499 10235 264 2 0.899999 0.866958 0.0330408 8 1 4 1
10913 10860 53 9 0.399975 0.391807 0.00816881 4 5 4 5
10963 10869 94 4 0.499927 0.488128 0.0117986 5 4 5 4
12291 11972 319 3 0.899981 0.86293 0.0370514 7 2 2 1
12616 12400 216 6 0.699954 0.67247 0.0274838 7 2 6 2
13209 13040 169 1 0.699953 0.678205 0.0217478 6 3 6 3
13951 13835 116 8 0.599891 0.584041 0.0158501 6 3 5 3
14037 13674 363 0 0.499945 0.456131 0.0438147 7 2 7 2
14122 14067 55 5 0.5999 0.591317 0.00858278 6 3 6 3
14356 14300 56 7 0.79992 0.792731 0.00718952 7 2 6 2
16120 16063 57 2 0.386815 0.380195 0.00661952 6 3 6 3
16738 16633 105 5 0.899955 0.88615 0.0138053 7 2 4 0
16966 16857 109 1 0.699983 0.683847 0.0161365 6 3 6 3
17020 16752 268 9 0.599985 0.569236 0.0307494 6 3 6 3
17390 17146 244 4 0.499981 0.467553 0.032428 5 4 5 4
17995 17942 53 0 0.799854 0.793016 0.00683743 7 2 5 2
18152 17859 293 3 0.399894 0.364124 0.0357697 5 4 5 4
19067 19010 57 6 0.399949 0.392071 0.00787867 5 4 5 4
19373 19096 277 1 0.899911 0.86283 0.0370811 8 1 4 1
19407 19354 53 7 0.499894 0.492617 0.00727689 4 5 4 5
19993 19829 164 8 0.499909 0.480723 0.0191857 5 4 5 4
22321 22065 256 2 0.599965 0.571458 0.028507 6 3 4 3
22404 22051 353 5 0.399922 0.356403 0.043519 8 1 8 1
22506 22178 328 9 0.599917 0.561282 0.038635 5 4 4 4
22513 22440 73 3 0.799956 0.78926 0.0106961 7 2 5 1
23057 23004 53 0 0.499989 0.491018 0.00897057 6 3 6 3
23240 22860 380 4 0.599981 0.554829 0.0451524 6 3 6 3
23355 23234 121 1 0.599962 0.584985 0.0149767 7 2 7 2
24160 23944 216 7 0.699988 0.674148 0.0258395 5 4 4 4
24432 24205 227 3 0.899891 0.871878 0.0280133 7 2 2 0
25728 25386 342 8 0.599925 0.558663 0.0412625 6 3 6 3
25898 25706 192 6 0.499996 0.478362 0.0216341 4 5 4 5
26748 26579 169 2 0.699967 0.678895 0.0210722 8 1 7 1
26914 26681 233 3 0.799777 0.772202 0.0275747 8 1 7 1
27830 27605 225 9 0.599893 0.568045 0.031848 5 4 5 4
28690 28312 378 5 0.59997 0.553591 0.0463794 6 3 6 3
29351 29230 121 4 0.499961 0.484888 0.0150739 5 4 5 4
29374 29187 187 8 0.799844 0.775455 0.0243892 9 0 7 0
29787 29491 296 3 0.799992 0.765723 0.0342694 6 3 5 3
