841 788 53 0 0.899893 0.893154 0.00673861 5 0 5 0
899 768 131 1 0.899957 0.883758 0.0161984 3 0 3 0
919 781 138 3 0.899997 0.884804 0.0151928 6 0 6 0
1070 731 339 5 0.899891 0.86219 0.0377007 4 0 4 0
1637 1584 53 2 0.799911 0.794084 0.00582716 6 2 6 2
1685 1558 127 9 0.799974 0.784742 0.0152318 7 1 7 1
1883 1570 313 7 0.799955 0.762133 0.0378212 4 1 4 1
1894 1663 231 8 0.799925 0.771914 0.028011 3 4 3 4
3184 3025 159 1 0.799938 0.781488 0.0184502 6 1 6 1
3448 3290 158 2 0.89992 0.881592 0.0183276 7 2 5 1
3671 3345 326 9 0.899907 0.861214 0.0386932 7 1 4 1
4366 4019 347 4 0.499812 0.460984 0.0388277 5 4 5 4
4376 4101 275 6 0.499952 0.467081 0.0328701 5 4 5 4
4826 4460 366 8 0.799916 0.756686 0.0432296 7 2 6 2
5526 5473 53 3 0.49995 0.492621 0.00732863 6 3 6 3
5628 5310 318 7 0.699961 0.664833 0.0351271 5 3 5 3
6379 6297 82 0 0.399973 0.38948 0.010492 5 4 5 4
6752 6452 300 2 0.699994 0.663523 0.0364714 6 3 5 3
6888 6573 315 1 0.699905 0.663214 0.0366904 6 3 5 3
7534 7373 161 6 0.899921 0.879458 0.0204632 6 3 3 3
7732 7541 191 8 0.799955 0.775172 0.0247825 6 3 5 3
7809 7490 319 5 0.299796 0.262548 0.0372479 4 5 4 5
8416 8280 136 4 0.799913 0.783501 0.016412 4 5 4 5
8674 8294 380 9 0.499927 0.453029 0.0468981 5 4 5 4
9709 9456 253 7 0.699821 0.668696 0.0311252 4 5 4 5
10046 9955 91 1 0.799969 0.788072 0.0118965 7 2 6 2
10116 9780 336 2 0.799944 0.760701 0.0392434 5 4 5 3
10372 10315 57 8 0.793975 0.787354 0.00662064 6 3 5 3
10411 10091 320 3 0.69992 0.659111 0.0408086 5 4 5 4
11879 11717 162 4 0.699821 0.67751 0.0223112 5 4 5 3
11944 11889 55 7 0.899994 0.891696 0.00829815 7 2 6 0
12209 11867 342 2 0.899893 0.859402 0.0404917 8 1 5 0
12366 12151 215 6 0.499965 0.474629 0.0253356 8 1 7 1
12477 12174 303 0 0.599919 0.564453 0.0354659 5 4 5 4
13662 13305 357 5 0.699999 0.657371 0.0426275 7 2 7 2
13709 13472 237 3 0.799974 0.771911 0.028063 8 1 4 1
14688 14559 129 8 0.599952 0.583387 0.0165648 7 2 7 2
15150 15011 139 1 0.499962 0.482537 0.0174247 7 2 7 2
15152 15099 53 9 0.499922 0.491824 0.0080979 4 5 4 5
15191 14906 285 7 0.699797 0.664298 0.0354991 7 2 6 2
15226 14934 292 4 0.799955 0.764763 0.0351914 4 5 4 4
16431 16248 183 6 0.799991 0.778033 0.0219572 6 3 3 2
17422 17130 292 3 0.699894 0.666476 0.0334181 5 4 5 4
17943 17860 83 2 0.399968 0.388811 0.0111568 5 4 5 4
17995 17669 326 0 0.599776 0.561738 0.0380374 9 0 8 0
18458 18091 367 1 0.899878 0.858834 0.0410434 8 1 6 0
20377 20078 299 5 0.399934 0.361025 0.0389091 7 2 7 2
20685 20319 366 4 0.499972 0.454971 0.0450015 6 3 6 3
20818 20757 61 7 0.499903 0.491886 0.00801685 6 3 6 3
21551 21385 166 6 0.499854 0.481227 0.0186274 5 4 5 4
21556 21275 281 3 0.699991 0.663898 0.0360928 7 2 7 2
21593 21276 317 8 0.399963 0.362971 0.0369918 8 1 8 1
22355 22208 147 1 0.599932 0.580637 0.0192948 4 5 4 5
22995 22942 53 9 0.299911 0.293928 0.00598347 6 3 6 3
23808 23732 76 7 0.899953 0.891602 0.00835111 7 2 3 1
24109 23948 161 0 0.499901 0.477256 0.0226453 6 3 6 3
24751 24633 118 2 0.499981 0.485435 0.014546 6 3 6 3
24793 24624 169 4 0.799909 0.780709 0.0192004 5 4 3 3
24889 24670 219 5 0.799958 0.773099 0.0268583 7 2 7 2
25254 25049 205 8 0.899787 0.873534 0.026253 7 2 4 2
25691 25333 358 6 0.799806 0.758194 0.0416125 8 1 5 0
25893 25752 141 1 0.799896 0.782533 0.0173625 4 5 2 2
26952 26722 230 7 0.699997 0.673724 0.0262731 6 3 6 3
27029 26693 336 5 0.899804 0.858382 0.0414221 8 1 6 1
27228 27077 151 0 0.899999 0.88087 0.0191299 7 2 7 1
27910 27855 55 3 0.399862 0.391722 0.00814043 9 0 9 0
28473 28353 120 6 0.799927 0.786736 0.0131911 7 2 5 2
28506 28125 381 8 0.699981 0.652614 0.0473667 6 3 6 3
28646 28339 307 9 0.69999 0.66117 0.0388206 6 3 5 3
29135 28997 138 4 0.599945 0.583127 0.0168178 3 6 3 6
29397 29216 181 2 0.699931 0.678973 0.0209584 5 4 5 4
29475 29330 145 5 0.799979 0.780331 0.0196483 5 4 3 3
29550 29365 185 0 0.799959 0.775312 0.0246477 8 1 6 1
