825 755 70 5 0.899963 0.889971 0.00999184 8 0 8 0
932 781 151 9 0.899966 0.881286 0.0186802 8 0 8 0
1656 1603 53 4 0.799838 0.793413 0.00642432 8 1 8 1
1675 1587 88 6 0.799901 0.788066 0.0118356 6 1 6 1
1822 1615 207 2 0.799958 0.775482 0.0244764 8 1 8 1
2366 2065 301 5 0.89993 0.864358 0.0355724 7 1 6 1
3311 3037 274 9 0.799952 0.768501 0.0314514 5 4 3 4
3433 3311 122 4 0.89991 0.88486 0.0150497 8 1 6 0
3510 3288 222 8 0.599907 0.573002 0.0269055 9 0 9 0
3870 3520 350 2 0.899947 0.85925 0.0406966 8 1 6 0
4249 4075 174 7 0.499996 0.478485 0.0215102 7 2 7 2
4263 4146 117 3 0.499969 0.486777 0.013192 5 4 5 4
4511 4157 354 0 0.499859 0.457611 0.042248 6 3 6 3
4866 4744 122 4 0.899988 0.884243 0.0157455 5 4 4 3
5164 4944 220 1 0.399955 0.375162 0.0247933 5 4 5 4
5972 5838 134 6 0.599958 0.58518 0.0147788 4 5 4 5
6099 5957 142 9 0.799958 0.779982 0.0199755 5 4 3 2
7365 7019 346 4 0.799933 0.759673 0.0402599 7 2 5 0
7679 7570 109 0 0.899932 0.887951 0.0119811 7 2 6 1
7922 7706 216 8 0.699925 0.674707 0.0252183 6 3 6 3
8072 7972 100 3 0.799859 0.786432 0.0134265 9 0 8 0
8777 8664 113 5 0.299877 0.285538 0.0143396 8 1 8 1
8805 8482 323 2 0.499932 0.462052 0.0378798 5 4 5 4
8811 8474 337 6 0.899943 0.857072 0.042871 7 2 5 0
9036 8872 164 7 0.699925 0.676822 0.0231028 7 2 7 2
9675 9349 326 1 0.799944 0.762436 0.0375086 5 4 4 2
10318 10125 193 9 0.59991 0.57513 0.0247796 5 4 5 4
11561 11277 284 0 0.599971 0.563395 0.0365757 6 3 5 3
11884 11677 207 4 0.599891 0.572994 0.026897 5 4 5 4
12047 11939 108 6 0.699956 0.68434 0.0156157 4 5 4 5
12391 12298 93 3 0.599941 0.588353 0.0115882 2 7 2 7
13435 13324 111 8 0.499898 0.485026 0.0148717 5 4 5 4
13522 13194 328 1 0.699952 0.659691 0.0402617 7 2 7 2
13772 13687 85 7 0.599999 0.590658 0.00934111 7 2 7 2
14433 14218 215 5 0.69999 0.675206 0.0247836 6 3 6 3
15221 14992 229 6 0.799964 0.772553 0.0274109 7 2 5 2
15520 15348 172 4 0.799918 0.779174 0.0207441 7 2 6 2
15717 15396 321 9 0.599952 0.561878 0.0380734 6 3 6 3
16111 16025 86 2 0.399967 0.3901 0.00986702 6 3 6 3
16202 15852 350 0 0.699893 0.655608 0.0442845 8 1 8 1
17249 17113 136 7 0.799891 0.78397 0.015921 7 2 6 2
17406 17317 89 3 0.599913 0.587625 0.0122872 5 4 5 4
18319 18045 274 4 0.799919 0.76795 0.0319683 8 1 5 1
18444 18199 245 1 0.599918 0.569802 0.0301154 5 4 5 4
18679 18621 58 6 0.699997 0.692051 0.0079458 4 5 4 5
19281 19096 185 5 0.599998 0.578107 0.0218912 5 4 5 4
19874 19655 219 8 0.499968 0.470532 0.0294355 5 4 5 4
20332 20130 202 0 0.699939 0.675067 0.0248725 7 2 6 2
20800 20705 95 3 0.799893 0.788994 0.0108991 7 2 6 1
20956 20903 53 9 0.599976 0.593501 0.00647521 6 3 5 3
21252 21080 172 2 0.699944 0.679627 0.0203169 8 1 8 1
21673 21582 91 6 0.799904 0.787912 0.0119921 8 1 6 1
22514 22315 199 7 0.499974 0.476884 0.0230899 7 2 7 2
22837 22663 174 5 0.799996 0.779539 0.0204571 6 3 6 2
23432 23365 67 0 0.799931 0.79257 0.00736111 7 2 4 2
23582 23529 53 1 0.599956 0.592296 0.00765921 8 1 8 1
23759 23449 310 4 0.499996 0.461299 0.0386972 6 3 6 3
24453 24163 290 6 0.799937 0.76668 0.0332564 9 0 7 0
25284 24956 328 3 0.599998 0.560218 0.0397798 6 3 6 3
26042 25869 173 2 0.599959 0.578683 0.0212758 7 2 7 2
26173 26071 102 1 0.899977 0.886942 0.0130356 8 1 4 0
26493 26238 255 8 0.499956 0.470192 0.0297642 7 2 7 2
27045 26761 284 0 0.699943 0.665389 0.0345541 7 2 6 2
27265 27042 223 5 0.599893 0.574162 0.0257306 5 4 5 3
27401 27084 317 7 0.699999 0.663014 0.0369844 7 2 7 2
27728 27625 103 9 0.399995 0.386034 0.0139614 5 4 5 4
27980 27880 100 6 0.699932 0.686276 0.0136567 5 4 4 4
29589 29331 258 4 0.599824 0.569194 0.0306305 7 2 7 2
29709 29461 248 2 0.799919 0.770379 0.0295399 8 1 6 1
29964 29619 345 3 0.699972 0.66042 0.0395513 6 3 5 2
