786 717 69 5 0.899784 0.890091 0.00969358 6 0 6 0
934 807 127 1 0.899947 0.88406 0.0158875 8 0 8 0
1602 1545 57 0 0.799953 0.792229 0.00772401 8 1 8 1
1946 1661 285 4 0.799896 0.762356 0.0375401 8 0 8 0
2500 2439 61 3 0.699982 0.692006 0.00797586 6 2 6 2
2598 2395 203 2 0.69992 0.67646 0.0234598 5 2 5 2
2736 2448 288 8 0.699894 0.662645 0.0372487 8 1 8 1
3083 2858 225 5 0.799956 0.773033 0.0269224 5 2 5 2
3350 3297 53 7 0.599912 0.592259 0.00765341 5 4 4 4
3391 3301 90 6 0.599964 0.588322 0.0116423 8 1 8 1
4370 4113 257 9 0.499982 0.46875 0.0312319 5 3 5 3
4927 4730 197 1 0.599951 0.575919 0.0240321 7 2 7 2
5998 5842 156 7 0.899991 0.880075 0.0199164 6 3 5 1
6031 5907 124 6 0.899855 0.88157 0.0182851 7 2 5 2
6395 6210 185 4 0.599898 0.578146 0.0217517 7 2 6 2
6497 6444 53 5 0.692989 0.683966 0.00902382 5 4 5 4
6845 6629 216 0 0.49997 0.472081 0.0278888 8 1 8 1
8173 8015 158 2 0.49992 0.482172 0.0177483 9 0 9 0
8238 8142 96 9 0.799939 0.787727 0.0122113 6 3 6 2
8270 7953 317 3 0.499972 0.464379 0.0355931 7 2 7 2
8524 8342 182 1 0.799962 0.777038 0.0229246 8 1 8 1
9359 9026 333 8 0.399975 0.361049 0.0389257 7 2 7 2
9755 9452 303 5 0.799945 0.764552 0.0353923 8 1 6 0
10118 9812 306 7 0.599963 0.563659 0.0363045 5 4 5 4
10158 9865 293 6 0.599894 0.562408 0.0374858 4 5 4 5
10972 10642 330 4 0.699896 0.657096 0.0428001 7 2 5 2
11616 11466 150 0 0.699897 0.68183 0.0180671 6 3 6 3
12223 12137 86 3 0.799951 0.787243 0.0127079 7 2 6 2
13057 12873 184 1 0.599979 0.577351 0.022628 8 1 7 1
13317 13258 59 9 0.499868 0.492556 0.00731119 7 2 7 2
13597 13276 321 5 0.69991 0.663094 0.0368158 7 2 7 2
14672 14425 247 7 0.699946 0.671789 0.028157 7 2 7 2
14796 14463 333 6 0.699934 0.662633 0.0373014 6 3 6 3
14916 14730 186 3 0.799916 0.775316 0.0246004 6 3 4 2
15445 15209 236 2 0.399986 0.368633 0.0313537 6 3 6 3
15651 15287 364 8 0.599892 0.556084 0.0438076 6 3 6 3
15685 15406 279 0 0.699949 0.666557 0.0333922 5 4 4 4
16454 16175 279 9 0.899932 0.866558 0.0333747 8 1 4 0
17565 17427 138 4 0.399929 0.380758 0.0191708 7 2 7 2
18009 17950 59 6 0.77975 0.773027 0.00672326 6 3 6 2
18145 17926 219 0 0.899945 0.873736 0.0262087 7 2 6 1
19309 19192 117 3 0.599909 0.586708 0.0132004 9 0 9 0
19374 19308 66 7 0.59995 0.590129 0.00982068 7 2 7 2
20132 19767 365 1 0.399982 0.35644 0.043542 8 1 8 1
20594 20294 300 9 0.599892 0.563481 0.0364116 5 4 5 4
20840 20778 62 5 0.299955 0.289955 0.00999984 5 4 5 4
20889 20798 91 8 0.599985 0.588445 0.0115407 7 2 7 2
21629 21327 302 2 0.599974 0.5615 0.0384738 5 4 5 4
22761 22584 177 4 0.699913 0.677183 0.0227295 6 3 3 3
22778 22678 100 7 0.79994 0.787673 0.0122664 7 2 1 1
23357 23094 263 6 0.499797 0.466931 0.0328661 4 5 4 5
24028 23710 318 0 0.399921 0.364387 0.0355336 5 4 5 4
25530 25350 180 7 0.799912 0.778551 0.021361 6 3 6 3
25703 25128 575 2 0.799972 0.702448 0.0975235 9 0 6 0
25709 25656 53 4 0.799963 0.792425 0.00753769 6 3 4 2
26171 25884 287 8 0.599919 0.566361 0.0335572 7 2 7 2
26403 26135 268 1 0.599936 0.563496 0.0364401 5 4 5 4
26405 26235 170 5 0.699998 0.67682 0.023178 6 3 5 3
26831 26700 131 3 0.299981 0.28558 0.0144011 3 6 3 6
27508 27338 170 4 0.899955 0.878083 0.0218723 7 2 5 2
28206 28072 134 7 0.799985 0.784855 0.0151294 6 3 4 3
28510 28280 230 0 0.799911 0.773256 0.0266553 8 1 5 1
28573 28218 355 9 0.299898 0.255591 0.0443071 5 4 5 4
29076 28868 208 6 0.599931 0.57487 0.0250614 4 5 4 5
29876 29551 325 5 0.768897 0.731857 0.0370402 4 5 4 5
