878 704 174 9 0.899894 0.879058 0.0208363 6 0 6 0
1811 1635 176 1 0.799894 0.778234 0.0216592 8 1 8 1
2476 2416 60 5 0.699922 0.692594 0.00732797 9 0 9 0
2498 2166 332 9 0.899922 0.859408 0.0405136 9 0 6 0
2503 2450 53 3 0.699944 0.692484 0.00745956 7 2 7 2
2556 2441 115 8 0.699866 0.686154 0.013712 7 2 7 2
2583 2419 164 2 0.699978 0.681887 0.0180917 8 1 8 1
2692 2388 304 0 0.699937 0.662073 0.0378645 9 0 9 0
2734 2392 342 7 0.699812 0.65913 0.040682 8 1 7 1
3458 3141 317 6 0.599938 0.561922 0.0380165 5 4 5 4
4709 4569 140 3 0.899906 0.884166 0.0157398 8 1 4 0
4995 4847 148 4 0.39998 0.38232 0.0176601 6 3 6 3
5215 5003 212 7 0.899893 0.87522 0.0246732 8 1 3 1
6056 5747 309 0 0.799999 0.763741 0.0362581 9 0 8 0
6150 5862 288 1 0.599893 0.566226 0.0336671 7 2 7 2
6663 6557 106 7 0.899924 0.888272 0.0116511 8 1 4 1
6732 6417 315 9 0.59978 0.563797 0.0359831 8 1 7 1
7092 6959 133 5 0.599899 0.580841 0.0190579 7 2 7 2
7440 7128 312 8 0.59997 0.562362 0.0376079 5 4 4 4
7972 7758 214 6 0.699938 0.675745 0.0241925 6 3 6 3
8215 8039 176 2 0.499959 0.477958 0.0220007 6 3 6 3
8424 8350 74 4 0.899972 0.891841 0.00813111 7 2 3 0
9572 9428 144 3 0.499968 0.482931 0.0170366 4 5 4 5
9822 9697 125 4 0.899947 0.883443 0.0165039 7 2 5 2
9828 9738 90 7 0.699984 0.689264 0.0107203 6 3 6 3
9875 9602 273 1 0.799771 0.766966 0.0328051 8 1 7 1
10551 10331 220 0 0.599933 0.575031 0.024902 6 3 6 3
11149 10865 284 6 0.799835 0.764614 0.0352208 8 1 7 1
11928 11642 286 8 0.699917 0.667377 0.0325403 8 1 8 1
11998 11885 113 4 0.799938 0.783973 0.0159651 5 4 5 4
12150 11822 328 9 0.599907 0.560386 0.0395208 6 3 6 3
13373 13107 266 0 0.899995 0.868238 0.0317573 8 1 6 1
13904 13492 412 7 0.699767 0.649112 0.0506543 7 2 7 2
14434 14147 287 8 0.899892 0.865864 0.0340275 7 2 4 2
14766 14547 219 5 0.299936 0.275855 0.0240811 5 4 5 4
15017 14964 53 3 0.599908 0.591894 0.00801376 6 3 6 3
15159 14963 196 1 0.49998 0.477465 0.0225147 8 1 8 1
15536 15378 158 2 0.399995 0.380726 0.0192688 6 3 6 3
15606 15481 125 6 0.599978 0.582057 0.0179207 8 1 8 1
16418 16123 295 4 0.599953 0.566041 0.0339124 8 1 8 1
16615 16385 230 0 0.699944 0.671949 0.0279959 9 0 7 0
17256 16997 259 7 0.799907 0.768685 0.0312219 4 5 2 5
17624 17550 74 8 0.699998 0.691885 0.00811261 6 3 4 3
18287 18110 177 9 0.499911 0.47847 0.0214414 6 3 6 3
19113 18828 285 0 0.899983 0.865416 0.0345668 8 1 5 1
20139 19804 335 1 0.699992 0.657667 0.0423255 7 2 6 2
20146 20010 136 3 0.599914 0.582683 0.0172303 7 2 7 2
20724 20574 150 2 0.699945 0.682243 0.0177019 7 2 7 2
20732 20583 149 6 0.599959 0.581319 0.0186395 6 3 6 3
21110 20761 349 7 0.699996 0.65401 0.0459863 6 3 5 3
21257 21051 206 5 0.59993 0.57245 0.0274802 6 3 6 3
21340 21285 55 0 0.799816 0.791575 0.00824129 4 5 3 5
22752 22448 304 4 0.499986 0.463484 0.0365021 5 4 5 4
23025 22848 177 2 0.899932 0.875292 0.0246408 5 4 5 3
23224 23057 167 8 0.499983 0.479079 0.0209036 4 5 4 5
23412 23302 110 6 0.899844 0.88704 0.0128042 6 3 3 1
24504 24255 249 3 0.699983 0.670548 0.0294354 8 1 8 1
24563 24381 182 2 0.89978 0.876306 0.0234744 6 3 5 2
24774 24575 199 9 0.499907 0.474775 0.0251316 6 3 6 3
24924 24640 284 0 0.699951 0.664341 0.0356099 7 2 7 2
25428 25006 422 7 0.699909 0.651785 0.0481243 7 2 5 2
25872 25524 348 5 0.699975 0.656878 0.0430977 5 4 4 2
26721 26601 120 1 0.399929 0.384314 0.0156147 6 3 6 3
27788 27559 229 2 0.69992 0.670268 0.0296524 5 4 5 4
28124 27987 137 6 0.499945 0.484884 0.0150611 6 3 6 3
28241 27869 372 8 0.7 0.653316 0.0466835 7 2 5 2
28587 28216 371 3 0.699996 0.654859 0.0451374 7 2 6 2
28918 28615 303 9 0.8 0.76466 0.0353395 7 2 4 2
29158 28963 195 4 0.499938 0.476254 0.0236838 4 5 4 5
29405 29352 53 7 0.69989 0.691666 0.00822333 6 3 6 3
29732 29648 84 0 0.59995 0.586633 0.0133171 3 6 3 6
