862 768 94 4 0.899826 0.88615 0.0136757 7 0 7 0
878 751 127 1 0.899955 0.883884 0.0160709 5 0 5 0
1725 1589 136 6 0.799955 0.78177 0.0181852 8 0 8 0
1770 1596 174 3 0.799998 0.778672 0.021326 6 2 6 2
1961 1655 306 8 0.799914 0.759788 0.0401262 9 0 9 0
2633 2450 183 5 0.699858 0.677636 0.0222216 6 2 6 2
2683 2372 311 0 0.699998 0.66193 0.0380677 7 2 7 2
3251 3190 61 2 0.599915 0.59138 0.00853528 7 2 7 2
3415 3225 190 9 0.59995 0.577037 0.0229131 6 3 6 3
3470 3247 223 7 0.599976 0.573022 0.0269535 7 2 7 2
4017 3831 186 1 0.699986 0.678764 0.0212221 9 0 9 0
4503 4291 212 6 0.799894 0.77467 0.0252243 7 2 5 2
5742 5645 97 5 0.799974 0.787303 0.0126717 8 1 8 0
6407 6106 301 1 0.899904 0.863025 0.0368794 9 0 5 0
6530 6298 232 4 0.39999 0.373213 0.0267773 8 1 8 1
7025 6815 210 9 0.799914 0.773651 0.0262627 7 2 6 2
7936 7591 345 3 0.399949 0.359523 0.0404255 7 2 7 2
8020 7954 66 6 0.699888 0.690914 0.00897349 7 2 5 2
8421 8158 263 2 0.599951 0.567542 0.0324097 8 1 8 1
8775 8643 132 1 0.799991 0.782219 0.0177721 6 3 5 3
9002 8710 292 8 0.299925 0.266778 0.033147 6 3 6 3
9231 9050 181 0 0.399853 0.378578 0.0212746 7 2 7 1
9428 9089 339 5 0.699907 0.656942 0.042965 7 2 6 2
10476 10222 254 7 0.399948 0.367201 0.0327466 5 4 5 4
11583 11319 264 1 0.799939 0.768105 0.0318345 6 3 6 3
12069 11724 345 6 0.699949 0.659925 0.0400235 6 3 6 3
13017 12909 108 9 0.399931 0.386121 0.01381 8 1 8 1
13102 12860 242 8 0.899972 0.872596 0.0273765 6 3 5 2
13353 13048 305 3 0.699985 0.663706 0.0362788 6 3 6 3
13775 13465 310 0 0.799991 0.760135 0.0398561 7 2 7 2
14229 14040 189 4 0.39995 0.376222 0.0237283 4 5 4 5
14470 14284 186 2 0.499953 0.478242 0.021711 6 3 6 3
15302 15249 53 8 0.799904 0.794072 0.00583199 5 4 5 4
15862 15743 119 5 0.399926 0.385281 0.0146453 5 4 5 4
15922 15589 333 3 0.899949 0.859074 0.0408757 7 2 3 0
16986 16818 168 6 0.59989 0.575987 0.0239029 7 2 7 2
17010 16629 381 1 0.499973 0.452229 0.0477439 6 3 5 3
17816 17662 154 4 0.899912 0.879961 0.0199506 5 4 3 1
19074 18919 155 7 0.299991 0.281435 0.0185554 6 3 6 3
19260 18882 378 0 0.499958 0.452203 0.0477551 7 2 6 2
19492 19436 56 8 0.59992 0.592827 0.00709258 5 4 5 4
20005 19863 142 2 0.599786 0.581455 0.0183308 5 4 5 4
20086 19822 264 3 0.599906 0.569468 0.0304378 7 2 6 2
20570 20470 100 9 0.399931 0.386296 0.0136353 5 4 5 4
20917 20764 153 4 0.699902 0.680599 0.0193032 6 3 6 2
22096 21725 371 1 0.699939 0.654816 0.0451233 4 5 4 4
22873 22809 64 8 0.799919 0.792464 0.00745416 7 2 6 2
23816 23666 150 7 0.799942 0.782587 0.0173553 7 2 7 2
24020 23712 308 6 0.399995 0.36378 0.0362153 9 0 9 0
24045 23901 144 4 0.79997 0.783087 0.016883 8 1 8 0
24496 24161 335 2 0.699934 0.659026 0.0409082 7 2 7 2
24497 24372 125 1 0.899964 0.885693 0.014271 6 3 5 3
24531 24319 212 5 0.299899 0.274047 0.0258521 7 2 7 2
25387 25207 180 3 0.599892 0.578508 0.0213838 7 2 7 2
26710 26359 351 9 0.599893 0.558365 0.0415279 8 1 8 1
27191 27061 130 8 0.599911 0.583569 0.016342 8 1 8 1
27335 27194 141 0 0.299921 0.283982 0.0159393 7 2 7 2
27599 27413 186 1 0.699909 0.677169 0.02274 6 3 6 3
28451 28250 201 4 0.599973 0.577134 0.0228391 5 4 5 4
29270 28937 333 7 0.499996 0.459155 0.0408417 6 3 6 3
29334 29011 323 6 0.699959 0.662506 0.0374529 8 1 7 1
29364 29268 96 2 0.599837 0.587069 0.0127681 6 3 6 3
29967 29628 339 3 0.699805 0.658113 0.0416923 5 4 5 4
