796 719 77 3 0.899981 0.890416 0.00956469 6 0 6 0
829 732 97 4 0.899963 0.886909 0.0130533 7 0 7 0
847 783 64 9 0.899896 0.890472 0.00942496 7 0 7 0
878 817 61 8 0.899973 0.891289 0.00868396 6 2 6 2
953 777 176 0 0.899966 0.878121 0.0218442 8 0 8 0
1030 761 269 6 0.899959 0.870075 0.0298832 5 0 5 0
1851 1613 238 5 0.799952 0.76893 0.0310216 7 1 7 1
2265 2059 206 4 0.899983 0.877331 0.0226511 7 1 4 1
2531 2475 56 2 0.699828 0.692876 0.00695142 6 1 6 1
3209 2896 313 9 0.799996 0.762726 0.03727 9 0 8 0
3520 3208 312 6 0.799899 0.764816 0.0350835 8 0 7 0
3946 3638 308 5 0.899903 0.863717 0.0361864 8 1 5 1
4239 4133 106 7 0.499982 0.485966 0.0140158 4 4 4 4
4509 4151 358 1 0.499898 0.457805 0.0420932 7 2 7 2
4548 4440 108 3 0.599943 0.587383 0.0125593 9 0 8 0
5025 4806 219 0 0.599956 0.573346 0.0266095 7 2 7 2
5574 5199 375 4 0.699947 0.656516 0.043431 7 2 6 2
6462 6143 319 6 0.799894 0.764197 0.0356975 6 2 4 2
6495 6272 223 2 0.699906 0.6717 0.0282062 7 2 6 2
6574 6281 293 8 0.39991 0.365641 0.034269 5 4 5 4
7394 7187 207 7 0.899894 0.874482 0.025412 5 3 3 0
8812 8705 107 5 0.499989 0.486256 0.0137334 7 2 7 2
9477 9252 225 9 0.399916 0.373932 0.0259844 6 3 6 3
9578 9258 320 0 0.699968 0.6621 0.0378675 8 1 8 1
10288 10080 208 1 0.599904 0.572762 0.0271421 8 1 7 1
10401 10148 253 4 0.599859 0.568987 0.0308717 8 1 7 1
11236 11156 80 7 0.599911 0.58828 0.0116313 7 2 7 2
11285 11120 165 3 0.399946 0.37957 0.0203761 7 2 7 2
12596 12420 176 6 0.399969 0.377965 0.0220046 6 3 6 3
12715 12606 109 5 0.799999 0.786661 0.0133384 5 4 3 4
12733 12495 238 8 0.59998 0.571985 0.027995 8 1 8 1
13528 13469 59 0 0.6999 0.690997 0.0089031 4 5 3 5
13737 13592 145 2 0.299905 0.280716 0.0191893 7 2 7 2
13939 13755 184 7 0.899926 0.879091 0.0208342 7 2 3 0
15627 15488 139 4 0.599898 0.583329 0.0165682 5 4 5 4
15657 15391 266 9 0.599994 0.565043 0.0349507 7 2 7 2
15660 15329 331 8 0.899996 0.858228 0.0417676 8 1 5 1
16185 16132 53 1 0.499987 0.491906 0.0080811 5 4 5 4
16216 16105 111 7 0.799859 0.784157 0.0157014 6 3 6 3
16627 16374 253 3 0.69991 0.670969 0.0289402 6 3 6 3
17489 17266 223 0 0.699975 0.672019 0.0279558 6 3 5 3
17716 17663 53 6 0.699969 0.693524 0.00644514 5 4 4 4
18280 18157 123 4 0.89993 0.885009 0.0149209 6 3 3 0
18377 18263 114 9 0.899977 0.883719 0.0162576 6 3 2 1
18752 18572 180 5 0.399874 0.377718 0.0221556 4 5 4 5
18983 18804 179 3 0.899896 0.878141 0.0217544 6 3 5 3
19126 18765 361 8 0.699909 0.654589 0.0453205 7 2 7 2
19644 19591 53 4 0.899852 0.892004 0.00784757 7 2 3 1
20103 19794 309 6 0.899924 0.864545 0.0353796 6 3 5 2
20657 20459 198 7 0.599937 0.575609 0.0243278 6 3 5 3
21105 20764 341 1 0.699971 0.658288 0.0416833 7 2 6 2
21974 21694 280 2 0.399986 0.368971 0.0310145 7 2 7 2
22818 22569 249 4 0.699938 0.670776 0.0291617 7 2 7 2
23312 23023 289 8 0.699932 0.664224 0.0357079 7 2 7 2
23502 23370 132 1 0.899878 0.88376 0.0161182 5 4 4 2
23530 23180 350 6 0.699917 0.659586 0.0403309 5 4 5 3
23995 23826 169 9 0.399961 0.378691 0.02127 4 5 4 5
24087 23811 276 5 0.69999 0.666857 0.0331328 6 3 6 3
24147 23793 354 0 0.4 0.357005 0.0429952 8 1 8 1
24515 24460 55 3 0.399994 0.392966 0.00702823 4 5 4 5
26594 26289 305 5 0.899961 0.86273 0.0372317 6 3 5 3
26615 26561 54 7 0.499927 0.493294 0.00663248 7 2 7 2
26886 26646 240 6 0.799986 0.770292 0.0296947 5 4 5 3
27906 27544 362 4 0.599813 0.556541 0.0432729 8 1 8 1
28056 27997 59 5 0.899927 0.892631 0.00729659 7 2 4 2
28219 27931 288 2 0.599919 0.564185 0.035734 7 2 7 2
28439 28108 331 1 0.499998 0.461243 0.0387556 3 6 3 6
28735 28642 93 3 0.799952 0.787871 0.0120809 4 5 4 4
28862 28702 160 6 0.899919 0.882014 0.0179052 7 2 4 1
29922 29778 144 8 0.399968 0.381431 0.0185377 5 4 5 4
