789 729 60 1 0.89998 0.893085 0.00689483 5 0 5 0
929 750 179 7 0.899805 0.879118 0.0206867 7 0 7 0
930 811 119 4 0.899904 0.884502 0.0154019 2 1 2 1
1143 816 327 0 0.899931 0.861596 0.0383358 5 0 5 0
2305 2009 296 1 0.899938 0.866429 0.0335087 7 1 5 1
2549 2216 333 4 0.899917 0.860104 0.0398128 6 1 6 1
2591 2373 218 9 0.699834 0.67463 0.025204 7 2 7 2
2645 2436 209 3 0.699913 0.67536 0.0245528 5 3 5 3
2718 2474 244 5 0.699965 0.672663 0.0273021 6 3 6 3
2735 2477 258 8 0.699982 0.669419 0.0305627 7 2 7 2
2740 2419 321 2 0.699879 0.660919 0.0389599 6 2 6 2
2790 2480 310 6 0.699991 0.663961 0.0360306 8 1 8 1
2839 2556 283 0 0.8999 0.867816 0.0320843 6 1 2 1
4995 4695 300 9 0.899955 0.865681 0.0342747 8 1 6 1
5010 4714 296 7 0.599932 0.567114 0.0328185 7 2 7 2
5236 4867 369 5 0.899946 0.855936 0.04401 8 1 8 1
5494 5329 165 1 0.699997 0.679889 0.0201081 7 2 6 2
6018 5871 147 0 0.699912 0.682665 0.017247 8 1 8 1
6038 5803 235 8 0.799901 0.772117 0.027784 6 3 4 3
6186 5875 311 6 0.799926 0.761844 0.038082 9 0 7 0
6876 6701 175 5 0.899901 0.877567 0.0223335 6 3 4 2
6938 6635 303 2 0.69992 0.664849 0.0350709 5 4 4 4
7242 7189 53 9 0.79991 0.791823 0.00808638 8 1 7 1
7735 7636 99 1 0.899929 0.887209 0.0127196 9 0 5 0
7799 7640 159 7 0.899925 0.880371 0.0195548 7 2 5 1
8827 8638 189 8 0.799967 0.778513 0.021454 9 0 7 0
9067 8801 266 6 0.799958 0.769903 0.0300546 8 1 8 1
9072 9006 66 1 0.899975 0.890375 0.00960013 7 2 4 2
9166 8880 286 9 0.899946 0.86789 0.0320556 8 1 5 1
9192 9091 101 7 0.899948 0.888688 0.0112602 7 2 5 1
9394 9018 376 4 0.283868 0.239211 0.0446564 8 1 8 1
9920 9717 203 0 0.699985 0.673275 0.0267097 6 3 6 3
10062 9820 242 3 0.299891 0.271405 0.0284859 7 2 7 2
10689 10553 136 8 0.899993 0.881616 0.0183771 5 4 4 4
10895 10715 180 5 0.599904 0.578957 0.0209466 6 3 6 3
11632 11388 244 9 0.799958 0.770463 0.0294951 6 3 5 3
12001 11651 350 2 0.599912 0.55787 0.0420413 4 5 4 5
12179 12076 103 0 0.89998 0.886807 0.0131729 7 2 5 2
13420 13337 83 4 0.899869 0.890039 0.00983049 8 1 6 1
13494 13345 149 9 0.899991 0.881305 0.0186861 7 2 7 1
13629 13425 204 0 0.899916 0.87669 0.0232255 8 1 6 1
13875 13617 258 1 0.499934 0.470505 0.0294285 8 1 8 1
14061 13755 306 7 0.499976 0.463237 0.0367398 7 2 7 2
15740 15671 69 6 0.299992 0.291096 0.00889585 7 2 7 2
16968 16864 104 8 0.299921 0.28849 0.0114311 9 0 9 0
17042 16783 259 5 0.499911 0.469507 0.0304038 9 0 9 0
17320 17238 82 9 0.599875 0.587969 0.0119068 9 0 9 0
18192 18028 164 3 0.399916 0.381507 0.0184089 9 0 9 0
18266 18002 264 4 0.499918 0.467909 0.032009 7 2 7 2
18641 18319 322 0 0.499899 0.460762 0.0391376 5 4 5 4
19005 18786 219 2 0.399921 0.37445 0.0254708 3 6 3 6
19894 19633 261 7 0.599964 0.56735 0.0326148 4 5 4 5
20445 20301 144 1 0.499977 0.480806 0.0191717 2 7 2 7
21644 21566 78 3 0.899952 0.890966 0.00898537 7 2 6 2
21890 21544 346 9 0.699978 0.656435 0.0435427 8 1 6 1
21963 21641 322 5 0.699969 0.66177 0.0381984 5 4 5 4
22884 22764 120 6 0.499786 0.48374 0.0160459 6 3 6 3
23373 23320 53 0 0.699955 0.692511 0.00744364 7 2 7 2
24097 23803 294 3 0.79998 0.76385 0.0361294 8 1 5 1
24250 23990 260 8 0.499901 0.468732 0.031168 7 2 7 2
24282 24150 132 9 0.899941 0.883405 0.0165361 8 1 5 1
25083 25012 71 7 0.599959 0.591394 0.00856517 6 3 6 3
25165 24786 379 2 0.599978 0.55614 0.0438374 8 1 8 1
25343 25053 290 5 0.799894 0.766973 0.0329213 4 5 3 3
25356 25028 328 1 0.699978 0.661893 0.0380845 5 4 5 4
25622 25483 139 0 0.8999 0.884207 0.0156924 6 3 3 2
26526 26296 230 4 0.299919 0.270821 0.0290977 4 5 4 5
27506 27170 336 5 0.899894 0.858709 0.0411855 7 2 5 1
27865 27629 236 3 0.699999 0.672167 0.0278318 5 4 4 4
28111 28009 102 9 0.599943 0.586872 0.0130707 6 3 6 3
28435 28123 312 8 0.799917 0.764403 0.0355135 7 2 6 2
28730 28404 326 7 0.799932 0.763513 0.0364186 8 1 7 1
29430 29288 142 1 0.699924 0.682457 0.0174672 5 4 5 3
29579 29225 354 6 0.499948 0.458732 0.0412162 5 4 5 4
