941 779 162 8 0.899915 0.879181 0.0207348 8 0 8 0
1002 817 185 4 0.899939 0.876287 0.0236519 7 1 7 1
1634 1554 80 6 0.799904 0.789478 0.0104263 9 0 9 0
1700 1590 110 3 0.799867 0.786188 0.0136791 8 0 8 0
1864 1628 236 1 0.79993 0.772644 0.0272865 6 2 6 2
3241 3167 74 5 0.599954 0.588357 0.0115971 7 2 7 2
3247 3072 175 8 0.799959 0.778001 0.0219579 9 0 7 0
3271 3180 91 7 0.599786 0.587692 0.0120941 5 4 5 4
3349 3258 91 9 0.599951 0.58995 0.0100011 8 1 8 1
3536 3170 366 2 0.599969 0.556815 0.0431538 9 0 9 0
3698 3407 291 3 0.899928 0.86584 0.0340876 7 1 3 1
4359 4085 274 0 0.49993 0.466306 0.0336238 6 3 6 3
4785 4531 254 1 0.79999 0.769652 0.0303385 4 4 2 3
5846 5790 56 7 0.89997 0.892422 0.00754896 8 1 8 1
6008 5856 152 9 0.89994 0.881064 0.0188765 9 0 6 0
6604 6550 54 5 0.799954 0.792206 0.00774874 9 0 9 0
6657 6438 219 4 0.399931 0.37375 0.0261811 7 2 7 2
6706 6618 88 6 0.49983 0.488054 0.0117754 6 3 6 3
6847 6703 144 3 0.699913 0.679737 0.0201752 7 2 6 2
7389 7293 96 1 0.799924 0.787906 0.0120181 5 4 4 4
7661 7402 259 8 0.599942 0.568779 0.0311626 6 3 6 3
8386 8289 97 5 0.89995 0.886673 0.0132772 7 2 4 2
9042 8966 76 9 0.699938 0.689149 0.0107891 7 2 6 2
9093 8963 130 3 0.899973 0.881255 0.0187176 5 4 5 3
9179 9049 130 0 0.699928 0.682527 0.0174017 4 5 3 5
9929 9612 317 7 0.599928 0.561224 0.0387039 6 3 6 3
10113 9926 187 1 0.79989 0.775572 0.0243181 6 3 5 3
11215 11069 146 2 0.299963 0.280802 0.0191605 5 4 5 4
11303 11130 173 9 0.899919 0.880637 0.0192815 8 1 4 0
11966 11704 262 4 0.699988 0.667427 0.0325615 7 2 7 2
12191 12085 106 6 0.599991 0.585972 0.0140195 6 3 6 3
12242 12094 148 5 0.599948 0.583188 0.0167602 6 3 6 3
12296 11977 319 8 0.699945 0.658211 0.0417342 7 2 5 1
12333 12062 271 3 0.699959 0.665345 0.0346138 7 2 7 2
13604 13502 102 1 0.699968 0.683998 0.0159695 5 4 2 4
15017 14753 264 5 0.899962 0.869297 0.0306651 7 2 3 0
15352 15032 320 7 0.599976 0.560686 0.0392899 6 3 6 3
15920 15721 199 2 0.799965 0.77419 0.0257744 8 1 8 0
16302 15944 358 9 0.499892 0.458794 0.041098 8 1 7 1
16322 16212 110 8 0.699944 0.685322 0.0146222 8 1 8 1
16378 16236 142 0 0.299956 0.280949 0.0190066 6 3 6 3
16990 16726 264 4 0.599912 0.567863 0.0320483 6 3 6 2
18068 17885 183 3 0.499932 0.47683 0.0231023 5 4 5 4
18210 18073 137 5 0.699987 0.681411 0.0185752 7 2 6 2
20005 19736 269 7 0.699959 0.667549 0.0324107 7 2 7 2
20087 19745 342 6 0.299958 0.259924 0.0400346 6 3 6 3
20265 19913 352 1 0.399898 0.357589 0.0423081 6 3 6 3
21116 21017 99 2 0.4999 0.486412 0.013488 5 4 5 4
21138 21047 91 9 0.699985 0.686437 0.0135479 5 4 5 4
21866 21813 53 0 0.699964 0.693079 0.00688548 6 3 6 3
22112 22021 91 5 0.699951 0.689748 0.0102031 6 3 6 3
22147 21835 312 8 0.499988 0.464156 0.0358314 4 5 4 5
22257 22079 178 4 0.599974 0.578127 0.0218468 3 6 3 6
24124 23948 176 0 0.899953 0.879532 0.020421 7 2 3 0
24668 24392 276 3 0.499997 0.468244 0.0317534 6 3 6 3
24938 24753 185 6 0.799904 0.776707 0.0231963 7 2 7 2
25024 24810 214 9 0.699899 0.674089 0.0258104 8 1 7 1
25253 25164 89 8 0.899999 0.887613 0.0123863 7 2 5 2
25661 25339 322 1 0.699946 0.662143 0.0378031 8 1 8 1
25697 25447 250 0 0.899978 0.86715 0.032828 8 1 5 1
25755 25649 106 4 0.799966 0.785961 0.0140052 6 3 6 1
26522 26403 119 2 0.599941 0.584039 0.0159019 6 3 6 2
26757 26676 81 5 0.599917 0.59014 0.00977694 6 3 6 3
27379 27287 92 7 0.299944 0.288918 0.0110259 7 2 7 2
27886 27690 196 3 0.899898 0.876044 0.0238541 8 1 7 1
28061 27906 155 1 0.899966 0.880592 0.0193738 7 2 4 1
28454 28291 163 4 0.799855 0.781029 0.0188259 8 1 6 0
28849 28789 60 9 0.699973 0.69171 0.0082634 4 5 4 5
29512 29220 292 3 0.899953 0.866654 0.0332986 7 2 4 1
29663 29386 277 1 0.899946 0.866885 0.0330615 9 0 5 0
29762 29587 175 0 0.599908 0.577943 0.0219654 5 4 5 4
