858 804 54 2 0.899955 0.892639 0.00731628 7 0 7 0
890 771 119 3 0.899986 0.883936 0.0160498 5 0 5 0
946 683 263 6 0.899971 0.869985 0.0299857 6 0 6 0
1016 708 308 1 0.899902 0.863283 0.0366193 8 0 8 0
1697 1494 203 4 0.799761 0.774464 0.0252976 6 1 6 1
2374 2085 289 2 0.899951 0.867029 0.0329218 7 1 5 1
2523 2348 175 7 0.699915 0.676066 0.0238486 8 1 8 1
2824 2497 327 9 0.699946 0.660534 0.0394125 8 1 8 1
3024 2968 56 3 0.799989 0.792709 0.00728085 6 3 6 3
3408 3282 126 0 0.599964 0.585761 0.014203 6 3 6 3
3454 3224 230 8 0.599949 0.573262 0.0266874 6 3 6 3
3535 3214 321 5 0.599996 0.561853 0.0381426 9 0 9 0
3545 3219 326 1 0.799899 0.758807 0.0410911 8 1 8 1
4821 4730 91 6 0.599918 0.589171 0.0107466 4 5 4 5
5281 5082 199 4 0.699903 0.677131 0.0227728 6 2 5 2
6179 5908 271 9 0.79987 0.768918 0.0309523 6 3 6 3
6399 6188 211 5 0.899989 0.875727 0.0242625 7 2 5 2
6928 6654 274 0 0.799944 0.768167 0.0317761 6 3 6 3
7227 7091 136 2 0.499902 0.48105 0.0188524 7 2 7 2
7546 7331 215 6 0.899898 0.869641 0.0302577 5 4 4 3
7857 7723 134 5 0.899903 0.88018 0.0197225 8 1 3 0
8014 7883 131 9 0.899899 0.883845 0.0160542 7 2 5 2
8532 8247 285 4 0.799935 0.76729 0.0326447 7 2 5 2
9013 8824 189 7 0.399998 0.37741 0.0225882 3 6 3 6
9097 8709 388 1 0.499949 0.453088 0.0468607 7 2 7 2
9412 9323 89 9 0.899965 0.887269 0.012696 7 2 5 2
9589 9430 159 3 0.29995 0.278365 0.0215843 2 7 2 7
10359 10033 326 5 0.799862 0.758233 0.0416289 6 3 5 3
10491 10379 112 0 0.699975 0.685576 0.0143992 7 2 7 2
11224 11042 182 8 0.299966 0.278008 0.0219574 3 6 3 6
11548 11448 100 6 0.599986 0.587569 0.0124167 6 3 5 3
12418 12178 240 5 0.899975 0.87217 0.0278057 5 4 3 3
12905 12579 326 0 0.899961 0.859984 0.0399775 6 3 4 1
14379 14058 321 6 0.899965 0.862545 0.0374205 6 3 4 1
14477 14182 295 3 0.799976 0.765057 0.034919 7 2 6 1
14534 14269 265 0 0.899965 0.870083 0.0298822 6 3 4 1
14663 14574 89 5 0.799985 0.788921 0.0110645 8 1 8 1
14722 14413 309 4 0.399977 0.363262 0.0367152 6 3 6 3
14858 14732 126 9 0.399918 0.3843 0.0156172 7 2 7 2
15068 14912 156 7 0.599902 0.581926 0.0179764 6 3 6 2
15402 15146 256 2 0.29991 0.270996 0.0289138 4 5 4 5
15745 15409 336 1 0.499991 0.46053 0.0394616 3 6 3 6
16760 16618 142 6 0.799934 0.782162 0.0177718 3 6 3 5
18241 18001 240 3 0.699912 0.671221 0.0286915 6 3 6 3
18515 18401 114 0 0.599953 0.584111 0.015842 5 4 5 4
18534 18278 256 8 0.499979 0.46742 0.0325595 7 2 7 2
19783 19608 175 1 0.79993 0.774989 0.0249414 7 2 7 1
20080 19894 186 9 0.699976 0.678177 0.0217991 7 2 6 2
20294 20115 179 6 0.699998 0.678234 0.0217641 5 4 5 4
20313 20153 160 7 0.599998 0.580027 0.0199709 7 2 7 2
21639 21328 311 5 0.299997 0.26501 0.0349879 6 3 6 3
22232 21876 356 0 0.79976 0.75684 0.0429202 8 1 7 1
22356 22263 93 4 0.399963 0.388467 0.011496 7 2 7 2
22549 22380 169 8 0.799987 0.778011 0.0219765 8 1 7 1
23380 23320 60 2 0.399969 0.393378 0.00659111 5 4 5 4
23400 23267 133 6 0.799911 0.781989 0.0179224 5 4 5 3
23897 23760 137 3 0.499915 0.484854 0.0150611 6 3 6 3
24951 24817 134 1 0.499931 0.484788 0.0151428 7 2 7 2
25755 25395 360 7 0.59999 0.558372 0.0416173 7 2 7 2
26081 25772 309 0 0.699922 0.66347 0.0364514 6 3 6 3
26172 25958 214 8 0.699941 0.673728 0.0262132 5 4 5 4
26481 26428 53 9 0.399878 0.391008 0.00887033 5 4 5 4
26953 26689 264 2 0.899877 0.866326 0.0335509 7 2 5 1
28138 27807 331 1 0.899978 0.860674 0.0393034 7 2 3 0
28528 28387 141 7 0.899982 0.883965 0.0160177 7 2 4 2
28545 28171 374 4 0.599963 0.554902 0.0450613 6 3 6 3
28588 28404 184 6 0.49994 0.477707 0.0222325 6 3 6 3
28609 28270 339 0 0.89989 0.857226 0.0426647 9 0 7 0
29314 29114 200 2 0.79993 0.775689 0.0242414 5 4 5 4
29739 29560 179 5 0.399894 0.378327 0.0215673 6 3 6 3
