1030 761 269 6 0.899959 0.870075 0.0298832 4 0 4 0
1802 1593 209 0 0.799962 0.772617 0.0273447 8 1 8 1
2530 2433 97 5 0.69997 0.687029 0.0129412 9 0 9 0
2636 2446 190 1 0.699828 0.676931 0.022897 7 0 7 0
4204 3999 205 8 0.499989 0.476312 0.0236762 7 2 7 2
4225 3922 303 6 0.699991 0.663319 0.036672 7 1 7 1
4231 4049 182 7 0.499906 0.47779 0.0221159 8 1 8 1
4317 3977 340 4 0.499922 0.459509 0.0404133 6 3 6 3
5025 4873 152 2 0.39994 0.381256 0.0186844 9 0 9 0
5042 4839 203 3 0.399933 0.375636 0.0242973 7 1 7 1
7299 7129 170 5 0.59997 0.578687 0.0212838 8 1 7 1
7482 7397 85 9 0.09992 0.0896593 0.0102607 7 2 7 2
8056 7703 353 0 0.399927 0.35834 0.041587 8 1 8 1
8181 8012 169 7 0.799795 0.777846 0.0219491 9 0 6 0
8300 8075 225 1 0.499916 0.473753 0.0261626 7 2 7 2
9175 8841 334 8 0.699955 0.657165 0.0427895 7 2 4 2
10433 10185 248 3 0.699964 0.66928 0.0306839 6 3 2 2
10678 10625 53 4 0.499964 0.492248 0.00771608 4 5 4 5
11705 11589 116 7 0.699943 0.685671 0.0142718 8 1 6 1
12554 12310 244 5 0.599991 0.570314 0.0296774 8 1 7 1
12694 12335 359 0 0.799915 0.755172 0.0447425 8 1 7 1
13222 12980 242 1 0.699901 0.669985 0.0299157 9 0 8 0
13353 13161 192 6 0.0999624 0.0768555 0.0231068 6 3 6 3
13365 13015 350 8 0.699961 0.657288 0.0426733 7 2 6 2
13394 13258 136 2 0.299904 0.284165 0.0157394 7 2 7 2
13960 13672 288 9 0.699959 0.666471 0.0334876 8 1 5 1
15135 15079 56 3 0.599992 0.591551 0.00844037 6 3 6 3
15771 15630 141 8 0.899943 0.882845 0.0170977 8 1 2 1
16146 16013 133 5 0.799965 0.784362 0.0156024 9 0 7 0
17250 17019 231 9 0.799951 0.771114 0.0288367 9 0 7 0
17903 17835 68 5 0.89991 0.892439 0.00747111 9 0 6 0
18248 17942 306 2 0.799966 0.764383 0.0355829 8 1 6 0
19114 18784 330 7 0.299949 0.258999 0.0409493 7 2 7 2
20363 20103 260 3 0.599911 0.568866 0.0310455 9 0 8 0
20427 20172 255 4 0.0999022 0.0700794 0.0298228 9 0 9 0
20547 20299 248 0 0.199971 0.168988 0.0309824 6 3 6 3
21380 21089 291 8 0.39999 0.364241 0.0357494 6 3 6 3
21610 21269 341 6 0.499952 0.458511 0.0414403 7 2 7 2
21948 21843 105 1 0.0997848 0.0850373 0.0147474 5 4 5 4
23414 23201 213 9 0.399903 0.372823 0.0270805 6 3 5 3
24086 23798 288 3 0.799953 0.764512 0.0354406 8 1 2 1
24435 24253 182 5 0.299944 0.279985 0.0199594 5 4 5 4
24976 24678 298 6 0.899952 0.865945 0.0340076 8 1 2 0
25375 25039 336 2 0.29981 0.260599 0.0392111 6 3 6 3
27283 26935 348 7 0.399978 0.358766 0.0412122 7 2 7 1
27625 27244 381 0 0.599919 0.552123 0.0477964 6 3 6 3
27771 27626 145 3 0.699936 0.681332 0.0186037 9 0 7 0
28360 28097 263 8 0.49997 0.467305 0.0326651 7 2 5 2
29109 28755 354 6 0.599833 0.557128 0.0427046 7 2 6 2
29533 29274 259 9 0.599914 0.570678 0.0292357 5 4 4 4
29971 29916 55 4 0.299912 0.291725 0.0081868 5 4 5 4
29996 29779 217 1 0.49999 0.47044 0.0295503 5 4 5 4
