2482 2379 103 8 0.699985 0.687894 0.0120913 9 0 9 0
2569 2398 171 1 0.699989 0.678951 0.0210381 9 0 9 0
3228 3173 55 2 0.599956 0.592504 0.00745257 9 0 9 0
3659 3273 386 6 0.599975 0.55152 0.0484548 8 1 8 1
4095 4039 56 7 0.499983 0.492501 0.00748212 5 4 5 4
4198 4039 159 5 0.499933 0.481921 0.0180125 9 0 9 0
4369 4111 258 0 0.499897 0.470696 0.0292011 8 1 8 1
4483 4124 359 9 0.499895 0.455542 0.0443524 7 2 7 2
5259 4959 300 4 0.39999 0.362238 0.0377524 6 3 6 3
6104 5801 303 3 0.299906 0.26345 0.0364567 4 5 4 5
6972 6892 80 8 0.599998 0.589709 0.0102897 5 4 5 4
8454 8139 315 1 0.49995 0.462428 0.0375217 8 1 7 1
8944 8816 128 5 0.699999 0.684747 0.0152519 8 1 7 1
9780 9525 255 6 0.499897 0.470707 0.02919 8 1 8 1
10251 9897 354 2 0.399936 0.356342 0.0435938 8 1 7 1
11258 11079 179 7 0.399893 0.377897 0.0219953 7 2 7 2
11931 11707 224 9 0.399954 0.37017 0.0297842 6 3 6 3
12000 11666 334 3 0.699948 0.660409 0.039539 6 3 3 2
12053 11945 108 4 0.499996 0.485515 0.0144815 5 4 4 4
12067 11852 215 8 0.599961 0.573663 0.0262982 8 1 8 1
12580 12322 258 0 0.299951 0.26933 0.0306215 8 1 8 1
14309 14037 272 1 0.599938 0.569531 0.0304074 4 5 4 5
15345 15225 120 5 0.399971 0.384744 0.0152271 7 2 5 2
16407 16213 194 2 0.599896 0.575282 0.0246146 5 4 5 3
17217 17024 193 6 0.399993 0.374716 0.0252772 9 0 7 0
17250 17047 203 9 0.699976 0.676655 0.0233213 7 2 6 1
18090 17989 101 7 0.499967 0.488866 0.0111011 9 0 9 0
18507 17946 561 8 0.499984 0.437963 0.062022 6 3 5 3
18610 18209 401 4 0.499861 0.44901 0.0508506 6 3 6 2
19567 19161 406 3 0.299963 0.249202 0.0507612 6 3 6 3
19729 19676 53 0 0.49994 0.49406 0.00587933 4 5 4 5
20391 20259 132 1 0.499945 0.482962 0.0169834 7 2 5 2
21970 21917 53 9 0.599989 0.593483 0.00650615 7 2 5 1
22496 22156 340 5 0.499953 0.461764 0.0381885 8 1 7 1
23741 23418 323 0 0.799936 0.76151 0.0384254 7 2 7 2
24043 23936 107 2 0.299912 0.286966 0.012946 5 4 5 3
25133 24998 135 4 0.499937 0.483995 0.0159428 9 0 9 0
25188 24895 293 8 0.499892 0.466024 0.0338687 7 2 7 2
25869 25604 265 6 0.299906 0.266167 0.0337395 6 3 6 3
26299 26043 256 7 0.299925 0.267311 0.0326143 7 2 7 2
26971 26699 272 1 0.499901 0.467687 0.0322138 5 4 4 4
28067 27848 219 9 0.499943 0.465926 0.0340171 5 4 4 3
28723 28632 91 2 0.799982 0.789766 0.0102158 7 2 5 1
28796 28445 351 3 0.299942 0.25803 0.0419124 5 4 5 4
29210 28868 342 0 0.499892 0.457449 0.0424435 5 4 5 3
