1792 1626 166 3 0.799831 0.778605 0.0212261 9 0 9 0
2451 2397 54 9 0.699934 0.69177 0.00816367 7 1 7 1
2548 2360 188 2 0.699894 0.677715 0.0221788 7 0 7 0
3501 3188 313 8 0.599984 0.561323 0.0386609 7 1 7 1
4208 4003 205 0 0.499988 0.475505 0.0244829 8 1 8 1
4335 4105 230 5 0.499914 0.470968 0.0289468 8 1 8 1
5796 5622 174 6 0.299767 0.278014 0.0217532 7 2 7 2
6750 6697 53 3 0.499901 0.492692 0.00720882 6 3 6 3
7401 7092 309 2 0.599939 0.565035 0.0349046 8 1 8 1
7591 7427 164 7 0.099979 0.0781511 0.0218279 6 3 6 3
7596 7328 268 1 0.0999238 0.0660385 0.0338854 6 3 6 3
7707 7349 358 4 0.0999859 0.0561493 0.0438365 7 2 7 2
8170 7871 299 9 0.49999 0.46557 0.0344193 7 2 4 2
9750 9536 214 8 0.49991 0.472033 0.0278771 5 3 5 3
10147 9857 290 5 0.599943 0.563853 0.0360897 3 6 3 6
10940 10569 371 0 0.499901 0.455259 0.0446414 4 5 3 4
12176 12123 53 3 0.599833 0.592817 0.00701515 6 3 5 3
12244 12057 187 9 0.799931 0.77894 0.0209913 7 2 4 2
13230 12968 262 6 0.49994 0.467885 0.0320546 7 2 7 1
13938 13872 66 7 0.699871 0.690591 0.00927978 9 0 7 0
14454 14253 201 2 0.39991 0.376624 0.0232862 6 3 6 3
15383 15014 369 4 0.599876 0.554959 0.0449174 8 1 6 0
15879 15664 215 0 0.699959 0.674084 0.0258749 7 2 6 2
16676 16489 187 9 0.599969 0.578549 0.0214206 7 2 7 2
16991 16936 55 5 0.399987 0.39264 0.00734699 5 4 5 3
17193 16915 278 8 0.399957 0.367468 0.0324893 8 1 8 1
18453 18090 363 1 0.199981 0.156074 0.0439071 8 1 8 1
19145 18794 351 3 0.399904 0.358636 0.0412679 6 3 6 3
19149 18750 399 6 0.599917 0.550694 0.0492233 6 3 6 3
21177 20984 193 7 0.299963 0.276062 0.0239011 8 1 7 1
21398 21345 53 4 0.499806 0.492366 0.00744011 6 3 6 3
21708 21454 254 0 0.499941 0.467274 0.0326676 7 2 6 2
21800 21719 81 9 0.599926 0.589545 0.0103809 6 3 6 3
22459 22251 208 8 0.699963 0.675389 0.0245738 7 2 6 2
22794 22673 121 5 0.599965 0.583927 0.0160384 6 3 5 2
22975 22793 182 2 0.299935 0.277561 0.0223738 6 3 6 3
24422 24357 65 6 0.59996 0.592182 0.00777752 6 3 6 3
24966 24604 362 8 0.899906 0.857071 0.0428344 8 1 3 0
25413 25166 247 3 0.59999 0.571495 0.0284946 7 2 7 2
25667 25546 121 0 0.799918 0.784396 0.0155223 7 2 5 1
26109 25908 201 4 0.69993 0.675512 0.0244188 6 3 4 3
26256 26162 94 5 0.799983 0.788541 0.0114414 8 1 7 1
26984 26795 189 9 0.599946 0.575867 0.0240787 8 1 8 1
28074 27769 305 1 0.29998 0.264212 0.0357681 7 2 7 2
28090 27754 336 6 0.799937 0.761325 0.0386124 7 2 5 1
29363 29154 209 7 0.399909 0.373515 0.0263938 7 2 6 2
29372 28993 379 0 0.699948 0.653683 0.0462646 9 0 8 0
29897 29687 210 8 0.499981 0.474382 0.0255988 7 2 7 2
