785 719 66 8 0.899939 0.892288 0.00765103 4 0 4 0
797 725 72 4 0.89992 0.890326 0.00959446 3 0 3 0
1556 1499 57 2 0.799892 0.793174 0.00671757 5 0 5 0
1905 1585 320 7 0.799972 0.763528 0.036444 7 0 7 0
2416 2363 53 6 0.699832 0.692779 0.00705255 9 0 9 0
2651 2431 220 5 0.699995 0.673533 0.0264615 8 0 8 0
2725 2396 329 1 0.699983 0.662497 0.0374857 7 1 7 1
3490 3331 159 0 0.599944 0.579639 0.0203043 8 0 8 0
4054 3993 61 3 0.499935 0.490925 0.00901059 7 1 7 1
4680 4512 168 4 0.599967 0.579197 0.02077 9 0 9 0
5925 5790 135 9 0.299968 0.282903 0.0170648 9 0 9 0
6334 6021 313 0 0.899967 0.862646 0.0373216 8 0 3 0
7240 7048 192 8 0.299921 0.276535 0.023386 7 2 7 2
8077 7773 304 3 0.799999 0.759561 0.0404373 8 1 8 1
8434 8227 207 2 0.299806 0.274601 0.0252047 8 1 8 1
8900 8685 215 6 0.399801 0.374141 0.0256596 7 2 7 2
9305 9044 261 5 0.39998 0.367775 0.032205 6 3 6 3
9652 9493 159 7 0.199925 0.181643 0.0182822 7 2 7 2
10291 9927 364 1 0.299959 0.255947 0.0440122 6 3 6 3
10764 10576 188 4 0.499992 0.476023 0.0239688 6 3 5 3
12199 11842 357 0 0.399915 0.358303 0.0416115 4 5 4 5
13328 13087 241 9 0.499833 0.471368 0.028465 6 3 5 3
13583 13322 261 3 0.499945 0.468018 0.0319274 7 2 7 2
14252 13990 262 6 0.699895 0.667521 0.0323733 7 2 4 2
14743 14650 93 2 0.5999 0.588102 0.0117975 8 1 7 1
15518 15237 281 5 0.59994 0.564663 0.0352773 7 2 6 1
16548 16380 168 7 0.599923 0.580492 0.0194307 7 2 7 2
17199 17093 106 4 0.499938 0.488066 0.0118717 6 3 6 3
17257 16949 308 8 0.199932 0.162835 0.0370964 7 2 7 2
17449 17394 55 3 0.799925 0.792984 0.00694099 7 2 6 1
18312 18109 203 6 0.699917 0.676158 0.0237586 8 1 8 1
18324 18129 195 0 0.599904 0.575918 0.0239852 7 2 7 1
18546 18363 183 1 0.399968 0.376399 0.023569 5 4 5 4
20571 20468 103 9 0.399913 0.386369 0.0135436 8 1 8 1
21617 21371 246 2 0.399832 0.367985 0.0318467 8 1 8 1
21844 21743 101 0 0.799967 0.786587 0.0133799 7 2 6 2
22336 22045 291 6 0.699929 0.664277 0.0356515 7 2 5 2
22553 22437 116 3 0.499991 0.484535 0.0154553 6 3 6 3
22766 22465 301 4 0.599907 0.562114 0.0377925 9 0 8 0
23340 23161 179 5 0.299934 0.279017 0.0209166 5 4 5 4
24699 24399 300 1 0.59985 0.563694 0.0361565 5 4 4 4
25054 24948 106 7 0.19996 0.186466 0.0134938 2 7 2 7
25515 25421 94 6 0.799898 0.788309 0.0115891 8 1 5 0
25885 25694 191 8 0.39995 0.378029 0.0219208 6 3 6 3
26105 26045 60 0 0.599906 0.591676 0.00823013 3 6 3 6
26730 26455 275 9 0.599894 0.558088 0.0418054 4 5 4 5
26864 26752 112 2 0.699986 0.687439 0.0125467 7 2 4 2
29348 29170 178 8 0.899907 0.878173 0.0217344 9 0 8 0
29789 29631 158 3 0.399979 0.380492 0.0194872 9 0 8 0
29790 29629 161 5 0.599961 0.58129 0.018671 8 1 6 1
29984 29737 247 6 0.599991 0.56965 0.0303407 7 2 5 2
