901 702 199 7 0.899983 0.876543 0.0234396 8 0 8 0
1742 1684 58 9 0.79989 0.791938 0.00795221 8 1 8 0
1881 1522 359 4 0.799948 0.756898 0.0430498 6 0 6 0
2397 2342 55 1 0.699969 0.6926 0.00736894 7 1 7 1
2545 2406 139 8 0.699976 0.681678 0.018298 7 1 7 1
2581 2413 168 3 0.699891 0.678545 0.0213459 7 2 7 2
4019 3962 57 6 0.499978 0.492794 0.0071836 7 2 7 2
4267 4049 218 0 0.499966 0.473654 0.0263121 6 2 6 2
4379 4124 255 2 0.499944 0.471903 0.0280411 6 1 6 1
5068 4929 139 5 0.399909 0.381198 0.0187117 8 1 8 1
5491 5301 190 1 0.799921 0.777187 0.0227342 7 1 6 1
5617 5515 102 7 0.499955 0.486766 0.0131884 9 0 9 0
6179 5944 235 9 0.599936 0.573114 0.0268218 8 1 7 1
8483 8167 316 2 0.799996 0.760512 0.0394836 8 1 7 1
8800 8588 212 6 0.699999 0.670829 0.02917 8 1 8 1
9091 8726 365 4 0.299967 0.251513 0.0484543 6 3 6 3
9157 8879 278 3 0.399938 0.362691 0.0372472 8 1 8 1
9786 9681 105 1 0.599967 0.587295 0.0126728 9 0 9 0
9924 9594 330 8 0.299925 0.262454 0.0374713 6 3 6 3
10222 10048 174 5 0.699894 0.678246 0.0216482 7 2 5 2
11186 10989 197 7 0.599954 0.577483 0.0224707 8 1 7 1
11488 11386 102 0 0.399918 0.387035 0.0128833 5 4 5 4
13078 12862 216 2 0.59992 0.573028 0.0268916 6 3 6 3
13079 12745 334 9 0.399944 0.361346 0.0385979 7 2 7 2
13932 13782 150 4 0.799932 0.78082 0.0191116 8 1 7 0
14459 14336 123 6 0.499945 0.482992 0.0169534 7 2 7 2
14567 14300 267 3 0.699939 0.669646 0.0302931 5 4 2 4
15014 14623 391 8 0.799937 0.754338 0.0455982 6 3 5 2
15650 15597 53 1 0.499995 0.491951 0.00804438 8 1 7 1
15719 15426 293 7 0.6998 0.66545 0.034351 7 2 6 2
17579 17264 315 0 0.59995 0.564325 0.0356243 5 4 4 3
17621 17426 195 6 0.899931 0.8763 0.023631 8 1 5 1
18265 18211 54 9 0.699895 0.692347 0.00754768 7 2 7 2
18419 18243 176 5 0.199945 0.178574 0.0213703 5 4 5 4
18707 18429 278 3 0.6999 0.668537 0.0313632 6 3 5 2
19122 19036 86 4 0.499965 0.489172 0.0107924 7 2 7 2
19242 19000 242 2 0.499963 0.470859 0.0291045 5 4 5 4
19395 19291 104 8 0.599883 0.586739 0.0131443 4 5 4 5
21823 21709 114 3 0.799921 0.785476 0.0144442 9 0 7 0
21987 21851 136 0 0.699948 0.683759 0.0161891 7 2 6 1
22256 22143 113 7 0.399923 0.383054 0.0168686 8 1 6 1
22622 22303 319 6 0.499973 0.462124 0.0378487 7 2 7 2
23823 23605 218 9 0.499962 0.475848 0.0241143 8 1 7 1
24440 24371 69 1 0.19994 0.189726 0.0102137 7 2 7 2
24597 24364 233 3 0.799892 0.771934 0.0279588 8 1 6 1
25457 25388 69 4 0.499985 0.489801 0.010184 7 2 6 2
26741 26688 53 0 0.599992 0.591118 0.00887392 7 2 6 2
26820 26455 365 2 0.399902 0.358074 0.0418284 7 2 7 2
27031 26836 195 8 0.29999 0.278549 0.0214411 7 2 7 2
27137 26831 306 5 0.399894 0.362851 0.0370427 6 3 6 3
28510 28228 282 6 0.599953 0.564885 0.0350672 5 4 4 4
29994 29819 175 7 0.39998 0.378709 0.0212708 7 2 7 2
