1603 1459 144 5 0.799965 0.780311 0.0196536 7 0 7 0
1658 1572 86 6 0.799954 0.789165 0.0107894 8 0 8 0
2458 2405 53 8 0.699837 0.692668 0.0071683 7 1 7 1
2467 2329 138 7 0.699956 0.682614 0.0173428 7 1 7 1
2552 2452 100 0 0.699933 0.687108 0.0128247 7 1 7 1
2695 2424 271 9 0.699931 0.663855 0.0360754 7 1 7 1
2795 2486 309 1 0.699926 0.661913 0.0380129 8 0 8 0
4196 3928 268 4 0.499892 0.469068 0.0308242 7 2 7 2
4226 3992 234 2 0.4999 0.472393 0.0275065 6 3 6 3
5172 4891 281 5 0.699934 0.668595 0.0313384 6 3 6 3
5190 4838 352 3 0.399959 0.357913 0.042046 7 0 7 0
5738 5368 370 8 0.799944 0.754491 0.045453 8 0 3 0
6025 5719 306 6 0.599917 0.563491 0.0364257 7 2 7 2
7363 7154 209 0 0.599914 0.576786 0.0231282 7 2 5 2
7617 7440 177 9 0.599995 0.577392 0.0226029 4 5 3 5
9389 9204 185 1 0.399915 0.376344 0.0235708 9 0 9 0
9577 9495 82 3 0.799894 0.788601 0.011293 7 2 6 2
10196 9958 238 5 0.599908 0.569741 0.0301667 8 1 8 1
10441 10374 67 7 0.199913 0.191231 0.00868192 9 0 9 0
10610 10555 55 2 0.499998 0.492793 0.00720479 7 2 7 2
11224 10845 379 8 0.499897 0.453694 0.0462024 9 0 9 0
12223 12108 115 4 0.299928 0.287224 0.0127047 5 4 5 4
12512 12413 99 0 0.59991 0.586168 0.0137415 5 4 5 4
13630 13484 146 1 0.79998 0.782782 0.0171979 6 3 2 3
14152 13809 343 3 0.59993 0.561809 0.0381219 5 4 5 3
14486 14424 62 9 0.399979 0.391015 0.0089636 4 5 4 5
15353 15182 171 2 0.699977 0.678975 0.0210022 8 1 7 1
15448 15350 98 6 0.0999575 0.0877961 0.0121614 7 2 7 2
15547 15385 162 7 0.799925 0.780147 0.0197776 9 0 7 0
15593 15382 211 5 0.599956 0.574813 0.0251429 7 2 7 2
17111 16838 273 8 0.599941 0.566014 0.0339274 5 4 5 4
19251 19180 71 0 0.399918 0.387062 0.0128565 8 1 8 1
19320 19138 182 4 0.499941 0.477972 0.0219689 7 2 7 2
19769 19509 260 1 0.399909 0.369028 0.0308806 8 1 7 1
20244 20052 192 2 0.599903 0.577637 0.0222665 8 1 7 1
21086 20978 108 3 0.399979 0.385612 0.0143669 7 2 7 2
21755 21392 363 8 0.699912 0.65298 0.0469323 5 4 4 4
23460 23110 350 5 0.299956 0.256771 0.0431853 7 2 7 2
23962 23634 328 9 0.199932 0.161524 0.0384078 7 2 7 2
24086 23946 140 7 0.0999131 0.0837023 0.0162108 7 2 7 2
24326 24228 98 6 0.399993 0.388374 0.0116193 5 4 5 4
24673 24449 224 2 0.699892 0.673994 0.025898 6 3 4 2
25980 25923 57 0 0.499957 0.4923 0.00765732 6 3 6 3
26728 26449 279 4 0.399975 0.366695 0.0332801 4 5 4 5
27549 27373 176 8 0.499941 0.475417 0.0245239 5 4 4 4
27716 27663 53 3 0.499851 0.491758 0.00809303 4 5 4 5
