809 755 54 3 0.899948 0.893097 0.00685127 5 0 5 0
953 756 197 2 0.89993 0.876475 0.0234549 3 0 3 0
1665 1589 76 9 0.799899 0.789179 0.0107197 6 0 6 0
3306 3253 53 8 0.599865 0.591971 0.00789382 9 0 9 0
3343 3014 329 2 0.79993 0.761188 0.038742 7 0 7 0
3452 3289 163 4 0.59996 0.580998 0.0189621 7 1 7 1
4002 3669 333 3 0.699952 0.660918 0.039034 9 0 9 0
4214 4119 95 0 0.499962 0.487613 0.0123487 7 1 7 1
4261 4042 219 5 0.499937 0.475856 0.0240811 6 2 6 2
5103 4822 281 1 0.399973 0.368111 0.0318624 6 2 6 2
5990 5758 232 6 0.299978 0.272258 0.0277199 6 3 6 3
7605 7472 133 9 0.399956 0.381334 0.018622 7 2 7 2
7683 7323 360 7 0.0999486 0.05491 0.0450386 7 2 7 2
9060 8785 275 0 0.699896 0.666755 0.0331409 8 1 6 1
9419 9076 343 8 0.49977 0.458208 0.0415623 7 2 7 2
9551 9424 127 4 0.499916 0.484309 0.0156069 8 1 8 1
10329 10185 144 2 0.299934 0.2809 0.0190344 6 3 6 3
10674 10503 171 5 0.499981 0.478913 0.0210678 8 1 7 1
11445 11197 248 3 0.299941 0.270068 0.029874 5 4 5 4
12138 11901 237 1 0.499922 0.471843 0.0280798 4 5 4 5
12682 12331 351 6 0.599957 0.555976 0.0439815 5 4 5 4
12993 12647 346 0 0.699759 0.657909 0.0418494 5 4 1 4
14976 14923 53 7 0.599998 0.594177 0.00582111 7 2 6 2
15150 14968 182 4 0.599959 0.579174 0.0207846 5 4 5 4
16070 15815 255 9 0.299921 0.268688 0.0312335 7 2 6 2
16807 16697 110 8 0.399995 0.38563 0.0143655 8 1 8 1
17364 16992 372 6 0.699917 0.651594 0.0483224 8 1 8 1
17643 17372 271 2 0.49992 0.46651 0.0334095 9 0 9 0
18737 18671 66 5 0.299893 0.292511 0.00738234 5 4 5 4
18792 18433 359 1 0.499967 0.453634 0.0463327 6 3 6 3
20568 20257 311 0 0.299944 0.262984 0.0369605 7 2 7 2
20942 20802 140 7 0.499986 0.482396 0.0175898 8 1 8 1
21214 20962 252 3 0.199927 0.169884 0.0300428 8 1 8 1
21878 21522 356 2 0.799921 0.758389 0.0415316 8 1 6 1
22147 21909 238 4 0.399969 0.37012 0.0298498 8 1 8 1
22433 22142 291 6 0.599921 0.564991 0.0349298 7 2 7 2
23403 23350 53 8 0.499868 0.492594 0.00727393 7 2 7 2
23620 23552 68 1 0.699901 0.689043 0.0108584 6 3 5 3
26099 25714 385 9 0.199992 0.153457 0.0465347 7 2 7 2
26355 26279 76 2 0.599975 0.590198 0.00977789 9 0 9 0
26596 26381 215 7 0.599993 0.575084 0.0249092 9 0 9 0
27213 27110 103 3 0.699907 0.687597 0.0123101 8 1 7 1
27327 27084 243 8 0.799895 0.770974 0.0289209 9 0 4 0
27805 27535 270 6 0.599947 0.568203 0.0317435 9 0 8 0
27882 27761 121 0 0.499966 0.485664 0.0143023 7 2 7 2
29328 29176 152 5 0.0999934 0.0819484 0.018045 6 3 6 3
29342 29056 286 1 0.49998 0.465535 0.0344449 7 2 7 2
