1605 1518 87 9 0.799852 0.788211 0.011641 9 0 9 0
2459 2378 81 5 0.699895 0.689165 0.01073 9 0 9 0
3392 3166 226 4 0.59992 0.572887 0.027033 9 0 9 0
3448 3184 264 6 0.599847 0.566353 0.0334933 8 1 8 1
3459 3369 90 2 0.579499 0.568344 0.0111549 9 0 9 0
3641 3285 356 3 0.599987 0.558703 0.0412838 8 1 8 1
4310 4044 266 0 0.499908 0.46884 0.0310684 8 1 8 1
5227 5019 208 8 0.399923 0.374345 0.025578 6 3 6 3
5963 5653 310 1 0.299937 0.262352 0.0375846 5 4 5 4
6231 6085 146 2 0.899926 0.882271 0.0176542 9 0 4 0
7118 6905 213 6 0.799915 0.773507 0.0264085 8 1 5 1
7432 7324 108 7 0.0999597 0.0862189 0.0137409 7 2 7 2
7636 7484 152 9 0.39993 0.382888 0.0170417 5 4 5 4
10362 10309 53 5 0.199973 0.193267 0.00670555 8 1 8 1
11228 11128 100 8 0.599923 0.587111 0.0128112 9 0 8 0
11354 11301 53 3 0.276938 0.269127 0.00781016 8 1 8 1
11471 11357 114 6 0.599951 0.583415 0.0165354 9 0 7 0
11631 11502 129 0 0.399941 0.384159 0.0157822 6 3 6 2
11752 11698 54 4 0.199913 0.191889 0.00802418 3 6 3 6
12377 12320 57 1 0.599981 0.591774 0.00820786 5 4 5 4
13467 13350 117 2 0.199941 0.186072 0.0138685 3 6 3 6
14589 14507 82 7 0.599924 0.590734 0.00919014 7 2 5 2
15500 15231 269 9 0.399965 0.366521 0.0334447 7 2 7 2
15960 15681 279 6 0.699963 0.666713 0.0332504 7 2 4 2
16484 16194 290 5 0.699968 0.667719 0.0322489 8 1 6 1
18038 17906 132 8 0.399941 0.383663 0.0162781 6 3 6 3
18528 18196 332 1 0.499895 0.459818 0.0400778 6 3 5 2
18769 18488 281 3 0.499972 0.464648 0.0353231 8 1 7 1
19109 19027 82 6 0.799942 0.789017 0.0109249 9 0 5 0
20241 20018 223 2 0.59999 0.573446 0.0265445 6 3 6 2
20724 20438 286 7 0.499894 0.464193 0.0357013 6 3 6 3
20955 20784 171 0 0.199925 0.176032 0.0238927 4 5 4 5
21562 21443 119 9 0.59994 0.585937 0.0140027 7 2 5 2
22741 22649 92 4 0.0999293 0.0871704 0.0127589 5 4 5 4
23113 22768 345 5 0.399917 0.354176 0.0457405 6 3 6 3
23416 23263 153 6 0.5999 0.579812 0.0200878 5 4 5 4
24458 24072 386 1 0.59994 0.552086 0.0478548 7 2 7 1
26038 25592 446 8 0.399924 0.347059 0.0528657 7 2 7 2
26388 26048 340 3 0.399851 0.361829 0.0380226 7 2 6 2
26436 26156 280 2 0.499908 0.461817 0.0380904 8 1 7 1
27868 27599 269 6 0.699979 0.669218 0.0307615 6 3 6 2
27871 27716 155 0 0.599915 0.582123 0.017792 6 3 6 3
28225 27908 317 7 0.399899 0.362745 0.0371546 6 3 6 3
29115 28971 144 4 0.699977 0.68397 0.0160062 6 3 3 1
