862 768 94 4 0.899826 0.88615 0.0136757 6 0 6 0
937 764 173 6 0.89995 0.878472 0.0214782 4 0 4 0
1679 1618 61 8 0.799935 0.791642 0.00829268 8 0 8 0
1782 1607 175 3 0.799896 0.777506 0.0223907 8 0 8 0
2455 2357 98 2 0.69992 0.68887 0.0110502 8 1 8 1
2639 2577 62 1 0.675612 0.668805 0.00680677 8 0 8 0
2790 2435 355 9 0.699917 0.658651 0.0412659 6 3 6 3
3312 3249 63 7 0.599907 0.58937 0.0105371 4 5 4 5
3335 3230 105 0 0.599951 0.585199 0.0147526 7 2 7 2
3481 3368 113 8 0.899809 0.887118 0.0126912 8 0 2 0
5095 4873 222 1 0.899908 0.868909 0.030999 8 0 4 0
6516 6278 238 4 0.399959 0.370976 0.0289831 8 1 8 1
6759 6536 223 5 0.199957 0.173671 0.0262861 9 0 9 0
7578 7449 129 0 0.699931 0.683688 0.0162426 8 1 8 1
7961 7763 198 2 0.499994 0.475595 0.0243994 7 2 7 2
7988 7696 292 3 0.399977 0.363537 0.0364399 9 0 9 0
8492 8355 137 9 0.499974 0.480242 0.0197316 6 3 6 2
8597 8215 382 7 0.599842 0.550823 0.0490186 7 2 6 2
9216 8905 311 6 0.0999053 0.0633793 0.036526 4 5 4 5
9889 9783 106 1 0.499941 0.4871 0.012841 5 4 5 4
11576 11213 363 8 0.0999247 0.0578603 0.0420644 6 3 6 3
12389 12225 164 0 0.599932 0.579098 0.020834 8 1 6 1
13555 13221 334 4 0.499899 0.460247 0.0396524 9 0 8 0
15078 14832 246 9 0.49993 0.470098 0.0298318 7 2 6 2
15248 15143 105 5 0.399992 0.387667 0.0123252 7 2 7 2
15640 15581 59 3 0.399979 0.39147 0.00850914 7 2 7 2
15756 15445 311 7 0.399908 0.363622 0.0362851 7 2 7 2
16221 15946 275 2 0.299999 0.267548 0.0324505 7 2 7 2
17306 17158 148 6 0.499894 0.483495 0.0163984 5 4 5 3
17698 17451 247 4 0.799972 0.768078 0.0318932 7 2 3 2
18120 17780 340 1 0.299972 0.259016 0.0409556 5 4 5 4
20009 19702 307 9 0.699911 0.663674 0.0362368 6 3 5 3
20403 20038 365 7 0.799954 0.757198 0.0427559 8 1 6 1
20772 20433 339 8 0.39995 0.3594 0.0405496 7 2 7 2
20969 20741 228 0 0.199893 0.171108 0.0287851 7 2 7 2
21091 20884 207 2 0.799962 0.7754 0.0245614 7 2 6 2
21145 21054 91 5 0.599972 0.589259 0.0107131 7 2 7 2
23041 22817 224 1 0.799968 0.772584 0.0273845 8 1 5 0
23524 23142 382 3 0.39999 0.354069 0.0459203 6 3 6 3
23549 23493 56 4 0.399932 0.392269 0.00766326 8 1 8 1
23713 23532 181 6 0.499922 0.475872 0.0240506 5 4 5 4
23984 23931 53 7 0.699922 0.69317 0.00675193 7 2 3 2
25678 25574 104 9 0.499985 0.485862 0.0141235 7 2 7 2
25956 25903 53 8 0.699925 0.693294 0.00663103 6 3 4 3
26516 26202 314 5 0.599946 0.562517 0.0374284 7 2 6 2
27520 27311 209 1 0.599766 0.574161 0.025605 6 3 6 3
27905 27638 267 4 0.799869 0.767886 0.031983 9 0 6 0
28914 28682 232 2 0.199979 0.173538 0.02644 9 0 9 0
29702 29437 265 3 0.599938 0.570478 0.0294592 6 3 6 3
