1060 797 263 3 0.899903 0.865557 0.0343452 3 0 3 0
1843 1567 276 5 0.799982 0.767719 0.0322632 5 0 5 0
2404 2282 122 9 0.699961 0.684984 0.0149775 6 2 6 2
3241 3175 66 0 0.59998 0.592729 0.00725111 7 0 7 0
4271 4083 188 4 0.499891 0.47827 0.0216208 9 0 9 0
4294 4128 166 7 0.499972 0.478268 0.0217044 8 1 7 1
4399 4103 296 8 0.49997 0.465964 0.0340057 7 1 7 1
4607 4333 274 5 0.799899 0.767117 0.0327813 8 0 6 0
5231 4996 235 3 0.6 0.573066 0.026934 6 2 6 2
5288 4958 330 6 0.399984 0.356967 0.0430174 7 2 7 2
5950 5730 220 1 0.299908 0.275717 0.0241911 4 5 4 5
6843 6576 267 2 0.199932 0.167341 0.0325914 5 4 5 4
8485 8272 213 8 0.799944 0.775102 0.0248416 9 0 4 0
8724 8671 53 9 0.399986 0.391731 0.00825507 8 1 7 1
9000 8925 75 4 0.699945 0.691704 0.00824111 7 2 7 2
9933 9677 256 0 0.399903 0.36873 0.0311732 7 2 7 2
9958 9639 319 6 0.799896 0.760356 0.0395402 8 1 6 1
11003 10648 355 7 0.499945 0.455563 0.0443819 5 4 5 4
11679 11402 277 5 0.29996 0.268351 0.0316094 5 4 5 4
12131 11902 229 8 0.699909 0.672689 0.0272201 8 1 7 1
12373 11997 376 3 0.399974 0.351844 0.0481291 4 5 4 5
12450 12225 225 1 0.599899 0.573055 0.0268441 6 3 5 3
13057 12754 303 4 0.7 0.665542 0.0344581 5 4 4 4
15930 15877 53 0 0.599858 0.593093 0.00676527 9 0 7 0
16207 15846 361 6 0.39999 0.358578 0.0414114 8 1 8 1
16338 16098 240 2 0.29994 0.264488 0.0354516 8 1 8 1
16945 16806 139 8 0.599989 0.581999 0.0179907 6 3 5 3
17098 16948 150 9 0.299948 0.282339 0.0176097 7 2 7 2
18770 18447 323 1 0.499936 0.460573 0.0393632 5 4 4 2
18936 18658 278 4 0.499934 0.466008 0.0339267 6 3 5 3
19047 18806 241 5 0.499973 0.469712 0.0302614 8 1 7 1
19470 19043 427 7 0.299989 0.247263 0.0527259 8 1 8 1
21062 20935 127 3 0.2999 0.285274 0.0146257 7 2 7 2
21817 21764 53 0 0.499784 0.492548 0.0072365 7 2 6 2
22164 22021 143 8 0.599853 0.582309 0.017544 6 3 5 3
22201 22148 53 6 0.599841 0.592769 0.00707187 6 3 3 3
23246 22909 337 5 0.799917 0.758218 0.0416993 7 2 3 2
23561 23421 140 9 0.599912 0.581608 0.0183046 6 3 4 3
23898 23537 361 2 0.499936 0.454199 0.0457376 7 2 7 2
25339 25072 267 7 0.69996 0.668901 0.0310592 6 3 5 2
26310 25328 982 4 0.499957 0.393235 0.106722 8 1 8 1
27706 27481 225 1 0.199914 0.174148 0.0257655 9 0 9 0
27816 27618 198 5 0.599972 0.577201 0.0227711 8 1 8 1
28168 28006 162 0 0.499906 0.479144 0.0207626 8 1 8 1
28227 27931 296 6 0.499903 0.462617 0.0372861 7 2 7 2
28725 28574 151 9 0.599961 0.583145 0.0168168 6 3 6 3
29511 29458 53 2 0.599898 0.59366 0.00623775 6 3 6 3
