712 636 76 43 0.899917 0.888814 0.0111029 14 1 15 1
771 697 74 13 0.899923 0.888756 0.0111669 15 1 15 1
799 673 126 38 0.899849 0.880861 0.0189882 15 3 14 1
834 622 212 0 0.899819 0.868081 0.0317379 16 0 16 0
930 637 293 18 0.899896 0.863473 0.036423 19 0 19 0
1394 1327 67 8 0.79985 0.790525 0.00932433 21 2 21 2
1432 1357 75 4 0.799796 0.787996 0.0118002 23 5 24 4
1458 1302 156 17 0.799963 0.776013 0.0239494 19 0 19 0
1492 1312 180 36 0.799915 0.77152 0.028395 18 4 18 3
1511 1358 153 34 0.799868 0.778378 0.0214905 18 3 19 3
1513 1372 141 39 0.79989 0.777905 0.0219855 21 1 21 1
1519 1368 151 19 0.799952 0.777522 0.0224303 28 3 29 5
1574 1360 214 25 0.799864 0.767886 0.0319775 21 3 21 2
1587 1223 364 28 0.799953 0.751407 0.0485462 22 3 22 2
1630 1427 203 41 0.799769 0.772975 0.0267936 21 5 21 3
2067 2014 53 42 0.699926 0.692115 0.00781148 24 6 24 6
2169 2046 123 6 0.699996 0.684868 0.0151282 29 3 29 3
2261 2116 145 24 0.699854 0.680844 0.0190097 27 5 27 5
2806 2614 192 46 0.599958 0.57671 0.0232476 28 5 28 5
2832 2714 118 30 0.599914 0.582873 0.0170412 36 4 36 3
2855 2683 172 49 0.599857 0.578914 0.0209425 32 3 31 2
2994 2817 177 12 0.599999 0.57089 0.0291083 22 5 22 5
3010 2883 127 15 0.599775 0.582277 0.0174985 36 1 36 1
3014 2661 353 44 0.599988 0.550781 0.0492066 32 8 32 8
3042 2744 298 45 0.599941 0.563176 0.0367646 32 7 32 7
3046 2686 360 9 0.599963 0.543535 0.0564281 32 3 32 3
3086 2712 374 7 0.599784 0.544293 0.0554905 33 6 32 4
3101 2728 373 27 0.599886 0.545048 0.0548373 28 7 29 7
3120 2703 417 40 0.599995 0.539293 0.0607021 30 3 30 3
3153 2640 513 37 0.599992 0.520172 0.0798191 33 5 33 5
3557 2829 728 1 0.599881 0.512102 0.0877797 29 7 29 7
3591 3340 251 38 0.699886 0.665834 0.0340523 27 13 24 11
3616 3472 144 0 0.699921 0.679195 0.0207259 28 11 24 11
3682 3518 164 14 0.499946 0.478414 0.0215321 29 15 29 15
3698 3447 251 22 0.499993 0.46133 0.0386635 26 8 26 8
3727 3358 369 20 0.499863 0.444547 0.0553157 24 11 24 11
3769 3415 354 31 0.499942 0.45072 0.0492212 37 6 38 6
3801 3444 357 21 0.499898 0.452003 0.0478955 41 0 41 0
4124 3556 568 47 0.499957 0.410991 0.0889655 39 5 39 5
4320 4253 67 29 0.399963 0.390832 0.00913093 36 8 36 8
4347 4054 293 13 0.599996 0.558747 0.041249 31 8 28 8
4351 3973 378 16 0.39981 0.348815 0.0509947 36 6 35 4
4390 4123 267 26 0.399975 0.359365 0.0406098 38 10 38 10
4471 4371 100 10 0.39976 0.383856 0.0159042 41 8 41 7
4531 4093 438 35 0.3999 0.337423 0.0624765 33 13 34 13
4557 4247 310 4 0.699965 0.657777 0.0421887 31 8 21 6
4991 4719 272 43 0.499902 0.465051 0.0348504 26 13 22 13
5129 4216 913 23 0.399938 0.252512 0.147426 30 7 29 6
5207 4907 300 5 0.299998 0.258182 0.0418152 25 19 25 19
5429 5272 157 39 0.59993 0.576423 0.0235064 25 7 17 7
5448 4745 703 2 0.299954 0.184777 0.115177 23 18 23 18
5588 4869 719 32 0.299939 0.19592 0.104019 28 17 28 17
5589 3390 2199 48 0.499828 0.125451 0.374377 28 6 29 6
5728 4731 997 41 0.699939 0.534551 0.165388 24 8 15 6
5765 4851 914 33 0.299832 0.159259 0.140573 26 16 26 16
5871 4903 968 11 0.299992 0.154608 0.145384 27 18 27 18
6646 6440 206 7 0.799886 0.77319 0.0266959 35 12 14 9
6747 6671 76 12 0.699967 0.68903 0.010937 28 12 16 8
6778 6414 364 6 0.599879 0.554255 0.045624 28 18 18 16
6795 6742 53 8 0.399819 0.392413 0.00740555 29 12 23 12
7127 6791 336 18 0.299836 0.257592 0.0422447 33 13 31 13
7129 5363 1766 17 0.599937 0.289971 0.309966 25 14 22 14
7242 6822 420 34 0.399898 0.343121 0.0567776 28 17 24 17
7586 7167 419 28 0.399906 0.344484 0.0554221 33 13 33 13
7811 7461 350 20 0.799972 0.750664 0.0493079 32 6 15 2
8119 7716 403 9 0.599894 0.528004 0.0718903 31 15 24 15
8294 7888 406 44 0.59992 0.547829 0.0520905 36 8 25 5
8437 7881 556 45 0.599932 0.516623 0.083309 34 11 22 8
8502 8227 275 4 0.69986 0.663786 0.0360734 39 7 22 3
9061 7091 1970 25 0.399986 0.0395781 0.360408 29 15 25 13
9111 8707 404 42 0.299901 0.244638 0.055263 30 17 25 16
9233 8446 787 49 0.499968 0.364368 0.1356 33 13 26 12
9639 9586 53 30 0.299923 0.292164 0.00775935 30 18 26 18
9643 8816 827 15 0.399969 0.252491 0.147478 34 9 18 9
9672 9393 279 0 0.399911 0.355675 0.0442364 33 13 26 10
9783 9213 570 1 0.499968 0.406211 0.0937568 35 8 25 6
9877 9763 114 21 0.399847 0.3749 0.0249465 33 11 13 11
9978 9682 296 38 0.299908 0.256383 0.0435251 22 22 6 14
10024 9625 399 27 0.399914 0.346468 0.0534454 27 19 21 17
10077 9641 436 37 0.3999 0.340008 0.0598926 32 12 28 12
10121 8942 1179 24 0.299966 0.104437 0.195529 32 7 28 7
10498 10048 450 16 0.599993 0.539717 0.0602767 35 13 28 11
10664 9851 813 26 0.599922 0.478949 0.120974 31 18 18 16
10665 10425 240 22 0.399923 0.36437 0.0355531 29 17 27 13
10692 10639 53 41 0.599836 0.592708 0.00712808 24 12 7 5
10710 10223 487 12 0.699924 0.628866 0.0710584 26 19 16 12
10784 10324 460 40 0.299921 0.230363 0.0695581 27 18 17 18
11070 9937 1133 13 0.499947 0.326382 0.173565 37 9 23 6
11198 10670 528 10 0.499995 0.426417 0.0735783 41 8 26 8
11226 10410 816 7 0.599933 0.481037 0.118896 30 19 18 8
11304 10273 1031 14 0.399985 0.224075 0.17591 33 13 24 12
11366 10643 723 31 0.399991 0.263751 0.13624 34 14 22 10
11493 11440 53 33 0.699902 0.691336 0.00856618 21 23 8 11
11692 11580 112 35 0.399949 0.381962 0.0179874 30 19 24 18
12673 11223 1450 32 0.699934 0.540586 0.159349 33 13 19 6
12715 12426 289 43 0.299786 0.249578 0.050208 28 21 22 18
13245 11040 2205 47 0.399908 0.00636805 0.39354 28 21 26 21
13301 11039 2262 2 0.699934 0.262487 0.437447 33 13 20 5
13599 13546 53 23 0.29999 0.291507 0.00848283 29 13 13 10
13808 13755 53 11 0.399999 0.392289 0.00771065 27 19 11 9
14080 13812 268 4 0.499792 0.461519 0.0382729 38 11 21 11
14550 13413 1137 5 0.299906 0.102548 0.197359 27 20 19 14
14562 14509 53 0 0.699975 0.690163 0.00981174 30 16 9 4
14611 14238 373 33 0.799967 0.743694 0.0562725 28 17 16 3
14671 14283 388 20 0.299962 0.237341 0.0626204 36 8 30 7
14746 14210 536 45 0.499911 0.420509 0.0794028 35 12 23 8
14935 14176 759 49 0.699921 0.604539 0.0953823 33 13 14 6
15066 13931 1135 6 0.299899 0.140783 0.159117 32 16 21 11
15105 12638 2467 48 0.499875 0.0965128 0.403362 26 15 16 12
15635 15582 53 21 0.496615 0.487786 0.00882911 26 21 6 11
15807 14655 1152 17 0.399966 0.193435 0.206531 34 10 25 5
16027 15974 53 31 0.792462 0.784783 0.00767849 33 15 6 2
16523 15487 1036 41 0.599999 0.439014 0.160985 29 17 21 14
16803 16499 304 27 0.499835 0.461951 0.0378835 31 17 22 9
16907 15242 1665 34 0.299927 0.00865959 0.291268 28 20 24 16
17033 15194 1839 42 0.599781 0.284819 0.314962 34 15 24 11
17084 15534 1550 18 0.299961 0.0181651 0.281796 34 15 24 10
17118 17065 53 12 0.379117 0.369777 0.00933972 24 23 10 14
17577 16700 877 1 0.399939 0.241363 0.158576 38 9 23 7
18111 17153 958 30 0.399949 0.236918 0.163031 28 20 12 10
18153 15130 3023 38 0.699911 0.199254 0.500657 33 13 17 3
18463 16494 1969 35 0.699898 0.365458 0.33444 32 17 13 7
18698 18160 538 0 0.699989 0.623831 0.0761585 32 15 15 5
18801 18748 53 13 0.275363 0.26841 0.00695261 33 14 6 5
18917 18521 396 10 0.29993 0.239997 0.0599327 32 17 12 12
19461 19408 53 33 0.49989 0.491213 0.0086777 28 19 13 8
19973 19878 95 14 0.299925 0.284862 0.0150623 28 21 17 16
20097 18603 1494 7 0.299961 0.0667603 0.2332 21 30 15 21
20211 20142 69 45 0.568644 0.558799 0.00984465 33 14 4 5
20365 19418 947 4 0.599966 0.43986 0.160106 37 12 11 9
20828 20773 55 47 0.499994 0.4919 0.00809322 27 22 4 8
21068 19936 1132 32 0.299966 0.128772 0.171194 24 25 17 21
21179 19578 1601 23 0.599988 0.339422 0.260565 30 15 9 6
21395 20984 411 2 0.399938 0.340329 0.059609 31 16 14 12
22034 20926 1108 48 0.699967 0.533693 0.166273 25 20 9 12
23036 22590 446 21 0.299926 0.224376 0.0755504 25 22 10 7
23336 23208 128 34 0.699896 0.680683 0.0192136 35 13 14 4
23653 23202 451 5 0.299999 0.231155 0.0688439 27 20 9 7
24036 22420 1616 31 0.299982 0.018231 0.281751 29 20 14 12
24058 22415 1643 1 0.69992 0.456178 0.243742 38 9 7 3
24075 22587 1488 0 0.699979 0.420138 0.279841 32 15 6 4
24159 24099 60 17 0.299983 0.291038 0.00894552 31 14 12 9
24296 24168 128 42 0.399921 0.382365 0.0175561 28 21 5 12
24681 24628 53 18 0.49996 0.491486 0.00847418 33 16 5 3
24724 24505 219 12 0.399915 0.371924 0.0279912 24 23 12 10
24866 24813 53 38 0.476881 0.46737 0.0095102 32 15 9 6
24917 24846 71 27 0.299951 0.287855 0.0120953 32 16 12 4
25117 22810 2307 41 0.49999 0.0500823 0.449907 32 15 11 7
26111 26058 53 30 0.299928 0.293448 0.00648003 29 19 7 4
27175 26900 275 47 0.499978 0.458105 0.041873 26 23 8 6
27263 25212 2051 14 0.699914 0.292539 0.407375 29 20 10 5
27789 27736 53 23 0.299887 0.292393 0.00749368 30 15 4 3
28104 27706 398 10 0.299857 0.244449 0.0554088 28 21 15 8
28395 28342 53 7 0.299835 0.293169 0.0066668 19 32 3 4
28640 28236 404 4 0.299965 0.244542 0.0554221 32 17 8 9
29239 28784 455 17 0.799953 0.733482 0.0664708 33 12 8 0
29400 29232 168 34 0.399878 0.378252 0.0216258 31 17 10 6
