758 616 142 6 0.899979 0.880344 0.0196354 12 0 12 0
788 720 68 8 0.899759 0.889235 0.0105243 7 0 7 0
953 678 275 38 0.899931 0.858026 0.0419047 10 0 10 0
1383 1297 86 40 0.799904 0.785545 0.0143589 22 4 23 3
1440 1376 64 26 0.799994 0.78982 0.0101746 31 3 30 2
1453 1382 71 15 0.799947 0.789741 0.0102051 24 1 24 1
1514 1301 213 12 0.799946 0.767539 0.0324073 17 1 17 1
1573 1281 292 44 0.799989 0.757091 0.0428979 18 3 18 1
1648 1291 357 7 0.79991 0.750193 0.0497166 13 0 13 0
1690 1317 373 19 0.799957 0.744462 0.0554948 30 5 32 5
1742 1379 363 17 0.799967 0.752815 0.0471523 17 0 17 0
2086 2010 76 1 0.699884 0.689806 0.0100784 27 3 27 3
2110 1982 128 16 0.699995 0.683219 0.0167758 29 3 29 3
2143 2090 53 41 0.699997 0.69319 0.00680648 28 4 27 3
2198 2047 151 25 0.699987 0.681932 0.0180555 23 3 23 2
2255 2090 165 22 0.699926 0.675407 0.0245193 31 2 31 2
2327 1982 345 43 0.69999 0.65502 0.0449694 18 3 17 2
2336 1985 351 3 0.69994 0.653359 0.0465811 22 2 22 2
2474 2098 376 34 0.699921 0.64899 0.0509304 20 8 21 7
2724 2671 53 5 0.59994 0.591076 0.00886391 28 8 28 8
2772 2694 78 27 0.599912 0.588865 0.0110468 32 7 33 7
2966 2734 232 33 0.59996 0.569013 0.0309468 27 5 27 4
2981 2729 252 37 0.599932 0.55608 0.0438521 23 2 23 2
3050 2715 335 24 0.599955 0.554248 0.0457065 32 3 32 2
3081 2782 299 46 0.599912 0.564115 0.0357971 30 4 30 4
3512 3365 147 29 0.499945 0.481345 0.0186003 29 11 29 11
3603 3512 91 32 0.49995 0.486341 0.0136092 29 14 28 13
3604 3385 219 14 0.499958 0.467834 0.032124 29 10 29 10
3648 3389 259 48 0.499921 0.459693 0.0402282 33 8 33 8
3744 3363 381 39 0.499892 0.44955 0.0503415 32 2 32 2
3765 3453 312 30 0.49998 0.460729 0.0392509 36 8 35 8
4000 3514 486 11 0.499924 0.425877 0.0740472 36 3 36 3
4021 3444 577 45 0.499858 0.417573 0.0822845 35 3 35 3
4073 3439 634 36 0.499929 0.401375 0.0985543 35 4 35 3
4313 3474 839 4 0.499995 0.35417 0.145825 32 7 32 7
4485 4129 356 20 0.399827 0.350322 0.049506 31 11 30 9
4494 4112 382 47 0.399903 0.348903 0.0510002 35 5 35 5
4566 4143 423 10 0.399894 0.333882 0.0660121 28 13 28 13
4588 4094 494 21 0.399891 0.316123 0.0837678 24 14 24 14
4590 3480 1110 2 0.499829 0.328806 0.171023 32 4 32 4
4726 4132 594 28 0.399804 0.302032 0.0977718 37 4 37 4
5041 4087 954 42 0.399901 0.259843 0.140058 38 9 38 9
5132 4900 232 0 0.299924 0.262143 0.0377803 27 13 27 13
5141 4894 247 31 0.29997 0.264769 0.035201 35 10 34 9
5172 4928 244 18 0.29991 0.266166 0.0337441 38 8 38 8
5467 4783 684 23 0.299877 0.195364 0.104513 35 11 35 11
6134 4329 1805 13 0.399999 0.097262 0.302737 28 8 27 7
6525 5556 969 6 0.399999 0.251978 0.148021 37 10 36 10
6615 4873 1742 9 0.299896 0.0381019 0.261794 26 20 26 20
6918 6507 411 25 0.59991 0.54451 0.0553995 28 15 21 15
7015 4881 2134 49 0.299966 0.00457659 0.295389 31 14 31 14
7110 5491 1619 16 0.699995 0.42802 0.271974 31 10 21 10
7135 5845 1290 17 0.599891 0.411373 0.188518 29 11 25 11
7320 6593 727 26 0.399913 0.274012 0.125901 32 13 23 12
7372 7025 347 41 0.499937 0.453387 0.0465501 28 15 20 14
7630 5156 2474 40 0.599949 0.190548 0.409402 34 6 24 6
7648 6909 739 38 0.299917 0.196623 0.103294 26 11 24 11
7867 7500 367 15 0.299948 0.250964 0.048984 35 9 28 9
8045 7782 263 44 0.299955 0.261824 0.0381308 26 20 23 19
8171 7331 840 37 0.699944 0.562171 0.137773 27 6 11 5
8387 7790 597 29 0.699981 0.610668 0.0893124 28 16 14 10
8519 8050 469 39 0.699986 0.629583 0.0704027 34 9 18 9
8775 8326 449 30 0.699994 0.639156 0.060838 36 12 17 10
8815 8209 606 22 0.399926 0.281584 0.118342 28 20 18 20
8836 8043 793 48 0.699994 0.575095 0.124899 32 11 15 7
8872 5728 3144 19 0.59993 0.064027 0.535903 32 11 14 9
8873 7834 1039 7 0.29993 0.143531 0.1564 26 19 25 19
9123 9038 85 3 0.299948 0.283522 0.0164258 26 18 23 18
9133 8569 564 24 0.49979 0.400653 0.0991374 32 13 13 11
10191 9813 378 33 0.299926 0.250235 0.0496909 29 20 21 19
10233 8258 1975 5 0.49999 0.142311 0.357679 23 18 9 12
10270 9719 551 2 0.599909 0.511919 0.0879902 28 14 15 11
10426 10373 53 47 0.499991 0.49192 0.00807048 28 16 7 13
10687 10544 143 28 0.599891 0.578271 0.0216205 32 15 17 13
10723 8820 1903 27 0.399981 0.0620562 0.337925 31 15 22 15
10896 10244 652 20 0.59991 0.497396 0.102514 27 19 17 14
11183 9489 1694 32 0.49993 0.220914 0.279017 26 22 16 16
11250 11172 78 45 0.399794 0.385879 0.0139152 36 9 12 9
11299 10293 1006 46 0.3 0.140786 0.159213 25 15 9 12
11324 10663 661 11 0.399914 0.314245 0.0856683 31 11 18 10
11606 11253 353 18 0.599977 0.553237 0.0467401 36 10 20 8
12051 11685 366 10 0.3999 0.354038 0.045862 27 20 21 18
12135 11098 1037 25 0.699953 0.507733 0.19222 28 18 12 6
12237 12184 53 21 0.399954 0.391551 0.00840277 27 18 21 15
12294 12047 247 4 0.299999 0.257422 0.0425761 32 15 23 12
12627 12574 53 39 0.699968 0.690899 0.00906912 35 10 6 5
13006 11784 1222 42 0.499979 0.277722 0.222257 33 15 19 14
13135 12414 721 23 0.499922 0.412791 0.0871308 28 19 16 16
13544 13381 163 31 0.299917 0.275591 0.0243267 32 17 27 14
13712 12776 936 9 0.699976 0.54355 0.156426 28 20 15 9
13955 13120 835 16 0.499897 0.369854 0.130043 32 15 20 9
14222 13518 704 13 0.499766 0.366078 0.133688 30 17 22 14
14226 13985 241 41 0.399991 0.366622 0.0333693 34 14 23 9
14693 14347 346 37 0.399988 0.350973 0.0490146 25 16 16 14
14962 14230 732 49 0.599886 0.459541 0.140345 36 10 16 4
15056 15003 53 38 0.499986 0.492288 0.00769817 24 16 5 9
15421 14118 1303 26 0.499963 0.294067 0.205897 36 12 19 8
15641 15578 63 2 0.476933 0.468267 0.00866643 28 16 8 9
15754 15533 221 40 0.399931 0.367365 0.0325656 27 18 14 15
15814 15518 296 15 0.399953 0.360046 0.0399072 36 12 20 10
16212 14101 2111 44 0.599934 0.247494 0.35244 31 16 18 5
16287 13561 2726 30 0.499896 0.0012476 0.498649 31 17 14 12
16368 15247 1121 19 0.59995 0.418935 0.181015 30 15 11 11
16723 14251 2472 48 0.499907 0.0295226 0.470385 37 8 23 7
16888 16777 111 24 0.299914 0.28075 0.0191637 33 17 17 13
16941 16862 79 3 0.399863 0.388927 0.0109362 30 18 17 11
17029 16325 704 47 0.499975 0.401962 0.0980132 28 20 14 16
17294 17157 137 32 0.499804 0.4787 0.0211032 24 25 4 9
17376 16894 482 7 0.399997 0.328479 0.0715187 31 16 21 10
17554 13269 4285 22 0.799935 0.0703269 0.729608 31 17 17 7
17816 17064 752 21 0.699895 0.594756 0.105139 30 16 13 7
17905 15486 2419 28 0.599882 0.195467 0.404415 29 19 13 11
18207 18084 123 31 0.799892 0.783106 0.0167861 33 16 12 3
18381 18327 54 39 0.399975 0.393402 0.0065724 28 20 15 14
18542 17220 1322 18 0.499905 0.261699 0.238206 31 16 15 13
18693 18147 546 5 0.39992 0.335355 0.0645651 25 21 18 18
18743 18690 53 11 0.399879 0.391507 0.00837211 21 25 14 21
18807 18391 416 27 0.299835 0.238232 0.0616026 29 18 4 7
19019 18377 642 41 0.799769 0.688835 0.110935 33 16 11 5
19123 16496 2627 33 0.599974 0.184082 0.415893 29 20 15 6
19527 19474 53 46 0.399798 0.389875 0.00992277 26 17 7 8
20502 17802 2700 45 0.499893 0.152404 0.347488 35 12 14 5
20649 18413 2236 4 0.599938 0.193533 0.406406 29 19 14 10
20677 18749 1928 42 0.599967 0.197351 0.402616 27 21 8 8
21480 19995 1485 25 0.299892 0.0157676 0.284124 26 21 13 11
21603 21528 75 16 0.275948 0.264183 0.0117648 31 17 5 5
21656 19648 2008 49 0.699908 0.37637 0.323538 34 13 10 6
21725 20791 934 9 0.299897 0.151701 0.148196 24 25 10 16
22162 22092 70 3 0.699947 0.690848 0.00909914 31 17 5 1
22215 20450 1765 2 0.499854 0.219444 0.28041 26 19 4 4
22422 22296 126 38 0.299885 0.280429 0.0194563 26 21 18 13
22472 22419 53 30 0.7 0.692497 0.00750302 28 21 11 7
22987 22503 484 19 0.399887 0.30931 0.090577 30 16 5 3
23291 23238 53 44 0.399988 0.393733 0.00625443 25 22 3 10
23362 22761 601 11 0.799907 0.704272 0.0956355 29 17 12 1
24132 23961 171 47 0.399991 0.378179 0.0218125 24 24 10 13
24187 22880 1307 31 0.499981 0.309573 0.190408 37 12 15 3
24369 24316 53 32 0.394124 0.386484 0.00763974 22 27 5 7
24537 20868 3669 15 0.699919 0.128813 0.571106 34 14 8 7
24734 23834 900 48 0.599965 0.451981 0.147984 34 11 15 6
26037 25984 53 46 0.299972 0.293216 0.00675569 28 16 6 3
26052 24789 1263 27 0.499979 0.276627 0.223352 26 21 3 6
26116 23733 2383 24 0.499959 0.0933496 0.40661 35 15 11 3
26117 26051 66 5 0.299978 0.289982 0.00999582 25 22 5 6
26138 21726 4412 7 0.799986 0.0559805 0.744005 31 17 7 2
26582 25976 606 22 0.399985 0.309444 0.0905407 29 19 15 8
26745 26379 366 39 0.299986 0.239112 0.0608742 27 21 15 8
26895 26559 336 33 0.399992 0.352528 0.0474641 31 18 11 6
27022 25845 1177 28 0.399938 0.254557 0.145381 28 21 14 7
27548 27495 53 4 0.49997 0.490973 0.00899776 28 20 6 4
27971 27536 435 45 0.299838 0.228181 0.0716579 33 14 4 5
28551 28306 245 16 0.499961 0.466892 0.0330686 33 15 7 6
28584 28511 73 25 0.599924 0.590258 0.00966605 31 16 13 6
29312 29195 117 30 0.299981 0.284332 0.0156487 24 25 9 11
29441 29090 351 11 0.399994 0.351839 0.0481548 27 20 9 8
29605 29550 55 19 0.399815 0.390298 0.00951769 32 14 5 2
29694 28972 722 3 0.299914 0.210368 0.0895459 31 17 13 5
