761 651 110 30 0.899957 0.884607 0.0153498 16 1 16 0
822 698 124 38 0.899801 0.879947 0.0198533 17 0 17 0
1451 1343 108 9 0.799919 0.783772 0.0161474 30 3 29 2
1482 1329 153 0 0.799916 0.779172 0.0207441 31 0 31 0
1508 1382 126 46 0.799809 0.782019 0.0177899 20 2 20 2
1526 1295 231 16 0.799998 0.762236 0.037762 13 0 13 0
1539 1374 165 13 0.799874 0.77652 0.0233534 27 1 27 1
1603 1390 213 26 0.799927 0.765973 0.0339537 20 2 20 1
2047 1900 147 22 0.699994 0.680962 0.0190321 24 5 21 3
2088 2010 78 5 0.699795 0.687056 0.0127393 27 4 26 3
2094 2018 76 1 0.699907 0.689139 0.0107675 26 1 26 1
2156 2059 97 32 0.699922 0.687488 0.0124342 25 7 24 5
2175 2001 174 41 0.699973 0.67072 0.0292523 31 1 31 0
2212 1989 223 17 0.699954 0.666683 0.0332709 27 5 24 2
2269 1966 303 3 0.69992 0.651852 0.0480673 31 1 31 1
2273 2066 207 42 0.699949 0.669013 0.0309352 29 2 29 2
2363 1933 430 30 0.899817 0.839827 0.0599898 21 0 9 0
2416 2098 318 49 0.699994 0.650686 0.0493071 30 3 30 3
2434 1956 478 19 0.69998 0.628648 0.0713317 29 3 29 3
2453 2061 392 31 0.699936 0.646047 0.0538884 24 4 24 3
2844 2683 161 40 0.599926 0.57955 0.0203762 29 10 29 10
2852 2769 83 2 0.59999 0.589083 0.0109077 28 5 28 5
2879 2669 210 28 0.599964 0.569316 0.0306477 26 9 25 7
2884 2714 170 44 0.599986 0.574891 0.0250955 30 8 31 8
2986 2697 289 14 0.59997 0.56273 0.0372404 26 9 26 9
3069 2810 259 7 0.599933 0.568227 0.0317061 23 4 23 4
3580 3490 90 38 0.699989 0.688173 0.0118158 27 10 21 10
3625 2734 891 11 0.599922 0.488925 0.110997 32 6 32 6
3628 3512 116 29 0.499993 0.483735 0.0162581 31 13 31 13
3671 3426 245 27 0.499936 0.466333 0.0336025 35 9 37 8
3805 2702 1103 21 0.59994 0.434114 0.165827 23 5 23 5
3810 3487 323 39 0.499928 0.456696 0.043232 35 1 35 1
3866 3487 379 20 0.499938 0.443582 0.0563558 33 7 32 6
3872 3468 404 6 0.499995 0.446355 0.0536406 31 6 31 6
3953 3415 538 10 0.499816 0.412336 0.0874796 35 3 35 3
4340 4095 245 37 0.399997 0.36575 0.0342473 29 16 29 16
4487 4304 183 25 0.399968 0.371897 0.0280702 32 10 32 10
4644 4138 506 12 0.399846 0.325712 0.0741346 34 5 34 5
4817 4282 535 34 0.39999 0.329737 0.070253 36 8 36 8
4938 4261 677 36 0.399938 0.283006 0.116932 33 11 32 10
5004 4946 58 15 0.299989 0.287953 0.0120359 25 21 25 21
5048 4834 214 8 0.299788 0.269536 0.0302515 38 8 38 8
5132 4948 184 23 0.299953 0.27491 0.0250427 33 13 33 13
5236 4145 1091 43 0.399919 0.214942 0.184976 33 10 33 9
5268 3462 1806 45 0.499788 0.196334 0.303454 32 8 32 8
5279 4179 1100 35 0.399897 0.209656 0.190241 31 10 31 10
5372 4975 397 47 0.299964 0.245385 0.0545789 35 12 35 12
5504 5141 363 33 0.299992 0.249377 0.050615 32 11 32 10
5664 5454 210 5 0.699876 0.673869 0.0260062 26 14 19 13
5836 5118 718 24 0.299922 0.167354 0.132569 30 14 30 14
5966 5672 294 1 0.699919 0.65405 0.0458692 30 8 14 7
5988 4869 1119 4 0.299972 0.152756 0.147216 34 6 34 6
6159 5927 232 42 0.699986 0.665273 0.0347133 36 8 21 7
6477 6280 197 14 0.799841 0.771935 0.0279058 37 5 18 3
6528 6196 332 46 0.499906 0.45647 0.0434353 27 16 23 16
6972 6220 752 26 0.499971 0.389088 0.110883 37 10 32 10
7000 6050 950 0 0.49259 0.37109 0.1215 33 8 23 8
7107 7044 63 7 0.698292 0.689737 0.0085544 27 10 15 7
7210 7087 123 32 0.499949 0.483263 0.0166857 29 18 26 16
7752 5876 1876 3 0.699908 0.411863 0.288045 31 11 21 10
7824 7529 295 44 0.599952 0.559374 0.0405778 33 9 20 9
8040 7637 403 16 0.299956 0.245957 0.053999 27 14 25 14
8268 7918 350 38 0.5999 0.550433 0.0494668 34 9 21 7
8602 7651 951 2 0.599893 0.422615 0.177277 28 13 21 11
8993 8753 240 11 0.599948 0.566449 0.0334988 36 9 21 6
9023 8437 586 31 0.399815 0.317769 0.0820457 32 10 24 9
9125 8083 1042 30 0.299973 0.10111 0.198862 25 17 22 17
9281 8370 911 19 0.399906 0.258235 0.141672 34 9 20 9
9383 8811 572 17 0.299895 0.217732 0.0821635 30 15 25 15
9467 9154 313 40 0.399997 0.359716 0.0402818 32 17 20 17
9900 9572 328 42 0.699996 0.652897 0.0470987 26 18 13 14
10150 9881 269 25 0.599908 0.562417 0.0374919 30 18 21 16
10243 10151 92 14 0.599938 0.58561 0.0143276 33 16 21 13
10416 10277 139 39 0.399994 0.380614 0.0193799 22 22 17 22
10566 9181 1385 6 0.599997 0.359797 0.240199 35 8 23 5
10586 9332 1254 28 0.399946 0.173703 0.226243 22 27 17 26
10958 10708 250 35 0.699931 0.661825 0.0381059 32 14 15 8
11194 11106 88 29 0.299964 0.287444 0.0125203 27 21 24 20
11264 9695 1569 37 0.599925 0.336313 0.263612 27 19 7 6
11334 11257 77 8 0.599886 0.586034 0.0138518 33 15 16 12
11828 11761 67 23 0.49993 0.490851 0.00907942 39 10 23 6
11889 11000 889 12 0.499765 0.375044 0.124722 37 10 28 8
12089 9997 2092 20 0.499829 0.163193 0.336636 29 18 22 16
12136 11901 235 44 0.699983 0.67235 0.0276326 32 10 12 4
12176 10464 1712 10 0.399921 0.148308 0.251613 31 12 13 9
12840 12787 53 26 0.39984 0.390968 0.00887278 34 13 4 10
12858 12506 352 15 0.399913 0.35632 0.0435937 34 15 22 9
13009 11656 1353 46 0.599897 0.373882 0.226016 22 26 15 20
13285 12943 342 4 0.399787 0.328666 0.0711217 32 11 5 6
13289 10343 2946 34 0.599935 0.0591833 0.540751 32 15 14 10
13312 13166 146 32 0.499919 0.479169 0.0207493 31 17 17 10
13450 13010 440 47 0.399933 0.330311 0.069622 32 17 18 11
13476 11389 2087 21 0.299921 0.00294225 0.296978 35 10 24 9
13605 11404 2201 45 0.599987 0.264011 0.335976 30 17 24 13
13665 12865 800 42 0.799967 0.654691 0.145276 27 17 11 5
13880 12848 1032 1 0.299894 0.131404 0.168489 27 17 20 13
14368 12357 2011 7 0.499961 0.194566 0.305395 32 12 19 10
14445 14392 53 16 0.590646 0.584259 0.00638713 26 16 5 5
14538 13082 1456 24 0.499922 0.238258 0.261663 29 18 17 12
14830 14255 575 0 0.299781 0.222675 0.0771061 27 20 9 16
15443 14894 549 17 0.699971 0.613686 0.0862859 32 15 16 6
15615 14929 686 31 0.599946 0.493014 0.106932 31 13 12 7
15824 15523 301 38 0.299949 0.257072 0.0428771 38 7 22 4
16027 15974 53 2 0.287876 0.281781 0.0060951 25 19 7 10
16053 14104 1949 3 0.29996 0.0695865 0.230373 27 20 15 18
16616 16561 55 30 0.299984 0.289447 0.0105374 26 20 7 6
17077 16584 493 44 0.599992 0.507303 0.092689 35 10 19 4
17145 17065 80 28 0.578925 0.569962 0.00896259 28 21 15 5
17296 16521 775 8 0.499827 0.389312 0.110515 36 12 17 7
18001 17948 53 4 0.699952 0.693339 0.00661288 29 14 7 5
18234 18147 87 12 0.499867 0.485672 0.0141942 39 9 18 4
18297 17282 1015 19 0.299976 0.122344 0.177632 34 13 20 10
18335 16962 1373 32 0.799942 0.558227 0.241715 33 15 10 1
18443 17504 939 6 0.299857 0.114669 0.185188 30 15 11 10
19020 18400 620 16 0.699951 0.612212 0.0877384 30 15 10 7
19370 19274 96 29 0.29991 0.282679 0.0172309 29 19 15 9
19726 19455 271 10 0.275138 0.22599 0.0491475 27 16 7 10
19825 17881 1944 15 0.699937 0.343409 0.356528 34 15 14 5
19878 19825 53 45 0.59993 0.59262 0.00731071 30 19 11 7
19968 19915 53 20 0.399834 0.392712 0.00712185 28 19 9 9
20552 20454 98 17 0.299773 0.282018 0.0177544 28 20 7 8
20633 20538 95 38 0.699959 0.684423 0.0155365 37 8 4 3
20928 20462 466 46 0.399784 0.33849 0.0612939 23 25 7 7
21459 20686 773 2 0.799973 0.682057 0.117916 26 18 6 2
22007 21174 833 0 0.599949 0.467942 0.132008 28 19 12 7
22303 22250 53 1 0.399812 0.392268 0.00754437 32 15 13 7
22316 21842 474 8 0.599832 0.50106 0.0987716 34 14 4 5
22504 22338 166 3 0.499838 0.466079 0.0337594 30 17 4 2
22514 22461 53 21 0.299905 0.290627 0.00927862 31 16 7 8
22645 22592 53 31 0.299914 0.290879 0.00903541 27 18 3 8
22697 21799 898 47 0.299951 0.168419 0.131532 30 19 13 13
23030 22695 335 30 0.299921 0.242174 0.0577468 24 22 3 4
23107 22938 169 28 0.499932 0.479239 0.0206935 31 18 11 5
23244 22305 939 44 0.599907 0.464427 0.13548 35 12 12 5
23368 21888 1480 34 0.399913 0.159197 0.240716 30 18 9 3
23631 23352 279 32 0.599931 0.563386 0.0365445 29 19 7 8
24306 24253 53 6 0.699974 0.690328 0.0096466 31 14 3 3
24821 24556 265 16 0.499914 0.461781 0.0381329 34 13 11 3
25863 25810 53 10 0.599939 0.591911 0.00802808 27 17 4 4
25871 25809 62 8 0.799918 0.789773 0.010145 35 13 4 1
25887 25824 63 38 0.299892 0.290468 0.00942403 38 7 4 2
25888 25784 104 20 0.599941 0.584903 0.0150381 32 15 7 3
26154 25843 311 12 0.299921 0.262672 0.0372484 37 12 7 6
26552 26486 66 17 0.477862 0.467739 0.0101236 28 20 5 3
26820 26767 53 15 0.299815 0.291121 0.00869375 36 13 4 2
27610 27315 295 0 0.599996 0.559613 0.0403833 30 17 11 3
27854 27551 303 19 0.2999 0.263685 0.0362155 34 14 13 7
27861 27808 53 3 0.499988 0.4915 0.00848844 29 18 4 4
27961 27662 299 28 0.699934 0.652584 0.0473501 27 22 9 4
28204 27847 357 29 0.299835 0.248349 0.0514857 32 16 13 4
28980 28547 433 32 0.59997 0.547112 0.0528577 35 13 14 2
29243 29190 53 31 0.5 0.490767 0.00923316 31 13 9 4
29443 29390 53 21 0.399992 0.392351 0.00764101 33 14 5 2
29617 29516 101 6 0.299862 0.280809 0.019053 31 14 3 2
