751 698 53 15 0.899915 0.893606 0.00630851 14 0 14 0
778 669 109 26 0.899792 0.88464 0.0151517 20 1 19 0
816 647 169 0 0.899997 0.872602 0.0273955 11 0 11 0
884 672 212 11 0.899894 0.866493 0.033401 9 0 9 0
892 617 275 8 0.899877 0.86029 0.0395867 13 0 13 0
1415 1351 64 48 0.799982 0.78873 0.0112527 25 5 26 5
1433 1276 157 7 0.799913 0.77547 0.0244428 26 1 26 1
1455 1319 136 43 0.799771 0.780601 0.0191695 24 4 25 3
1461 1220 241 10 0.79994 0.763685 0.0362552 20 5 21 4
1486 1332 154 14 0.799898 0.775254 0.0246441 26 4 26 4
1513 1290 223 37 0.799939 0.765361 0.0345781 12 3 11 2
1540 1274 266 21 0.799936 0.764002 0.0359336 27 0 27 0
1613 1230 383 46 0.799985 0.746153 0.053832 13 5 14 4
2080 1972 108 18 0.699988 0.684207 0.0157813 24 3 24 3
2120 2019 101 31 0.69979 0.68594 0.0138499 30 4 29 3
2150 1967 183 26 0.89998 0.873326 0.0266539 25 5 16 4
2162 2019 143 23 0.699986 0.676146 0.02384 26 1 26 1
2162 1996 166 36 0.699914 0.677269 0.022645 26 3 26 2
2183 1970 213 29 0.69992 0.669307 0.0306125 25 6 25 6
2198 1953 245 22 0.699994 0.666374 0.0336202 15 1 15 1
2236 2097 139 3 0.699946 0.680809 0.0191362 25 4 25 4
2376 2017 359 24 0.699921 0.64949 0.0504303 27 1 28 1
2404 1967 437 13 0.699928 0.639662 0.0602663 25 4 25 4
2451 2047 404 34 0.699992 0.641614 0.0583784 29 10 29 9
2811 2711 100 16 0.599927 0.587101 0.0128254 28 12 28 12
2890 2727 163 42 0.599993 0.577729 0.0222648 22 3 22 3
2963 2690 273 12 0.599999 0.561422 0.0385769 23 4 23 4
3044 2665 379 41 0.599916 0.54768 0.0522363 34 4 34 4
3118 2091 1027 33 0.699831 0.506084 0.193746 24 5 24 5
3590 3465 125 27 0.499929 0.48151 0.0184185 40 2 39 1
3604 3456 148 49 0.499927 0.481912 0.0180151 26 15 26 15
3618 3530 88 25 0.499795 0.486168 0.0136274 33 5 33 5
3690 3521 169 4 0.49996 0.475273 0.0246869 33 8 33 8
3742 3509 233 17 0.499978 0.470905 0.0290733 31 5 31 5
3888 2652 1236 38 0.599898 0.408873 0.191025 30 8 30 8
3939 2653 1286 1 0.599869 0.381662 0.218207 26 4 26 3
3944 3343 601 32 0.499894 0.40517 0.0947241 31 10 31 10
3964 3478 486 2 0.499949 0.429876 0.0700732 32 8 32 8
4246 3498 748 30 0.499989 0.385077 0.114911 35 6 35 6
4288 4058 230 28 0.399931 0.370579 0.0293523 31 15 31 14
4288 4206 82 44 0.399938 0.390724 0.00921351 33 9 32 8
4312 3986 326 19 0.399993 0.355089 0.044904 31 12 31 12
4321 4147 174 47 0.399923 0.377187 0.0227363 24 13 25 12
4329 3448 881 5 0.499969 0.345989 0.15398 38 6 38 6
4351 3991 360 6 0.399993 0.350277 0.0497164 30 12 30 12
4394 4189 205 39 0.399978 0.372031 0.0279473 28 12 28 12
4581 4230 351 20 0.399956 0.349603 0.050353 39 3 39 3
4688 4074 614 45 0.399971 0.293049 0.106922 30 6 30 6
5066 4918 148 40 0.299765 0.281501 0.0182636 31 14 31 14
5237 4635 602 14 0.699954 0.59619 0.103765 29 14 18 12
5690 4075 1615 9 0.399893 0.178688 0.221206 21 13 21 13
6461 4933 1528 46 0.699947 0.474497 0.22545 28 5 21 4
6578 6363 215 15 0.299899 0.271822 0.0280776 31 7 29 7
7052 5295 1757 10 0.599973 0.289722 0.310252 33 10 24 9
7130 5497 1633 21 0.599999 0.327806 0.272192 32 9 24 9
7137 5216 1921 11 0.49997 0.16611 0.333861 26 18 26 18
7224 7058 166 26 0.399993 0.375539 0.0244541 34 13 23 10
7226 5774 1452 23 0.699901 0.44358 0.256321 30 12 19 12
7248 5737 1511 36 0.699997 0.44957 0.250427 30 8 19 7
7299 6848 451 43 0.399964 0.33618 0.0637845 22 23 22 23
7401 7273 128 25 0.79989 0.781228 0.0186618 39 3 18 1
7600 7326 274 29 0.4999 0.458209 0.0416907 26 19 23 19
7604 5948 1656 8 0.399926 0.116264 0.283662 19 22 17 22
7639 6972 667 13 0.599952 0.500828 0.0991235 20 24 15 23
7654 6614 1040 4 0.899835 0.738172 0.161662 37 5 8 0
7710 7206 504 18 0.499977 0.429672 0.0703051 33 10 26 9
7827 7767 60 7 0.299897 0.292374 0.00752358 26 19 23 19
7895 6930 965 37 0.399932 0.226211 0.173721 29 16 27 16
7987 7156 831 31 0.49999 0.374419 0.125572 31 15 22 15
8277 6514 1763 0 0.299965 0.0597517 0.240214 26 18 26 18
8336 7521 815 48 0.299872 0.158501 0.141371 28 14 23 13
8576 7861 715 22 0.399992 0.297428 0.102563 30 13 27 13
8587 8525 62 34 0.383798 0.375231 0.00856664 34 12 27 11
8589 8525 64 24 0.38862 0.379971 0.00864877 30 11 24 10
8609 7613 996 16 0.599981 0.409164 0.190817 32 15 23 11
8650 8425 225 41 0.499951 0.466315 0.0336367 29 16 17 15
9255 8770 485 49 0.599958 0.529373 0.0705847 32 16 26 14
9503 9062 441 14 0.699943 0.637385 0.062558 35 13 22 10
9563 9365 198 33 0.399791 0.371724 0.028067 25 14 19 10
9654 8728 926 3 0.299889 0.150029 0.14986 33 13 31 12
9743 8449 1294 12 0.499936 0.275967 0.223969 30 16 26 14
10040 8984 1056 44 0.699839 0.53153 0.168309 38 6 24 2
10793 10670 123 39 0.49991 0.479754 0.0201564 28 20 21 19
11175 8224 2951 32 0.69998 0.140494 0.559486 25 20 16 12
11183 9515 1668 27 0.499993 0.262499 0.237494 32 15 24 15
11389 9677 1712 42 0.299931 0.000986693 0.298944 29 8 21 6
11401 10891 510 20 0.499904 0.407336 0.0925678 33 14 22 13
11405 11016 389 2 0.299964 0.241656 0.0583072 31 17 23 16
11530 9066 2464 6 0.699942 0.279552 0.42039 33 13 20 11
11882 10610 1272 47 0.499937 0.285899 0.214039 29 15 23 11
11971 10075 1896 17 0.399947 0.0962003 0.303747 29 17 21 14
12219 11977 242 15 0.699936 0.662426 0.0375098 37 5 18 3
12222 11957 265 34 0.899982 0.862695 0.0372863 38 9 7 0
12328 12195 133 5 0.299986 0.282531 0.0174557 33 16 27 15
12386 12130 256 30 0.299927 0.261688 0.0382392 25 22 23 21
12444 12391 53 10 0.599875 0.589383 0.0104924 33 16 22 16
12445 11368 1077 19 0.399978 0.220748 0.179229 34 12 26 11
12680 11545 1135 38 0.299961 0.124746 0.175215 31 15 25 14
12754 11697 1057 46 0.599782 0.431336 0.168446 33 12 18 9
12758 12410 348 13 0.599916 0.544229 0.0556871 28 20 20 11
12807 11356 1451 28 0.399925 0.15591 0.244014 31 17 21 12
12871 11834 1037 1 0.29991 0.122879 0.177031 32 13 30 12
13154 12970 184 9 0.499943 0.471867 0.0280758 31 18 24 17
13201 12854 347 25 0.399974 0.352686 0.0472877 31 18 25 18
13385 12683 702 45 0.299801 0.204906 0.0948949 31 17 25 17
13390 12544 846 40 0.399957 0.287126 0.112832 37 9 31 6
13540 13028 512 43 0.599971 0.536644 0.0633269 32 15 23 7
13736 13683 53 11 0.599967 0.592001 0.00796555 24 23 7 11
13843 13016 827 18 0.599976 0.44979 0.150187 32 16 24 11
14305 14142 163 23 0.399959 0.375922 0.024037 26 22 21 19
14594 13212 1382 36 0.499843 0.292903 0.20694 29 17 22 14
14985 14932 53 37 0.49998 0.489187 0.0107935 25 20 6 12
15043 14835 208 26 0.299998 0.271646 0.0283523 26 23 22 18
15391 15026 365 21 0.299896 0.244782 0.0551139 30 18 28 16
15459 15207 252 22 0.499836 0.46143 0.038406 29 19 23 14
15562 12944 2618 29 0.599908 0.182029 0.417879 33 14 24 9
15570 15401 169 16 0.399994 0.376402 0.0235916 31 18 25 16
16400 15749 651 24 0.399966 0.299449 0.100517 36 10 28 8
16537 15733 804 8 0.399775 0.267944 0.13183 26 20 26 11
16558 15845 713 31 0.29991 0.184323 0.115587 33 16 28 13
16636 16513 123 44 0.399903 0.381619 0.0182836 36 12 26 11
16656 16219 437 14 0.299945 0.233011 0.0669345 37 12 26 9
16705 16045 660 7 0.299802 0.214562 0.0852396 37 10 30 8
16819 15929 890 33 0.499813 0.365541 0.134272 33 13 24 10
17073 16511 562 46 0.799779 0.720852 0.0789272 33 15 16 6
17315 17124 191 47 0.699812 0.676242 0.0235699 28 19 18 10
17500 17200 300 12 0.399918 0.36053 0.039388 32 16 27 10
17591 17437 154 0 0.299978 0.277054 0.0229249 32 17 28 12
17640 16468 1172 49 0.29996 0.079345 0.220615 36 13 31 10
17803 16474 1329 2 0.699943 0.458467 0.241476 36 13 23 7
18080 17871 209 27 0.499898 0.468212 0.031686 32 16 14 9
18177 16841 1336 11 0.799928 0.602584 0.197344 31 16 14 5
18226 17498 728 3 0.399959 0.28351 0.116449 28 20 20 16
18230 16668 1562 20 0.6 0.32009 0.27991 32 16 15 8
18637 16951 1686 48 0.299899 0.0449133 0.254986 28 21 24 19
18856 18704 152 15 0.299967 0.278206 0.021761 32 16 30 15
19247 17769 1478 10 0.499858 0.231822 0.268036 32 17 24 16
19619 19156 463 30 0.499931 0.409225 0.0907068 29 20 22 12
19841 18209 1632 39 0.299815 0.0161906 0.283624 33 16 27 14
20149 19155 994 13 0.399965 0.241569 0.158396 35 14 28 13
20198 19527 671 6 0.29992 0.18331 0.11661 30 19 25 14
20297 19786 511 9 0.399884 0.322008 0.0778761 34 15 25 11
20399 20346 53 36 0.577231 0.568464 0.00876694 31 15 7 4
20406 19805 601 43 0.399951 0.308767 0.0911841 33 16 27 12
20442 19552 890 45 0.599832 0.447641 0.15219 39 10 24 7
20610 20550 60 38 0.3999 0.391096 0.00880372 34 13 10 5
20845 20505 340 23 0.499998 0.457185 0.0428129 28 21 20 14
21013 19794 1219 18 0.49994 0.357139 0.142801 29 19 22 15
21089 20861 228 17 0.299943 0.265731 0.0342114 30 17 24 10
21272 19688 1584 32 0.299964 0.0101716 0.289792 28 21 22 16
21384 19158 2226 42 0.49994 0.0886729 0.411267 34 14 25 13
21526 20363 1163 25 0.39985 0.227816 0.172034 33 16 26 11
21720 21354 366 22 0.499894 0.434552 0.0653426 31 18 21 16
21766 21709 57 1 0.29994 0.290491 0.00944804 34 13 23 11
22038 21912 126 26 0.49996 0.480911 0.0190487 35 14 28 7
22075 21365 710 40 0.299954 0.19249 0.107464 38 9 32 8
22173 21972 201 46 0.499942 0.472981 0.0269609 40 9 31 8
22237 21978 259 11 0.699972 0.663968 0.0360047 37 12 17 5
22293 19779 2514 5 0.399862 0.0195504 0.380311 36 13 29 10
22439 21867 572 47 0.599994 0.527074 0.0729197 32 15 23 10
22794 22258 536 44 0.599921 0.49753 0.102391 33 16 19 10
23071 22977 94 31 0.599935 0.582559 0.0173754 30 19 15 15
23220 21389 1831 21 0.599991 0.29148 0.308511 34 14 21 8
23638 21644 1994 12 0.799957 0.496475 0.303482 35 13 17 2
23910 23498 412 16 0.299896 0.239806 0.0600903 33 16 20 9
23950 22619 1331 29 0.499914 0.262197 0.237717 28 21 19 17
23951 22211 1740 24 0.59991 0.316889 0.283021 30 19 19 16
24705 23944 761 8 0.39994 0.281264 0.118676 26 22 21 14
24953 24057 896 15 0.699977 0.564668 0.135309 35 13 15 7
25001 24783 218 33 0.299901 0.272359 0.0275426 33 14 25 12
25048 23440 1608 3 0.699933 0.429171 0.270762 35 14 18 8
25383 25197 186 9 0.699951 0.672974 0.0269775 37 12 18 6
25527 25474 53 7 0.299915 0.291162 0.00875248 34 13 6 6
25772 25637 135 6 0.699814 0.674643 0.0251712 33 16 17 7
25837 25606 231 27 0.299937 0.265409 0.0345277 35 14 25 11
26012 25786 226 0 0.299943 0.263356 0.0365863 32 17 22 11
26143 26061 82 38 0.6 0.58437 0.0156295 35 14 18 6
26275 25928 347 11 0.69997 0.657092 0.0428781 39 10 17 5
26292 25164 1128 14 0.299986 0.129755 0.170231 29 20 22 16
26413 26337 76 22 0.699805 0.68637 0.0134347 32 17 16 7
26582 25963 619 18 0.699952 0.609377 0.0905741 30 19 16 6
27013 25329 1684 2 0.299955 0.0399294 0.260026 30 19 24 13
27066 26124 942 10 0.499895 0.382522 0.117373 32 17 18 14
27610 27408 202 30 0.299948 0.269053 0.0308952 28 21 22 16
27659 27443 216 23 0.399954 0.372636 0.0273184 31 18 19 7
27782 27678 104 48 0.299866 0.282929 0.0169363 28 21 21 14
27932 26428 1504 20 0.299929 0.119629 0.1803 35 14 18 6
28185 28107 78 21 0.599786 0.587782 0.0120034 32 16 6 8
28319 28242 77 32 0.599882 0.589401 0.0104806 28 21 14 9
28339 27971 368 17 0.499974 0.446483 0.0534914 36 12 23 7
28498 26818 1680 36 0.39991 0.0954366 0.304474 30 18 7 8
28521 28468 53 40 0.571115 0.561349 0.00976632 37 10 6 6
28551 27925 626 39 0.399958 0.293348 0.10661 31 18 12 10
28606 27115 1491 45 0.39999 0.138593 0.261397 37 12 13 7
28823 28159 664 47 0.499997 0.393957 0.10604 33 15 21 12
28922 28547 375 13 0.299987 0.250716 0.0492701 37 12 27 9
29575 29522 53 44 0.399979 0.392094 0.00788432 34 15 22 11
29865 28438 1427 43 0.299967 0.0314167 0.268551 32 17 21 12
