746 594 152 44 0.89997 0.878099 0.0218714 15 3 15 1
759 706 53 6 0.899814 0.892212 0.00760177 15 1 15 1
765 623 142 39 0.89999 0.87888 0.0211099 16 2 16 1
816 637 179 19 0.899928 0.872041 0.0278871 14 0 14 0
891 669 222 1 0.899906 0.864231 0.0356753 8 0 8 0
919 701 218 12 0.89992 0.86811 0.0318095 12 0 12 0
1414 1360 54 37 0.799914 0.791807 0.00810723 14 1 14 1
1465 1348 117 33 0.799928 0.78277 0.017158 29 3 28 2
1509 1422 87 36 0.799911 0.785625 0.0142868 23 0 23 0
1608 1265 343 22 0.79989 0.750719 0.0491715 22 10 24 9
1634 1328 306 24 0.799901 0.757991 0.0419092 20 4 21 3
1698 1308 390 21 0.799967 0.744217 0.0557498 18 3 18 3
1745 1254 491 4 0.799864 0.72949 0.0703737 23 2 23 2
1810 1351 459 14 0.799929 0.733165 0.0667641 21 0 21 0
2177 2035 142 35 0.69996 0.682401 0.0175596 28 6 27 5
2305 1971 334 16 0.699921 0.654305 0.0456162 21 3 21 3
2372 1938 434 47 0.699982 0.635813 0.0641683 25 5 25 3
2377 1999 378 48 0.699944 0.641947 0.0579968 24 5 24 4
2393 1974 419 49 0.699997 0.639725 0.0602712 34 5 35 4
2816 2680 136 27 0.599964 0.579766 0.0201979 34 2 34 2
2818 2564 254 20 0.599876 0.564761 0.0351147 23 9 23 8
2928 2592 336 28 0.599982 0.552845 0.0471374 28 5 28 5
3005 2668 337 8 0.599946 0.550682 0.0492643 33 7 33 7
3058 2614 444 45 0.599956 0.53138 0.0685754 34 6 34 5
3136 2685 451 18 0.599994 0.534987 0.0650063 25 7 25 7
3157 2666 491 15 0.599993 0.527044 0.0729486 22 6 22 5
3178 2599 579 26 0.599984 0.510201 0.089783 32 5 31 4
3204 2609 595 11 0.599928 0.510764 0.0891634 26 4 26 4
3240 2671 569 3 0.599954 0.511337 0.0886167 26 7 26 7
3329 3167 162 9 0.499955 0.473294 0.0266606 28 2 28 2
3569 3417 152 31 0.499977 0.480951 0.0190262 28 4 28 4
3641 3567 74 10 0.468174 0.459265 0.00890848 27 8 27 8
3719 3450 269 5 0.499967 0.462135 0.0378319 27 10 27 10
3826 3478 348 38 0.499989 0.45165 0.0483389 26 11 26 10
3847 3376 471 13 0.499778 0.427022 0.0727566 31 3 31 3
3913 3416 497 43 0.499786 0.432648 0.0671384 34 9 34 9
4270 3404 866 40 0.499908 0.386244 0.113663 24 10 24 10
4531 3966 565 41 0.39997 0.32316 0.07681 34 13 33 12
4730 4418 312 1 0.599946 0.559509 0.0404373 20 17 16 17
4931 4020 911 30 0.399991 0.287045 0.112946 30 3 30 3
5276 4813 463 7 0.299998 0.235757 0.0642403 25 21 25 21
5362 3880 1482 32 0.399915 0.154897 0.245019 26 17 25 16
5397 4737 660 46 0.299912 0.199072 0.10084 29 18 29 18
5412 3314 2098 25 0.499987 0.214792 0.285194 30 2 30 2
5426 3351 2075 23 0.499979 0.177291 0.322688 29 6 29 6
5462 3999 1463 39 0.599956 0.376087 0.223869 29 15 23 15
5468 4752 716 17 0.299897 0.180864 0.119033 30 17 30 17
5552 3458 2094 29 0.49994 0.106252 0.393688 31 5 31 5
5681 4911 770 2 0.299983 0.186594 0.113389 26 20 26 20
5687 5067 620 42 0.299954 0.198996 0.100958 27 9 26 8
5713 3323 2390 44 0.699818 0.288652 0.411166 27 8 22 8
5920 5572 348 22 0.599982 0.552107 0.0478745 23 21 16 19
6088 4887 1201 34 0.299938 0.115848 0.184091 27 19 27 19
6491 5589 902 6 0.399995 0.289122 0.110873 27 15 26 15
6593 5762 831 19 0.399982 0.269159 0.130823 25 16 24 16
6668 6063 605 33 0.499938 0.411291 0.0886471 37 11 21 9
6763 6079 684 36 0.499948 0.393673 0.106276 25 15 14 15
7402 7349 53 37 0.387615 0.380604 0.00701094 18 7 10 7
7575 6309 1266 24 0.49989 0.298324 0.201566 21 24 16 23
7998 6994 1004 21 0.399922 0.265168 0.134754 25 13 18 13
8403 6615 1788 4 0.4999 0.188713 0.311187 30 10 23 10
8549 8286 263 26 0.599914 0.565957 0.0339568 31 12 16 10
8653 8442 211 14 0.299839 0.267599 0.0322398 32 11 24 11
8811 8570 241 31 0.599915 0.56479 0.0351246 36 5 21 4
8967 8897 70 48 0.299893 0.290656 0.00923611 24 23 21 21
8996 8886 110 15 0.499937 0.483461 0.0164757 26 19 22 19
9017 8765 252 9 0.59979 0.561417 0.0383731 30 3 13 2
9060 8304 756 47 0.399967 0.265941 0.134026 24 19 20 18
9151 7109 2042 8 0.699955 0.342529 0.357426 34 13 18 11
9436 6645 2791 35 0.599935 0.0907993 0.509136 28 17 22 17
9450 8705 745 45 0.49993 0.361267 0.138664 29 16 23 15
9778 8809 969 49 0.299945 0.174265 0.12568 28 20 22 18
10017 9904 113 11 0.399893 0.384067 0.0158263 23 16 15 14
10270 9995 275 28 0.299943 0.260074 0.039869 24 23 22 23
10493 10085 408 20 0.299934 0.239563 0.0603715 28 18 21 17
10718 9071 1647 27 0.399891 0.10208 0.297812 33 13 23 13
10796 8297 2499 38 0.699858 0.259085 0.440772 29 13 19 9
11022 8717 2305 18 0.499976 0.10089 0.399085 29 13 20 9
11117 9771 1346 3 0.399787 0.189836 0.209951 28 15 24 14
11206 11029 177 10 0.299841 0.274473 0.0253677 33 12 27 12
11413 10712 701 7 0.699976 0.592883 0.107094 32 14 16 5
11624 10951 673 6 0.799946 0.700686 0.0992605 32 13 16 7
11924 8848 3076 1 0.699985 0.178842 0.521143 27 16 17 8
11967 11554 413 30 0.499888 0.441193 0.0586944 28 15 17 13
12164 11879 285 41 0.399984 0.362047 0.0379373 32 17 22 11
12383 11822 561 39 0.499949 0.412863 0.0870855 32 16 26 14
12390 12062 328 2 0.599986 0.558245 0.0417408 27 21 18 14
12438 12385 53 33 0.599998 0.592512 0.0074862 32 19 9 12
12466 12082 384 31 0.799994 0.745297 0.0546967 33 11 14 6
12483 12079 404 46 0.499791 0.439701 0.0600898 30 19 14 13
12572 12147 425 40 0.299891 0.231155 0.0687359 33 13 29 11
12606 12553 53 32 0.499975 0.490935 0.00904022 26 19 9 11
12787 12327 460 44 0.499995 0.43331 0.066685 29 15 25 13
12941 11531 1410 13 0.299903 0.0811088 0.218794 33 12 28 12
13411 10506 2905 43 0.399855 0 0.399855 32 14 26 12
13504 11877 1627 19 0.699972 0.445343 0.254629 31 14 18 10
13934 13881 53 26 0.399992 0.391776 0.00821622 24 22 13 17
13953 13859 94 25 0.299917 0.286152 0.013765 32 14 27 14
14277 12471 1806 17 0.499786 0.117197 0.382589 28 20 22 15
14297 13885 412 36 0.399892 0.344013 0.0558794 32 17 26 15
14693 13051 1642 22 0.299948 0.000434606 0.299513 26 23 24 14
14756 13829 927 8 0.6999 0.554694 0.145206 35 12 10 4
14935 14671 264 49 0.799954 0.766696 0.0332579 32 16 17 9
15225 14635 590 9 0.499981 0.416446 0.0835347 31 12 24 11
15237 13863 1374 21 0.5999 0.398974 0.200926 32 13 14 3
15565 15510 55 7 0.699925 0.693398 0.00652721 33 15 7 5
15900 15083 817 45 0.599895 0.470449 0.129446 33 15 21 10
15967 15172 795 48 0.59997 0.47368 0.126289 29 19 9 4
16041 15937 104 24 0.299893 0.285665 0.0142277 27 21 24 16
16062 14594 1468 37 0.39997 0.131613 0.268357 28 13 22 11
16286 15587 699 10 0.799995 0.691679 0.108316 34 12 11 6
16431 15554 877 4 0.499917 0.378509 0.121408 23 25 16 19
16889 15421 1468 35 0.699962 0.418352 0.281611 29 18 19 9
17072 16367 705 15 0.299947 0.199586 0.100361 27 21 18 15
17259 14745 2514 14 0.599986 0.142752 0.457234 30 17 20 13
17547 16352 1195 28 0.599951 0.414985 0.184966 27 21 16 10
17617 17564 53 11 0.299911 0.291837 0.00807335 28 14 18 8
18107 17836 271 2 0.499953 0.462431 0.0375219 27 22 18 14
18128 16994 1134 32 0.699983 0.544732 0.155251 36 10 19 2
18677 17385 1292 47 0.299951 0.0616295 0.238321 28 19 22 12
18858 18803 55 19 0.499827 0.490964 0.00886314 30 16 9 9
19035 18980 55 1 0.399766 0.391082 0.00868352 27 17 7 6
19078 17813 1265 31 0.399917 0.181919 0.217997 27 20 19 16
19108 17876 1232 30 0.499903 0.282239 0.217664 28 18 18 15
19167 15752 3415 6 0.599999 0.0636279 0.536371 36 12 20 9
19244 17370 1874 20 0.499951 0.244546 0.255405 33 17 16 9
19763 15996 3767 3 0.799925 0.216683 0.583242 33 13 12 6
19794 19523 271 40 0.499937 0.462308 0.0376293 30 18 18 14
19798 18803 995 27 0.399988 0.250117 0.149871 25 21 20 17
20047 19994 53 26 0.299996 0.290325 0.00967157 23 24 9 10
20445 19073 1372 38 0.29999 0.0684236 0.231567 32 14 24 12
20487 20411 76 8 0.299903 0.286272 0.0136308 29 18 4 11
20647 20063 584 18 0.299903 0.215047 0.0848563 32 13 22 11
20791 19524 1267 49 0.499932 0.299405 0.200527 27 21 18 15
20861 20003 858 39 0.299969 0.185621 0.114348 28 20 21 14
20862 20396 466 7 0.499907 0.431395 0.0685122 34 14 17 8
21395 20225 1170 44 0.299913 0.116246 0.183667 26 22 17 20
21635 21541 94 21 0.499909 0.487994 0.0119147 27 21 11 16
21798 21380 418 43 0.499908 0.430801 0.0691072 31 15 11 7
22413 22331 82 22 0.299758 0.282154 0.0176039 27 22 8 8
22652 21205 1447 13 0.299954 0.108046 0.191908 28 20 12 13
22698 22601 97 4 0.299788 0.283795 0.0159931 20 29 5 12
22942 22889 53 48 0.399939 0.390161 0.00977763 27 22 9 6
23097 22493 604 45 0.399914 0.316591 0.0833225 26 22 15 13
23634 21503 2131 10 0.499949 0.118661 0.381288 31 15 18 11
23776 23570 206 32 0.299896 0.266735 0.0331616 30 16 6 9
24209 24145 64 2 0.499948 0.4886 0.0113473 25 24 5 8
24472 23959 513 31 0.799951 0.723617 0.0763344 27 21 8 4
24635 24397 238 15 0.499994 0.470382 0.0296127 28 21 15 10
25033 24700 333 24 0.281022 0.232361 0.0486614 26 22 12 7
25158 23106 2052 35 0.499951 0.152394 0.347557 27 21 14 10
25276 25024 252 47 0.499825 0.457737 0.0420883 25 23 7 8
25314 25261 53 30 0.399868 0.389923 0.00994502 26 21 6 9
25489 25434 55 27 0.499952 0.490254 0.00969804 24 22 6 7
25785 25603 182 6 0.499826 0.468004 0.0318218 30 18 6 10
26050 25619 431 19 0.399936 0.342537 0.0573994 33 15 11 8
26128 24587 1541 37 0.299898 0.0310308 0.268867 24 22 15 16
27201 27148 53 48 0.699934 0.692684 0.00725001 28 21 4 3
27260 25168 2092 11 0.399902 0.117328 0.282574 24 21 11 13
27775 27678 97 49 0.292186 0.277935 0.0142506 26 22 9 10
27820 27277 543 40 0.299981 0.198925 0.101056 24 24 11 12
27910 27016 894 1 0.299952 0.163568 0.136384 29 17 16 10
27957 26971 986 20 0.399869 0.239943 0.159926 34 16 14 8
28487 27553 934 3 0.299945 0.135867 0.164078 28 18 12 10
28663 28596 67 4 0.499947 0.489477 0.0104704 23 26 8 2
28861 28808 53 7 0.299957 0.292596 0.00736101 31 17 12 6
29235 29182 53 47 0.699965 0.692419 0.00754595 27 21 4 2
29401 28880 521 38 0.39998 0.330384 0.0695965 29 19 13 9
29716 29347 369 18 0.299974 0.247791 0.0521829 27 19 12 12
29986 29931 55 32 0.499805 0.491105 0.00869982 28 18 7 5
