725 651 74 23 0.899974 0.889856 0.0101182 11 0 11 0
832 615 217 3 0.899902 0.869019 0.0308827 9 0 9 0
952 626 326 18 0.899952 0.850238 0.0497143 10 0 10 0
974 655 319 46 0.899947 0.854837 0.0451101 11 2 10 0
1427 1372 55 22 0.799921 0.791372 0.00854915 18 2 18 2
1444 1359 85 26 0.799934 0.786236 0.0136982 16 4 17 3
1454 1313 141 16 0.799922 0.778017 0.0219045 23 2 23 2
1497 1345 152 5 0.799912 0.777127 0.022785 21 2 21 2
1665 1264 401 40 0.799923 0.743403 0.05652 21 3 20 1
1725 1342 383 48 0.799952 0.743357 0.0565945 15 5 15 3
2139 2031 108 43 0.699921 0.683856 0.0160649 35 4 35 3
2168 1989 179 28 0.699947 0.67431 0.0256376 20 3 20 2
2171 2007 164 25 0.699942 0.679627 0.0203153 23 6 23 5
2234 1960 274 49 0.699858 0.65997 0.0398888 26 5 26 3
2246 1958 288 11 0.699903 0.660176 0.0397269 29 2 29 2
2289 1991 298 9 0.699811 0.660605 0.0392054 27 3 27 3
2316 1913 403 1 0.699792 0.644959 0.0548334 28 0 28 0
2365 2023 342 44 0.699894 0.655587 0.0443068 28 6 29 6
2377 2104 273 8 0.699956 0.657855 0.0421007 21 4 21 4
2748 2676 72 4 0.590956 0.580912 0.0100441 30 5 30 5
2850 2669 181 17 0.599996 0.576236 0.0237599 37 3 37 3
2882 2739 143 35 0.599931 0.579229 0.0207016 31 3 32 2
2969 2847 122 13 0.599969 0.58485 0.0151194 34 1 34 1
3017 2672 345 21 0.599972 0.552816 0.0471565 32 1 32 1
3112 2799 313 33 0.599971 0.558783 0.0411872 31 1 31 1
3124 2992 132 46 0.799964 0.779102 0.0208623 24 4 19 3
3551 3352 199 7 0.499821 0.476091 0.0237302 37 4 37 4
3554 3326 228 2 0.499994 0.473318 0.0266751 30 9 30 9
3651 3343 308 24 0.499923 0.45846 0.0414635 35 1 35 1
3671 3360 311 41 0.499957 0.461398 0.0385584 30 5 31 5
3745 3298 447 36 0.499911 0.436845 0.0630661 33 7 33 7
3913 3811 102 18 0.699794 0.682139 0.0176549 28 10 25 10
4072 3418 654 20 0.499951 0.411487 0.0884643 31 8 30 7
4346 4243 103 45 0.399812 0.386819 0.0129936 33 8 33 8
4416 4053 363 38 0.399907 0.345292 0.0546152 32 8 33 8
4451 4144 307 15 0.399935 0.358627 0.0413085 36 9 36 9
4456 3399 1057 30 0.499949 0.335042 0.164907 28 12 28 12
4487 4282 205 10 0.39996 0.370719 0.0292409 31 10 31 10
4505 4161 344 27 0.399998 0.341839 0.0581589 27 7 27 7
4519 3419 1100 47 0.499808 0.339204 0.160604 36 4 36 4
4722 4147 575 29 0.399988 0.317368 0.0826205 35 4 34 3
4725 4205 520 39 0.3998 0.324036 0.0757637 30 11 31 11
4768 4199 569 14 0.399872 0.311284 0.0885874 32 7 32 7
4850 4797 53 23 0.499954 0.491503 0.00845092 38 9 34 9
5170 4233 937 32 0.39995 0.252785 0.147165 25 11 25 11
5171 4884 287 34 0.299959 0.264857 0.0351019 35 10 35 10
5179 4896 283 31 0.299968 0.264151 0.0358166 28 13 27 13
5214 4860 354 12 0.299928 0.249562 0.0503656 33 13 33 13
5241 4896 345 37 0.299966 0.255612 0.0443541 27 18 27 18
5862 5622 240 3 0.399983 0.372419 0.0275641 31 11 29 11
5988 5167 821 26 0.599989 0.453576 0.146414 23 16 19 15
6226 4791 1435 0 0.299949 0.0738798 0.226069 36 7 36 7
6268 5003 1265 42 0.299909 0.136683 0.163226 35 5 35 5
6282 6209 73 43 0.599807 0.589411 0.0103954 27 18 14 17
6563 6217 346 17 0.799974 0.749774 0.0501999 40 1 13 0
6783 5745 1038 16 0.499946 0.334655 0.165291 25 15 21 15
6817 6653 164 22 0.399946 0.372668 0.0272773 30 13 27 13
6859 6687 172 8 0.599996 0.572904 0.0270921 25 12 17 12
7470 6403 1067 40 0.499962 0.299877 0.200085 25 18 19 17
7683 6424 1259 48 0.499923 0.28744 0.212483 30 8 24 6
7964 7626 338 4 0.599935 0.54915 0.0507854 36 11 21 10
8060 7676 384 5 0.299919 0.248539 0.0513792 28 13 21 12
8139 7571 568 18 0.699935 0.619082 0.0808529 37 5 17 2
8188 7917 271 7 0.699891 0.656458 0.0434324 30 14 19 12
8271 7858 413 21 0.599914 0.538563 0.0613516 31 11 20 11
8328 8217 111 49 0.399932 0.382227 0.0177049 33 14 25 12
8363 8083 280 9 0.399942 0.355255 0.044687 37 3 27 3
8624 8250 374 1 0.399955 0.346008 0.0539468 27 9 15 9
8652 8381 271 23 0.79994 0.759234 0.0407065 36 12 15 7
8676 8543 133 33 0.499792 0.477253 0.0225395 28 14 14 14
9199 8303 896 11 0.399961 0.253875 0.146086 32 14 23 14
9645 8751 894 28 0.299791 0.176922 0.122869 32 10 26 10
9677 9212 465 27 0.699908 0.630091 0.069817 29 15 18 12
9750 9261 489 46 0.299965 0.230083 0.069882 34 10 29 10
9871 8256 1615 35 0.499924 0.224474 0.275449 30 13 21 13
9880 8578 1302 13 0.499972 0.304128 0.195844 31 13 23 13
10095 8354 1741 44 0.399865 0.0849137 0.314952 36 11 31 10
10219 9996 223 45 0.599978 0.573015 0.0269632 28 20 23 18
10439 10148 291 2 0.399947 0.360795 0.0391516 31 16 27 15
10558 10251 307 20 0.499964 0.457202 0.042762 32 12 13 6
10656 10382 274 32 0.699952 0.662533 0.0374197 27 15 16 10
10759 10370 389 26 0.699811 0.648586 0.0512254 28 16 22 9
10807 9646 1161 36 0.499825 0.277841 0.221984 39 9 26 8
10813 10656 157 14 0.599888 0.571436 0.0284521 33 12 18 7
10903 10850 53 8 0.699872 0.691093 0.00877923 30 14 17 8
11270 9318 1952 15 0.699902 0.424246 0.275656 30 16 20 11
11355 10574 781 30 0.49983 0.404056 0.0957739 33 14 25 10
11496 10457 1039 24 0.399956 0.22374 0.176216 27 16 21 16
11835 11771 64 17 0.299936 0.286932 0.0130038 27 20 20 19
12146 11127 1019 34 0.599906 0.422155 0.177751 34 12 13 6
12710 12440 270 47 0.299912 0.266427 0.0334856 30 18 25 18
13008 11543 1465 38 0.399963 0.170382 0.22958 32 12 25 9
13057 12614 443 40 0.699948 0.632974 0.0669738 30 15 18 9
13115 11337 1778 29 0.499961 0.198089 0.301872 34 13 25 11
13224 11316 1908 4 0.799972 0.515083 0.28489 41 7 17 2
13514 12720 794 31 0.399933 0.270528 0.129404 29 20 25 15
13541 12877 664 3 0.399896 0.304848 0.095048 33 16 25 11
13558 13394 164 43 0.299972 0.276585 0.0233868 30 17 24 15
13585 13312 273 21 0.599944 0.560314 0.0396302 31 13 13 8
13679 13373 306 12 0.29992 0.249908 0.050012 29 20 23 17
13775 13617 158 33 0.599799 0.576064 0.0237348 29 15 17 12
13869 12808 1061 39 0.299913 0.119502 0.180411 27 20 23 15
14061 13690 371 42 0.499949 0.450208 0.0497406 35 11 25 10
14271 13533 738 37 0.299911 0.190281 0.10963 32 16 25 11
14324 12560 1764 16 0.599985 0.31356 0.286425 31 14 21 12
14637 13719 918 0 0.499852 0.355874 0.143978 33 15 26 11
14791 14502 289 11 0.699916 0.664809 0.0351068 29 19 16 13
14892 13899 993 23 0.399913 0.206192 0.193721 30 19 21 15
15148 14652 496 7 0.299882 0.217674 0.0822083 34 14 26 13
15237 14586 651 22 0.299987 0.211883 0.0881036 38 7 31 5
15775 14516 1259 2 0.799769 0.588711 0.211058 33 15 14 6
15880 13442 2438 18 0.499954 0.114005 0.385949 32 12 22 12
15928 15649 279 27 0.399934 0.358746 0.0411881 29 18 23 13
16329 15826 503 48 0.299994 0.236279 0.0637148 24 23 18 21
16633 14849 1784 32 0.599985 0.325307 0.274678 25 19 13 10
16851 15512 1339 13 0.599853 0.390437 0.209416 24 23 16 20
17028 16906 122 26 0.399992 0.381948 0.0180435 29 17 20 14
17055 16444 611 45 0.399916 0.296007 0.103909 30 18 18 8
17284 17153 131 46 0.399976 0.381145 0.0188316 33 12 17 7
17298 15454 1844 49 0.399988 0.0912171 0.308771 37 12 21 7
17398 16948 450 40 0.699997 0.636781 0.0632164 26 19 9 9
17492 16099 1393 9 0.299996 0.0816731 0.218323 32 15 25 15
17509 16750 759 8 0.399771 0.278608 0.121164 28 19 23 13
17966 16539 1427 1 0.299892 0.0469237 0.252969 24 16 11 14
18060 17998 62 36 0.299982 0.289449 0.0105328 33 15 4 10
18405 18350 55 28 0.299879 0.28987 0.0100088 29 17 24 15
18596 17637 959 17 0.599995 0.433365 0.166629 27 21 16 11
18653 17967 686 14 0.29987 0.20555 0.0943198 34 14 25 12
18738 17534 1204 44 0.299979 0.0790557 0.220923 31 17 8 8
18848 16499 2349 20 0.499906 0.0730409 0.426865 33 14 21 10
19047 18385 662 35 0.299908 0.186325 0.113583 31 16 24 13
19538 18883 655 42 0.599891 0.495901 0.10399 33 14 18 11
19634 16885 2749 30 0.599967 0.156511 0.443456 35 13 19 9
19938 18587 1351 34 0.399982 0.139267 0.260715 32 14 8 8
20009 19865 144 3 0.4999 0.475748 0.0241519 28 21 22 13
20009 19724 285 31 0.599922 0.555779 0.0441434 33 17 16 6
20027 18958 1069 15 0.299942 0.106707 0.193235 32 15 24 9
20177 18397 1780 4 0.599917 0.283603 0.316314 31 18 17 14
20242 19876 366 24 0.299963 0.25001 0.0499528 33 15 27 11
20928 20149 779 21 0.399967 0.281239 0.118728 28 19 16 13
21173 21057 116 43 0.39995 0.380868 0.0190822 32 15 24 6
21222 20516 706 2 0.599893 0.500722 0.0991714 38 10 19 4
21236 21172 64 16 0.399951 0.390891 0.00906029 26 21 6 11
21293 19840 1453 39 0.699899 0.515531 0.184368 32 16 20 4
21696 21500 196 29 0.299904 0.271029 0.0288748 34 13 22 11
22316 21520 796 22 0.59999 0.473654 0.126335 37 9 15 6
22414 22326 88 32 0.599987 0.587892 0.0120957 27 19 10 6
23008 22826 182 28 0.799942 0.777215 0.022727 35 11 14 5
23205 23034 171 27 0.399933 0.371484 0.0284488 23 25 11 15
23385 23221 164 36 0.596342 0.566952 0.0293893 31 17 8 7
23466 21215 2251 37 0.49995 0.134962 0.364988 31 18 18 10
23769 21856 1913 0 0.399856 0.0422025 0.357654 29 19 23 14
24069 23553 516 45 0.499889 0.423667 0.0762224 31 17 16 9
24744 24691 53 1 0.399917 0.392611 0.00730567 26 16 7 6
24936 24871 65 35 0.499882 0.488309 0.0115726 31 17 8 5
24988 24669 319 18 0.299953 0.260022 0.0399305 29 19 21 11
25152 25099 53 9 0.29993 0.293785 0.00614557 30 18 10 8
25297 25244 53 17 0.299969 0.292494 0.00747452 26 22 9 9
25340 25282 58 4 0.599965 0.589604 0.010361 32 17 7 4
25609 24295 1314 46 0.39999 0.212196 0.187793 30 16 14 14
25848 24083 1765 40 0.299942 0.0254763 0.274465 31 15 22 10
26319 25970 349 24 0.599961 0.550692 0.0492686 31 17 16 11
26386 26332 54 14 0.299865 0.292186 0.00767941 30 18 5 9
26395 26173 222 42 0.399916 0.366215 0.0337009 30 17 19 12
26506 26141 365 3 0.499929 0.449574 0.0503543 34 15 17 5
26705 26652 53 44 0.29984 0.293873 0.00596714 23 25 4 11
27012 26222 790 29 0.799837 0.690097 0.109739 35 12 8 3
27200 26287 913 49 0.299926 0.164098 0.135828 27 21 14 20
27262 27053 209 20 0.499983 0.468262 0.0317214 27 20 6 12
27266 27030 236 30 0.499995 0.471442 0.0285521 31 17 13 14
27384 26563 821 31 0.399938 0.26645 0.133488 27 23 15 13
28325 27650 675 16 0.399969 0.273944 0.126025 29 19 9 9
28444 28387 57 36 0.478237 0.471691 0.00654667 29 19 5 3
29007 27476 1531 43 0.499964 0.300949 0.199015 26 21 12 13
29422 28010 1412 2 0.399968 0.160566 0.239401 32 17 12 12
29735 29682 53 27 0.499993 0.492213 0.00777967 22 26 10 14
29803 28360 1443 22 0.499818 0.258318 0.241501 37 10 15 9
29932 28423 1509 15 0.399946 0.178432 0.221513 34 14 12 5
