797 725 72 19 0.899968 0.891015 0.00895304 20 2 20 2
830 696 134 13 0.899818 0.880725 0.0190934 16 0 16 0
837 668 169 10 0.8998 0.87415 0.0256502 11 0 11 0
1395 1323 72 20 0.799899 0.790385 0.00951377 16 3 16 3
1470 1380 90 45 0.799894 0.787762 0.012132 26 2 27 2
1504 1392 112 8 0.799764 0.781147 0.018617 20 2 20 2
1521 1407 114 28 0.799827 0.783528 0.0162986 15 2 15 2
1537 1290 247 43 0.799833 0.761716 0.0381171 24 1 23 0
1568 1316 252 41 0.799993 0.766661 0.0333317 21 2 21 1
1630 1328 302 34 0.799939 0.754043 0.0458964 20 0 20 0
1678 1412 266 29 0.799842 0.757348 0.0424942 22 4 22 3
1691 1325 366 12 0.799941 0.747051 0.0528908 25 0 25 0
1787 1259 528 38 0.799997 0.718535 0.0814617 24 0 24 0
1825 1333 492 0 0.799869 0.72472 0.0751493 19 2 19 2
2172 1965 207 5 0.699958 0.669704 0.0302532 19 5 19 5
2193 1947 246 47 0.699899 0.666219 0.0336796 21 2 21 2
2283 2045 238 14 0.699914 0.668523 0.0313911 27 6 28 6
2348 2015 333 2 0.699997 0.649119 0.0508778 25 3 25 3
2403 2003 400 46 0.699979 0.643612 0.0563678 25 5 24 4
2470 2077 393 18 0.699954 0.644965 0.0549892 19 5 19 5
2486 2004 482 27 0.699928 0.626573 0.0733557 31 0 31 0
2507 2029 478 36 0.69979 0.628992 0.0707986 18 4 17 2
2584 2529 55 22 0.59999 0.59116 0.00882956 25 1 25 1
2976 2639 337 32 0.599913 0.554877 0.0450359 22 8 23 8
3004 2005 999 16 0.699916 0.531512 0.168404 19 0 19 0
3024 2628 396 15 0.599962 0.542489 0.0574734 29 7 29 7
3027 2518 509 44 0.599894 0.536391 0.0635036 20 13 21 12
3113 2835 278 26 0.599986 0.56163 0.0383558 33 7 33 7
3178 2762 416 24 0.599949 0.540669 0.0592801 32 9 32 10
3457 2792 665 11 0.599972 0.501392 0.0985795 26 3 26 3
3636 2771 865 6 0.599927 0.476857 0.123071 26 3 26 3
3682 3426 256 4 0.499941 0.46607 0.0338707 29 7 29 7
3749 3550 199 25 0.499985 0.474278 0.0257072 26 14 26 14
3772 3274 498 35 0.499894 0.430694 0.0691997 29 13 29 13
3823 3446 377 40 0.499941 0.438552 0.0613893 30 10 30 10
3825 3451 374 17 0.499791 0.450062 0.0497287 30 5 30 5
3854 3409 445 31 0.499948 0.436438 0.0635096 30 8 29 7
3888 3463 425 30 0.499943 0.438115 0.0618278 24 14 24 15
3934 3430 504 49 0.499891 0.426551 0.0733402 33 9 33 9
3943 2155 1788 1 0.699959 0.400809 0.29915 25 4 25 4
3981 3509 472 7 0.499793 0.42851 0.0712834 30 15 32 15
4505 4153 352 9 0.399949 0.358006 0.041943 26 16 26 16
4516 4190 326 33 0.399911 0.351232 0.0486792 29 8 29 8
4609 4526 83 45 0.699978 0.688146 0.0118325 24 13 9 12
4633 4327 306 39 0.399976 0.358198 0.0417773 31 12 32 12
5064 4774 290 3 0.299948 0.25766 0.0422877 30 17 30 17
5108 3359 1749 21 0.49979 0.211505 0.288285 29 12 29 12
5158 4975 183 42 0.299957 0.272935 0.027022 33 9 33 9
5389 5096 293 38 0.699822 0.662693 0.0371289 30 12 23 12
5400 5129 271 20 0.599769 0.558193 0.0415763 33 11 27 10
5583 5121 462 48 0.299965 0.228176 0.0717896 34 10 35 10
5682 4185 1497 37 0.399905 0.192895 0.20701 31 7 31 7
6421 4831 1590 13 0.499992 0.218971 0.281021 30 12 29 12
6825 6457 368 10 0.299982 0.250272 0.0497094 28 10 25 10
7342 6586 756 5 0.599825 0.494408 0.105417 33 13 24 13
7471 6393 1078 12 0.499894 0.313736 0.186158 30 12 24 12
7489 6354 1135 19 0.299994 0.12827 0.171724 31 17 29 17
7544 7183 361 24 0.699895 0.647981 0.0519134 28 15 16 8
7602 7537 65 36 0.497998 0.489662 0.00833583 23 20 17 18
7616 6311 1305 34 0.499966 0.27225 0.227716 26 15 22 15
7904 5377 2527 8 0.59992 0.202197 0.397723 27 16 20 16
8001 7948 53 15 0.599928 0.592314 0.00761355 28 12 10 7
8084 8015 69 47 0.39988 0.389705 0.0101746 31 14 27 14
8351 8158 193 25 0.699948 0.673383 0.0265646 34 14 19 9
8440 7977 463 29 0.299974 0.231025 0.068949 34 10 28 9
8460 6831 1629 28 0.39998 0.116583 0.283397 28 11 23 11
8659 8413 246 11 0.599993 0.569013 0.0309802 33 6 26 6
8662 8516 146 7 0.699795 0.67859 0.0212047 37 9 17 1
8888 6948 1940 43 0.399884 0.0629921 0.336892 35 9 28 8
9103 8910 193 45 0.599787 0.571676 0.0281108 34 12 24 11
9127 7811 1316 18 0.499933 0.323403 0.17653 32 14 28 11
9128 9050 78 46 0.299809 0.285319 0.0144896 27 21 24 21
9486 8689 797 14 0.299914 0.170126 0.129788 32 17 30 17
9592 7657 1935 41 0.299822 0.0137275 0.286095 35 14 33 14
9679 9626 53 20 0.694915 0.686005 0.00891027 31 13 8 9
9833 9390 443 1 0.59979 0.536473 0.0633177 40 3 29 1
9903 9353 550 27 0.299911 0.220767 0.0791435 33 14 30 14
9908 8622 1286 32 0.499811 0.268477 0.231334 32 15 28 14
9937 8882 1055 2 0.299779 0.127679 0.1721 32 12 29 12
9982 9428 554 33 0.699891 0.611064 0.0888274 30 13 16 10
10128 9384 744 39 0.699976 0.575949 0.124027 34 13 15 8
10775 9628 1147 4 0.49992 0.348057 0.151863 33 14 25 14
11118 9409 1709 26 0.399998 0.129413 0.270585 30 19 24 17
11273 8655 2618 16 0.499951 0.0981012 0.40185 33 11 30 11
11570 11105 465 3 0.59978 0.529108 0.0706716 29 19 17 10
11731 10981 750 6 0.299892 0.173181 0.126711 31 9 27 8
11775 10352 1423 42 0.699964 0.442562 0.257402 29 16 15 15
11854 11413 441 17 0.299957 0.234173 0.0657838 30 16 27 16
11897 11546 351 40 0.299895 0.253101 0.0467939 34 13 25 12
11955 11547 408 9 0.399958 0.345982 0.0539755 21 28 16 24
11998 11507 491 30 0.299862 0.234245 0.0656171 29 19 26 18
12227 11094 1133 24 0.69994 0.487519 0.212421 28 19 18 14
12322 11277 1045 49 0.29982 0.120053 0.179767 31 16 21 13
12398 9888 2510 35 0.499943 0.0322052 0.467738 23 24 23 19
12906 12853 53 37 0.499975 0.492541 0.00743434 35 9 21 9
12999 12756 243 5 0.499937 0.465812 0.0341248 32 16 16 10
13242 12052 1190 38 0.299962 0.11628 0.183682 27 22 19 20
13395 13342 53 21 0.299924 0.289928 0.00999649 24 20 7 14
13659 12731 928 15 0.59996 0.432559 0.167401 27 18 17 15
13713 12953 760 7 0.59996 0.473135 0.126825 39 9 16 4
14780 12776 2004 11 0.699891 0.335532 0.364359 34 11 18 6
14782 14175 607 36 0.399913 0.332635 0.0672785 29 20 19 12
15048 13302 1746 48 0.399815 0.140561 0.259255 31 17 24 16
15118 14913 205 39 0.599964 0.571739 0.0282256 34 13 18 6
15379 13158 2221 45 0.699915 0.304262 0.395652 30 17 16 9
15411 14864 547 8 0.499996 0.421502 0.0784937 32 16 23 14
15424 15034 390 25 0.299963 0.24285 0.0571129 34 14 24 13
15454 13017 2437 10 0.599924 0.233311 0.366614 35 7 20 3
15487 14560 927 33 0.59997 0.450381 0.149589 36 11 20 7
15932 15879 53 18 0.476503 0.468424 0.0080788 26 20 5 10
15970 15433 537 29 0.499893 0.410138 0.0897559 32 15 21 11
16051 15892 159 32 0.599908 0.57884 0.0210679 34 13 22 10
16195 16142 53 20 0.299985 0.288783 0.011202 34 12 22 11
16324 15882 442 14 0.599966 0.522351 0.0776152 32 17 14 10
16396 16043 353 47 0.299977 0.247514 0.052463 36 13 26 11
16625 16288 337 27 0.599948 0.548481 0.0514667 29 18 8 7
16778 16492 286 46 0.399945 0.359189 0.040756 30 18 19 11
17605 17085 520 1 0.299925 0.228559 0.071366 36 12 26 11
17703 17310 393 3 0.499785 0.433877 0.0659077 37 12 24 4
17857 17236 621 37 0.699779 0.597606 0.102173 40 7 19 4
17963 17787 176 7 0.699918 0.673422 0.0264958 33 15 14 9
18137 17915 222 24 0.499889 0.463297 0.0365928 28 19 17 9
18241 17015 1226 28 0.299963 0.101994 0.197969 32 14 23 11
18388 18335 53 26 0.499945 0.490653 0.00929219 27 22 7 8
18467 17673 794 9 0.599893 0.48114 0.118753 33 16 24 6
18847 18122 725 15 0.699902 0.573914 0.125988 30 18 13 10
18926 17949 977 42 0.499913 0.372623 0.12729 33 14 24 9
19097 18791 306 2 0.299995 0.260139 0.0398557 38 9 25 6
19690 19637 53 11 0.699888 0.692205 0.0076832 32 14 5 4
19762 18207 1555 5 0.599907 0.285764 0.314143 36 13 21 8
19847 19247 600 16 0.399951 0.316177 0.0837743 32 16 23 15
19898 19543 355 40 0.39999 0.350388 0.0496023 38 11 27 7
19954 18516 1438 4 0.299903 0.0962495 0.203653 33 16 21 14
20367 18918 1449 41 0.299918 0.069049 0.230869 34 15 24 14
20807 20300 507 6 0.29999 0.217012 0.0829784 27 17 17 14
20809 20386 423 49 0.399892 0.344247 0.0556445 29 19 23 11
20988 20044 944 38 0.499989 0.342246 0.157743 31 18 17 5
21002 20576 426 39 0.499978 0.441952 0.0580263 37 12 19 9
21065 20896 169 8 0.599995 0.576528 0.0234675 35 14 21 6
21495 21425 70 29 0.584024 0.572427 0.0115967 29 18 18 13
21584 20872 712 7 0.799892 0.716367 0.0835249 37 11 11 4
21647 21382 265 36 0.499974 0.463185 0.0367891 37 12 23 6
22735 21212 1523 10 0.59986 0.316527 0.283333 31 13 12 8
23026 22619 407 47 0.474208 0.410254 0.0639532 33 16 11 5
23351 23298 53 11 0.699944 0.693586 0.00635775 31 15 4 5
23469 22445 1024 46 0.599918 0.422686 0.177232 31 17 15 9
23761 23308 453 37 0.499898 0.440942 0.0589554 39 9 19 6
23886 23819 67 28 0.694921 0.685127 0.00979429 30 16 4 3
23990 23612 378 48 0.299899 0.248685 0.0512139 26 23 17 15
24022 23645 377 45 0.299928 0.241495 0.0584328 30 18 18 12
24206 22341 1865 25 0.499948 0.159541 0.340407 34 14 20 7
24757 23021 1736 27 0.399937 0.139218 0.260719 35 13 23 7
24761 24594 167 9 0.499951 0.475253 0.0246977 35 14 22 7
25167 25114 53 26 0.299926 0.293055 0.00687063 25 24 5 7
25406 25291 115 15 0.399854 0.382984 0.0168697 32 17 18 8
26002 25745 257 8 0.599919 0.564164 0.035755 31 18 16 11
26967 25853 1114 2 0.499993 0.299612 0.200382 36 13 16 9
27114 27061 53 42 0.299992 0.291093 0.00889871 28 19 6 8
27166 27096 70 6 0.59991 0.590094 0.00981576 31 15 18 7
27283 26117 1166 39 0.599925 0.450638 0.149286 38 11 13 5
27333 25789 1544 1 0.299871 0.122656 0.177216 36 13 17 8
27925 27103 822 40 0.399966 0.256623 0.143343 30 19 13 11
28662 28504 158 41 0.299926 0.272747 0.0271796 35 14 5 3
28719 28541 178 36 0.399912 0.375491 0.0244206 35 14 18 8
28958 28714 244 49 0.299964 0.270673 0.0292908 26 22 14 11
29110 28894 216 4 0.299967 0.269505 0.0304629 34 15 13 7
29265 29203 62 47 0.499946 0.492551 0.00739535 39 10 17 2
29299 27139 2160 16 0.399928 0.0717253 0.328203 28 20 17 13
29520 27475 2045 5 0.399965 0.0461882 0.353776 32 17 14 11
