673 620 53 19 0.899911 0.892352 0.00755887 12 0 12 0
736 663 73 35 0.899862 0.888247 0.0116152 12 0 12 0
796 619 177 49 0.899938 0.872904 0.0270336 18 1 17 0
915 587 328 2 0.899974 0.855189 0.0447848 9 0 9 0
964 627 337 14 0.899867 0.852367 0.0475004 13 1 13 1
1417 1362 55 37 0.79997 0.793036 0.00693404 23 3 24 2
1460 1320 140 43 0.799797 0.777462 0.022335 23 2 23 2
1482 1393 89 11 0.799821 0.787093 0.0127283 23 4 23 4
1575 1256 319 30 0.799998 0.754213 0.0457849 13 1 13 1
1616 1382 234 4 0.799947 0.763449 0.0364981 21 3 21 3
1620 1316 304 46 0.799762 0.753071 0.0466913 20 4 20 2
1651 1319 332 28 0.799999 0.751406 0.0485933 20 4 21 3
1685 1273 412 12 0.7999 0.737718 0.0621825 24 3 23 2
1732 1233 499 41 0.799895 0.724908 0.0749863 17 5 16 3
2050 1997 53 24 0.699939 0.691419 0.00852042 17 7 18 6
2124 1950 174 48 0.699956 0.677561 0.0223942 31 5 31 5
2155 2051 104 22 0.699818 0.686734 0.0130835 23 6 23 6
2172 1786 386 19 0.899928 0.847742 0.0521858 21 0 12 0
2259 2103 156 34 0.699994 0.676544 0.0234505 26 6 26 4
2267 2029 238 8 0.699979 0.664708 0.0352707 22 2 22 2
2310 1993 317 7 0.699995 0.660371 0.0396239 20 2 20 2
2390 2105 285 20 0.699994 0.664599 0.0353948 19 1 19 1
2405 2065 340 9 0.699795 0.642884 0.0569112 30 4 30 4
2448 2043 405 40 0.699887 0.644227 0.0556605 21 2 21 1
2801 2748 53 6 0.599997 0.59189 0.00810683 25 10 25 10
2851 2775 76 17 0.599971 0.59076 0.00921058 22 14 23 14
2924 2772 152 10 0.599942 0.578007 0.0219352 24 10 24 10
2936 2668 268 39 0.599893 0.567667 0.0322264 25 13 24 11
2989 2023 966 1 0.699901 0.566143 0.133758 24 4 24 4
3022 2806 216 21 0.599897 0.569972 0.029925 24 4 24 4
3028 2773 255 25 0.599975 0.56377 0.036205 28 2 28 2
3683 2774 909 36 0.599848 0.456591 0.143257 28 11 28 11
3745 3293 452 35 0.699979 0.635101 0.0648788 24 5 19 5
3844 3452 392 44 0.499861 0.442603 0.0572578 22 9 23 8
3866 2824 1042 13 0.599958 0.425667 0.174291 24 7 24 7
3932 3448 484 5 0.499767 0.425087 0.0746794 27 8 27 8
3932 3346 586 31 0.499932 0.416946 0.0829856 32 8 32 8
3974 3421 553 38 0.499908 0.416033 0.0838752 24 6 25 5
3993 3439 554 3 0.499865 0.415471 0.0843943 30 2 30 2
4052 3454 598 0 0.499949 0.409109 0.0908403 28 4 28 4
4554 4161 393 16 0.399975 0.343803 0.0561713 34 11 35 11
4623 4233 390 23 0.399937 0.343425 0.0565122 32 11 31 13
4754 4134 620 26 0.399951 0.300816 0.0991354 23 18 23 18
4910 4507 403 43 0.699798 0.641287 0.0585107 28 8 16 7
4972 4766 206 32 0.299939 0.273484 0.0264545 37 9 38 9
5118 4865 253 27 0.299899 0.259496 0.0404022 32 13 32 13
5119 4846 273 45 0.299958 0.263402 0.0365554 28 13 28 13
5238 5073 165 14 0.499967 0.472822 0.0271448 22 18 19 18
5274 4854 420 29 0.2998 0.238509 0.0612915 32 13 32 12
5291 4874 417 41 0.699948 0.641836 0.0581121 27 10 23 10
5294 4921 373 15 0.299775 0.250151 0.0496243 33 8 33 8
5492 5205 287 11 0.599918 0.546909 0.053009 30 14 26 14
5637 5212 425 37 0.599961 0.544019 0.0559418 33 8 21 7
6351 4977 1374 47 0.299942 0.0898989 0.210043 36 11 36 11
6379 4791 1588 33 0.29976 0.0538637 0.245896 24 18 24 18
6740 6346 394 30 0.499959 0.442418 0.0575411 26 14 23 13
6820 6466 354 19 0.499813 0.452739 0.0470735 31 16 29 16
6864 6630 234 7 0.5999 0.568519 0.0313809 28 12 25 11
6986 6617 369 2 0.299938 0.251463 0.0484744 32 13 31 13
7227 6295 932 48 0.599896 0.450792 0.149104 29 15 23 14
7252 6304 948 49 0.299903 0.135016 0.164886 32 12 31 12
7417 6822 595 40 0.599991 0.513199 0.0867925 30 13 22 12
7512 6984 528 28 0.399934 0.312745 0.0871888 25 18 22 18
7694 6317 1377 12 0.499821 0.270704 0.229117 33 15 29 13
7782 7664 118 10 0.599962 0.582237 0.0177252 33 8 21 4
8028 7788 240 21 0.599982 0.564545 0.0354375 23 17 17 16
8223 7744 479 46 0.299844 0.238519 0.061325 26 20 26 20
8375 6960 1415 20 0.59997 0.413527 0.186442 30 8 20 8
8516 8213 303 44 0.699795 0.657151 0.042644 23 14 13 9
8686 8515 171 22 0.299959 0.271704 0.0282553 34 12 31 10
8794 8416 378 24 0.299968 0.248563 0.051405 35 12 32 12
8950 6383 2567 4 0.499895 0.105459 0.394436 23 13 16 11
9259 8819 440 8 0.299903 0.238116 0.0617878 29 15 28 15
9324 9049 275 35 0.499894 0.464365 0.0355282 27 14 19 12
9338 9272 66 1 0.399932 0.390942 0.00898981 32 10 24 9
9385 8945 440 9 0.299924 0.234533 0.0653917 39 9 33 9
9542 9253 289 25 0.3999 0.35358 0.0463193 35 10 31 10
9690 9097 593 41 0.699794 0.618264 0.0815299 30 15 15 8
10230 9574 656 36 0.499934 0.403769 0.0961652 31 16 26 14
10542 8819 1723 34 0.299871 0.0166118 0.28326 36 9 34 9
10721 9546 1175 6 0.299946 0.106898 0.193048 36 11 29 8
11016 9637 1379 17 0.299999 0.0894792 0.210519 29 19 27 18
11101 10141 960 16 0.599999 0.446793 0.153206 27 22 17 19
11160 10876 284 31 0.399882 0.358367 0.0415154 31 17 24 14
11280 11227 53 19 0.699953 0.691519 0.00843354 31 16 7 5
11281 10917 364 38 0.399999 0.346419 0.0535802 30 17 28 17
11353 10803 550 5 0.399937 0.317221 0.0827158 26 18 21 17
12111 11985 126 14 0.399848 0.381099 0.0187497 28 19 25 16
12231 11970 261 37 0.399885 0.360485 0.0394004 34 13 27 12
12516 12112 404 15 0.49993 0.445408 0.0545219 32 15 22 13
12944 12659 285 11 0.299881 0.25857 0.0413113 35 13 29 12
13148 12848 300 23 0.299781 0.255198 0.0445824 26 23 19 21
13194 11814 1380 3 0.299928 0.0667073 0.23322 37 7 29 7
13232 12963 269 29 0.399799 0.364208 0.0355907 36 13 26 8
13253 11963 1290 0 0.299939 0.0741241 0.225815 32 13 29 12
13275 12900 375 32 0.299912 0.249168 0.0507446 37 12 27 10
13537 13466 71 20 0.599811 0.590447 0.0093638 26 18 19 15
13823 12882 941 40 0.4999 0.358069 0.141831 28 16 18 12
13829 13454 375 27 0.299946 0.249522 0.0504243 32 16 24 12
14080 11049 3031 45 0.59997 0.0828034 0.517166 23 21 18 17
14107 13484 623 21 0.499899 0.403836 0.0960627 30 15 25 11
14111 14025 86 7 0.299762 0.28254 0.0172216 31 17 23 16
14141 14045 96 1 0.699905 0.685948 0.0139572 31 12 11 7
14219 13915 304 47 0.499979 0.46228 0.0376989 34 15 25 10
14280 14053 227 28 0.499862 0.470742 0.0291195 31 17 22 11
14374 13860 514 49 0.599854 0.533978 0.0658757 34 11 22 5
14397 13825 572 30 0.399998 0.319609 0.080389 24 17 14 8
14451 11005 3446 10 0.79978 0.194884 0.604895 34 10 14 6
14575 13330 1245 48 0.5 0.255498 0.244502 32 16 21 7
14648 14500 148 12 0.499907 0.480287 0.0196204 30 20 24 15
14653 14371 282 41 0.59997 0.562451 0.037519 28 17 16 14
15394 15110 284 46 0.499902 0.459026 0.0408767 30 18 23 16
15557 15275 282 31 0.699917 0.651161 0.0487553 31 17 6 4
15599 15036 563 25 0.599959 0.520377 0.0795824 33 15 14 11
15896 14739 1157 2 0.299898 0.101386 0.198512 28 19 12 12
16250 16168 82 22 0.384943 0.372886 0.0120569 21 26 18 22
16477 14732 1745 44 0.399984 0.127057 0.272927 22 21 13 15
16571 15708 863 33 0.299926 0.178663 0.121263 30 19 22 18
16905 16852 53 34 0.699793 0.691631 0.00816168 30 15 6 6
16939 16046 893 35 0.399955 0.248635 0.15132 34 15 21 13
17088 15568 1520 19 0.59997 0.3679 0.23207 35 12 15 6
17422 15531 1891 9 0.599975 0.292469 0.307506 33 16 19 16
18030 17972 58 37 0.599898 0.591923 0.00797438 35 12 11 4
18113 16906 1207 16 0.499929 0.258757 0.241171 27 22 15 13
18141 17926 215 4 0.299933 0.266596 0.0333372 27 18 27 14
18640 17215 1425 24 0.299982 0.0204088 0.279573 36 13 21 12
18683 18495 188 38 0.399995 0.373053 0.0269423 33 14 24 10
18796 18552 244 47 0.699966 0.665659 0.0343067 30 19 19 8
18836 18018 818 15 0.599911 0.461664 0.138248 36 12 20 5
18926 18063 863 36 0.29997 0.174466 0.125505 35 13 26 7
19004 18561 443 5 0.399894 0.335847 0.064047 28 19 18 13
19157 18298 859 23 0.699898 0.565509 0.134389 27 22 14 8
19367 18554 813 49 0.69994 0.562978 0.136962 33 14 19 8
19785 19349 436 32 0.59983 0.537483 0.0623474 40 9 25 6
19971 19918 53 30 0.599985 0.592634 0.00735179 22 21 8 10
20000 19660 340 25 0.699994 0.65015 0.0498434 37 11 18 6
20404 19935 469 10 0.699989 0.633585 0.0664041 33 12 16 5
20529 20468 61 1 0.39979 0.390998 0.00879185 34 11 16 7
20710 20655 55 7 0.499906 0.491522 0.00838314 32 17 24 12
20744 20316 428 20 0.29999 0.228038 0.0719528 30 17 22 11
20852 18456 2396 14 0.499971 0.0317802 0.468191 32 16 17 6
21019 18930 2089 17 0.399882 0.06498 0.334902 34 15 20 6
21070 20831 239 40 0.399988 0.365073 0.0349147 29 15 22 9
21245 21189 56 45 0.499808 0.491166 0.00864146 21 23 6 8
21515 21174 341 22 0.699949 0.658541 0.0414081 27 20 14 6
21873 21423 450 41 0.299986 0.243308 0.0566776 29 20 24 17
22032 20081 1951 29 0.399852 0.102242 0.29761 37 12 22 7
22165 21192 973 11 0.299985 0.135381 0.164605 33 15 27 8
22240 22004 236 3 0.299847 0.266991 0.032856 27 20 21 19
22291 19453 2838 28 0.599892 0.0940805 0.505812 32 16 18 7
22409 22142 267 27 0.299914 0.266132 0.0337821 34 15 26 12
22766 21441 1325 0 0.399959 0.163318 0.236641 34 13 17 8
22900 22830 70 47 0.599843 0.587453 0.01239 29 20 10 8
22958 21631 1327 21 0.299977 0.0884836 0.211494 29 19 21 15
22975 20486 2489 12 0.499898 0.0875471 0.412351 32 18 22 9
23020 21888 1132 34 0.499989 0.290411 0.209579 29 18 17 10
23657 23508 149 16 0.699951 0.68119 0.018761 28 21 11 5
23758 23705 53 9 0.499797 0.48859 0.0112073 28 21 6 10
23819 23764 55 15 0.599964 0.592179 0.00778441 29 19 8 7
23887 23671 216 33 0.499802 0.466239 0.0335631 30 19 19 9
23956 22188 1768 31 0.299909 0.0165216 0.283387 38 11 23 6
23993 22717 1276 46 0.299865 0.117605 0.18226 30 18 21 9
24431 23556 875 35 0.499915 0.352703 0.147212 29 20 18 16
24593 23350 1243 49 0.699954 0.515151 0.184803 32 16 14 7
24877 24802 75 38 0.299834 0.287697 0.0121372 32 16 4 6
24880 24298 582 37 0.39997 0.329378 0.0705923 34 14 21 11
25077 24117 960 2 0.399901 0.270866 0.129035 27 22 18 14
25188 23611 1577 19 0.499957 0.220991 0.278967 33 15 16 11
25494 24473 1021 44 0.399923 0.216947 0.182976 25 20 13 8
25597 25420 177 23 0.399968 0.374181 0.0257869 23 26 13 14
25812 25055 757 10 0.599782 0.494356 0.105426 30 18 10 12
25872 25817 55 24 0.499824 0.490621 0.00920245 33 16 3 7
26078 25478 600 5 0.499815 0.419735 0.0800804 35 13 16 6
26511 25810 701 4 0.399983 0.269495 0.130488 22 25 14 16
26661 25454 1207 32 0.499912 0.28044 0.219472 34 15 19 10
26982 26799 183 3 0.799969 0.768347 0.0316219 28 19 11 2
27569 26073 1496 40 0.699972 0.435967 0.264006 25 19 12 8
27618 26873 745 25 0.299903 0.184488 0.115415 35 13 17 9
27708 27237 471 16 0.69999 0.636529 0.0634608 34 15 12 3
27790 26155 1635 1 0.59989 0.304972 0.294918 38 8 13 5
28016 27939 77 9 0.599883 0.586372 0.0135111 30 19 7 4
28094 26832 1262 22 0.499976 0.267127 0.232848 26 21 14 7
28167 28114 53 45 0.299959 0.292971 0.00698826 23 21 8 3
28733 27190 1543 30 0.299964 0.0432045 0.256759 28 17 20 9
28970 28400 570 17 0.499948 0.410605 0.0893427 30 19 15 9
29032 27919 1113 36 0.299998 0.107391 0.192608 31 18 16 9
29118 28994 124 34 0.599976 0.583269 0.0167069 35 12 19 2
29135 28238 897 20 0.399926 0.257026 0.142899 27 20 14 14
29278 29153 125 28 0.599934 0.585062 0.014872 34 14 19 8
29350 29276 74 15 0.370029 0.356228 0.0138003 29 19 11 6
29493 29434 59 49 0.599956 0.592057 0.00789848 31 17 18 9
29575 29299 276 14 0.299979 0.262338 0.0376412 27 22 9 10
29647 28842 805 41 0.499919 0.372625 0.127295 31 18 20 5
29729 28310 1419 29 0.599996 0.365364 0.234632 34 15 11 5
29978 28448 1530 7 0.299964 0.0695194 0.230445 31 18 16 5
