742 689 53 21 0.899866 0.892667 0.00719971 15 4 15 2
760 623 137 16 0.89978 0.880065 0.0197146 16 0 16 0
767 668 99 14 0.899809 0.884518 0.0152906 8 0 8 0
889 635 254 27 0.89994 0.864577 0.0353621 11 0 11 0
929 638 291 17 0.899942 0.859172 0.0407705 10 3 9 1
1021 699 322 7 0.899947 0.856322 0.043625 13 0 13 0
1307 1248 59 0 0.799908 0.791213 0.00869545 11 2 11 2
1443 1365 78 5 0.799915 0.791072 0.00884221 27 1 27 1
1467 1414 53 23 0.79995 0.793422 0.00652776 21 1 21 1
1488 1255 233 33 0.799958 0.768676 0.0312821 24 2 25 1
1528 1394 134 36 0.799835 0.779721 0.0201142 18 1 18 0
1679 1352 327 39 0.799939 0.753965 0.0459734 22 2 23 1
1723 1414 309 28 0.799911 0.757565 0.0423454 22 2 22 2
1834 1427 407 30 0.799954 0.742045 0.0579097 17 5 17 3
2281 2102 179 34 0.699947 0.675595 0.0243522 28 4 28 4
2329 2040 289 19 0.699931 0.660113 0.0398183 28 2 28 1
2408 2007 401 29 0.699786 0.642748 0.0570375 25 2 25 2
2438 2076 362 25 0.69985 0.654348 0.0455022 28 3 28 3
2474 2051 423 35 0.699996 0.636098 0.0638981 30 1 30 1
2498 1976 522 38 0.699905 0.618051 0.0818544 21 6 21 4
2516 2155 361 10 0.699855 0.651879 0.0479762 36 4 36 4
2781 2680 101 42 0.599974 0.585561 0.0144139 32 5 31 4
2877 2715 162 4 0.599978 0.580674 0.0193039 32 7 32 7
2998 2853 145 37 0.599972 0.575973 0.0239993 30 14 30 14
3029 2080 949 20 0.699964 0.562555 0.137408 31 3 31 3
3092 2781 311 44 0.599959 0.551838 0.0481212 27 9 26 8
3181 2712 469 49 0.599945 0.530828 0.0691175 24 6 24 6
3220 2761 459 15 0.599771 0.531357 0.0684137 28 12 29 12
3628 2743 885 24 0.599882 0.455371 0.144511 33 4 33 4
3696 2772 924 12 0.599848 0.461308 0.13854 32 9 32 9
3758 3471 287 26 0.499793 0.465526 0.0342664 30 10 30 9
3797 3661 136 17 0.699765 0.675344 0.0244206 21 9 17 8
3852 3444 408 11 0.499822 0.440266 0.059556 35 7 36 7
3874 3405 469 6 0.499987 0.436244 0.063743 33 4 33 4
3927 3538 389 46 0.499913 0.447454 0.0524595 31 8 31 8
4331 3483 848 18 0.499989 0.366076 0.133913 35 10 35 10
4589 3438 1151 3 0.499993 0.302631 0.197362 34 7 34 7
4733 3503 1230 1 0.499975 0.301758 0.198217 28 5 28 5
4736 4215 521 41 0.39991 0.306743 0.0931666 34 9 34 8
4808 4206 602 48 0.399848 0.301789 0.0980593 32 6 32 6
4895 4148 747 22 0.399894 0.291801 0.108093 34 9 34 9
4941 4078 863 13 0.399828 0.265799 0.134029 34 12 33 10
5144 4061 1083 47 0.399997 0.221677 0.17832 32 13 32 13
5149 4805 344 45 0.299935 0.254885 0.0450507 26 16 26 16
5172 4133 1039 31 0.39988 0.223333 0.176546 29 18 29 18
5172 4824 348 39 0.699899 0.652777 0.0471227 30 7 11 7
5205 4419 786 23 0.699896 0.563548 0.136348 25 13 16 13
5288 4821 467 2 0.29977 0.235105 0.0646653 23 21 23 21
5380 5063 317 30 0.699958 0.645453 0.0545054 20 14 10 11
5431 4359 1072 0 0.69998 0.524976 0.175004 25 7 17 7
5738 5345 393 7 0.499876 0.446154 0.053722 24 17 19 17
5898 3423 2475 8 0.499916 0.109891 0.390025 34 6 34 6
6030 5543 487 21 0.399946 0.332236 0.0677103 29 16 26 16
6226 5014 1212 32 0.299952 0.118068 0.181884 29 12 29 12
6291 4211 2080 40 0.399936 0.0581092 0.341827 34 7 34 7
6376 5678 698 14 0.399981 0.313367 0.0866135 27 12 26 12
6875 5009 1866 43 0.299917 0.0217705 0.278146 28 17 29 16
6904 6723 181 19 0.599957 0.571135 0.0288213 34 12 24 12
7079 6590 489 27 0.29992 0.231797 0.0681236 31 15 30 15
7407 6154 1253 16 0.29992 0.0941528 0.205767 22 22 18 22
7636 5290 2346 36 0.599988 0.192162 0.407826 19 20 12 19
7899 7342 557 49 0.69998 0.625647 0.0743332 27 13 16 10
7945 6619 1326 4 0.699941 0.49238 0.20756 36 7 15 5
8545 7623 922 33 0.299971 0.127223 0.172748 30 14 24 13
8612 8418 194 10 0.399772 0.375395 0.0243777 34 8 12 7
8694 8395 299 35 0.399921 0.358423 0.0414984 29 16 28 16
8879 7663 1216 42 0.599841 0.411919 0.187923 35 10 20 6
8966 8354 612 11 0.699979 0.610432 0.089547 36 13 17 11
9005 8347 658 37 0.499801 0.404554 0.0952464 27 19 21 18
9049 8601 448 34 0.299923 0.242671 0.0572528 27 17 21 17
9244 9191 53 29 0.299852 0.289821 0.0100314 25 14 11 14
9274 8535 739 38 0.399957 0.281776 0.118181 27 10 17 9
9587 8194 1393 28 0.299928 0.0397435 0.260185 28 12 26 12
9640 7517 2123 25 0.499953 0.115369 0.384584 30 13 19 13
9926 8943 983 1 0.799976 0.658715 0.141261 32 5 12 0
10108 9586 522 7 0.799918 0.714223 0.0856958 33 13 15 5
10446 9946 500 6 0.399952 0.315463 0.0844888 30 13 13 10
10486 9167 1319 20 0.399867 0.20134 0.198527 28 20 25 19
10496 10066 430 23 0.59991 0.527783 0.0721274 34 14 27 11
10498 8871 1627 24 0.599967 0.328072 0.271895 32 14 20 14
10654 10175 479 44 0.299906 0.229244 0.0706618 32 13 24 12
11106 9651 1455 17 0.399974 0.156981 0.242992 24 19 20 19
11343 9642 1701 15 0.399995 0.0992114 0.300783 27 17 22 16
11408 10431 977 12 0.399917 0.235756 0.164161 32 17 21 17
11471 10020 1451 22 0.699903 0.476896 0.223007 36 11 18 7
11773 9600 2173 26 0.499879 0.161739 0.338139 31 13 17 7
12004 11807 197 48 0.39993 0.368945 0.0309851 28 15 20 13
12025 9023 3002 30 0.699932 0.181435 0.518497 29 14 21 9
13006 12597 409 8 0.599954 0.547409 0.0525452 33 11 17 8
13053 13000 53 31 0.399898 0.392355 0.00754311 30 18 25 15
13070 12518 552 0 0.299945 0.219054 0.0808912 26 19 23 19
13469 13309 160 19 0.399986 0.377662 0.0223239 37 12 28 11
13685 11719 1966 49 0.699817 0.394416 0.305401 25 21 15 17
13813 13686 127 2 0.299914 0.28219 0.0177244 24 22 23 21
13846 11601 2245 21 0.599917 0.142847 0.45707 25 22 13 17
13925 13529 396 14 0.39991 0.341145 0.0587648 30 17 23 12
13971 12584 1387 45 0.399923 0.163168 0.236756 28 18 22 13
14130 13577 553 10 0.699946 0.608492 0.0914536 35 11 12 7
14177 12189 1988 3 0.399958 0.0553161 0.344642 27 17 20 14
14641 14588 53 32 0.368664 0.360559 0.00810539 26 19 8 12
14847 11373 3474 47 0.599782 0.0126761 0.587106 32 17 23 9
14993 14348 645 34 0.699929 0.594765 0.105163 25 20 15 9
15053 14332 721 7 0.599923 0.47879 0.121133 35 13 22 7
15132 14992 140 1 0.499891 0.477427 0.0224648 32 14 18 13
15136 15083 53 40 0.388761 0.381643 0.00711768 28 17 8 13
15191 14741 450 16 0.499911 0.429217 0.0706938 30 17 25 9
15262 14975 287 42 0.499816 0.453206 0.0466095 34 11 21 8
15587 14726 861 27 0.399919 0.26561 0.134309 28 20 23 17
15870 15318 552 36 0.399862 0.317906 0.0819568 27 18 23 8
16140 16065 75 35 0.277376 0.266675 0.0107008 24 23 18 20
16220 15678 542 11 0.299976 0.214674 0.0853015 33 17 17 9
16356 16046 310 37 0.399825 0.358072 0.0417528 27 21 20 15
16536 16076 460 23 0.499846 0.432548 0.0672977 27 22 18 20
16948 16620 328 38 0.399932 0.358028 0.041904 29 18 23 15
17058 16823 235 20 0.599951 0.563888 0.0360626 29 20 17 13
17201 16553 648 33 0.399987 0.301222 0.0987642 27 20 20 16
17289 16826 463 12 0.69999 0.634904 0.0650856 33 16 12 5
17850 17615 235 48 0.599983 0.556813 0.0431702 28 19 16 10
18081 17277 804 29 0.299941 0.200308 0.0996328 34 12 22 9
18130 18008 122 17 0.499778 0.481721 0.0180563 31 15 22 6
18247 16973 1274 24 0.499944 0.275746 0.224198 32 17 19 13
18389 17648 741 49 0.79998 0.712735 0.0872449 29 19 11 6
18614 18504 110 6 0.299983 0.285079 0.0149031 27 21 20 16
18879 17658 1221 44 0.49996 0.325169 0.174791 34 13 24 9
19091 17145 1946 28 0.499779 0.262889 0.23689 31 15 22 8
19117 18300 817 19 0.699948 0.565744 0.134204 37 12 15 9
19354 18616 738 31 0.59997 0.490963 0.109008 36 13 18 8
19402 18615 787 25 0.299874 0.16897 0.130904 35 14 29 10
19637 19575 62 15 0.399939 0.391838 0.00810079 28 21 19 14
19843 19582 261 42 0.699961 0.654824 0.0451361 30 16 16 13
20075 19659 416 8 0.399788 0.342989 0.0567986 28 19 14 12
20305 20252 53 10 0.399849 0.392335 0.00751423 32 17 19 11
20414 20361 53 32 0.599889 0.593889 0.00600033 24 22 7 5
20522 20222 300 3 0.699813 0.661148 0.0386657 31 16 16 5
20671 20244 427 45 0.599901 0.534754 0.0651474 32 15 11 3
21240 21101 139 14 0.399919 0.380834 0.0190852 36 13 26 9
21242 20384 858 1 0.599944 0.50388 0.0960634 39 9 22 4
21341 21110 231 34 0.399993 0.371609 0.0283843 29 18 22 12
21457 21039 418 21 0.499965 0.445396 0.0545689 31 17 15 7
21630 21432 198 40 0.499977 0.466985 0.0329923 33 14 19 7
21898 17764 4134 0 0.79992 0.0585942 0.741326 30 17 8 3
22230 20839 1391 30 0.299857 0.0615422 0.238315 28 19 19 14
22253 19883 2370 2 0.599906 0.179777 0.420129 27 20 15 10
22632 22461 171 23 0.499924 0.477364 0.0225599 30 19 16 11
22934 22809 125 16 0.299973 0.279964 0.0200087 24 24 14 15
22976 22795 181 36 0.39995 0.373456 0.0264936 28 21 16 14
23001 21965 1036 37 0.59987 0.439552 0.160318 26 22 15 9
23408 23355 53 35 0.39983 0.393533 0.00629705 22 26 6 7
23446 23287 159 12 0.399983 0.380035 0.0199484 31 18 20 14
23753 22632 1121 48 0.599861 0.429427 0.170434 30 17 19 7
23986 23930 56 29 0.6923 0.683945 0.00835489 33 14 4 3
24349 23948 401 44 0.69998 0.647624 0.0523562 36 12 18 8
24566 24382 184 28 0.699981 0.676992 0.0229892 27 20 11 12
24604 22604 2000 38 0.599952 0.308647 0.291304 29 19 18 10
25277 23921 1356 27 0.299818 0.0316353 0.268182 27 22 15 13
25279 24410 869 10 0.799991 0.667875 0.132116 32 17 15 4
25538 25148 390 33 0.299908 0.243553 0.0563547 25 24 19 15
25579 24549 1030 11 0.299927 0.180713 0.119214 32 18 20 10
25588 25494 94 19 0.399931 0.388453 0.0114781 30 19 17 15
25593 24502 1091 15 0.699995 0.564368 0.135627 31 18 15 5
25977 24789 1188 49 0.299884 0.0936162 0.206268 37 11 25 7
26101 24858 1243 24 0.49985 0.271565 0.228285 31 18 14 10
26123 25995 128 21 0.699902 0.680093 0.0198095 31 17 16 6
26244 26191 53 34 0.67998 0.67262 0.00735994 29 18 2 2
26383 25636 747 3 0.499958 0.399921 0.100037 25 22 12 16
26574 24161 2413 17 0.499995 0.0558087 0.444186 32 14 19 9
26915 26515 400 1 0.599993 0.548339 0.0516544 36 12 17 8
27259 26823 436 32 0.399988 0.348255 0.0517334 26 21 17 9
27323 27270 53 8 0.3998 0.390577 0.00922256 28 19 6 7
27437 25513 1924 6 0.499962 0.193144 0.306818 24 24 13 12
27611 26396 1215 42 0.299758 0.106779 0.192979 30 16 16 7
27767 27559 208 12 0.8 0.769855 0.0301449 29 20 11 5
28178 28102 76 29 0.569014 0.557995 0.0110193 33 14 8 5
28271 26847 1424 31 0.299896 0.0339222 0.265974 29 20 14 13
28747 28063 684 25 0.299814 0.212106 0.0877078 34 15 16 5
28764 28503 261 40 0.39995 0.366924 0.0330253 31 16 18 9
29187 28874 313 16 0.599905 0.544812 0.0550921 30 18 15 9
29334 28358 976 23 0.499939 0.334767 0.165171 31 18 10 7
29565 29224 341 14 0.299955 0.255794 0.0441601 34 15 21 8
29591 28622 969 2 0.599988 0.477457 0.122531 28 20 12 8
29681 29628 53 35 0.499893 0.491416 0.0084775 23 25 3 5
