908 627 281 26 0.899935 0.862043 0.0378913 17 0 13 0
1389 1270 119 20 0.799929 0.783304 0.0166245 16 0 16 0
1439 1311 128 28 0.799896 0.782884 0.0170121 18 4 18 2
1584 1199 385 6 0.799978 0.745694 0.0542835 21 0 21 0
1591 1259 332 0 0.799845 0.757205 0.0426398 22 0 22 0
1632 1319 313 7 0.799759 0.751777 0.0479815 32 1 32 1
1667 1349 318 22 0.799974 0.751802 0.0481726 21 0 21 0
1696 1285 411 15 0.799948 0.745093 0.0548543 27 7 25 3
1732 1377 355 1 0.799993 0.738562 0.0614309 20 0 20 0
2193 2093 100 35 0.69994 0.685289 0.0146504 38 2 38 2
2239 1998 241 34 0.699852 0.666021 0.0338305 28 3 28 2
2274 2037 237 16 0.699996 0.664132 0.0358642 27 6 27 6
2284 2030 254 38 0.699997 0.665347 0.03465 26 3 26 3
2320 1984 336 46 0.699922 0.654394 0.0455287 30 2 30 2
2362 1993 369 14 0.699909 0.65127 0.048639 22 3 22 3
2410 2064 346 31 0.699946 0.650449 0.0494971 33 4 33 4
2418 2003 415 12 0.699859 0.641968 0.0578911 24 8 24 7
2549 2050 499 29 0.699976 0.629317 0.0706591 30 4 30 4
2717 2620 97 43 0.59992 0.586259 0.0136604 30 2 29 1
2898 2626 272 10 0.599762 0.565379 0.0343832 28 8 28 8
2963 2630 333 25 0.599924 0.551182 0.0487424 25 4 24 3
2989 2616 373 24 0.599899 0.549468 0.0504311 21 4 21 4
2995 2747 248 21 0.599909 0.564955 0.0349543 28 9 28 9
3113 2886 227 8 0.599977 0.564312 0.0356646 35 3 35 3
3131 2636 495 4 0.59988 0.520855 0.0790249 30 4 30 4
3168 2673 495 17 0.599816 0.52229 0.077526 32 5 32 5
3280 2669 611 42 0.599906 0.499019 0.100887 24 6 24 6
3606 3350 256 40 0.499906 0.469392 0.0305145 27 8 27 8
3633 3569 64 19 0.47686 0.468557 0.00830252 19 11 19 11
3675 3379 296 3 0.499904 0.461249 0.0386551 31 12 31 12
3682 3134 548 32 0.499805 0.39708 0.102725 19 18 19 16
3754 3359 395 5 0.49995 0.449806 0.0501444 32 6 32 6
3794 3291 503 47 0.499816 0.43172 0.0680966 27 15 27 14
3862 3448 414 49 0.499923 0.444158 0.0557648 25 6 26 6
3969 3416 553 45 0.49982 0.419408 0.0804121 35 5 34 4
4223 4161 62 36 0.399815 0.391734 0.00808075 26 13 25 11
4366 4150 216 39 0.399811 0.364318 0.035493 32 14 32 14
4445 4238 207 30 0.399985 0.369418 0.0305678 29 11 29 10
4564 3390 1174 11 0.499792 0.354749 0.145043 27 13 27 13
4658 3489 1169 41 0.499915 0.315446 0.184469 33 7 33 7
4957 4266 691 9 0.399959 0.28472 0.115239 40 6 40 6
4988 4221 767 13 0.399927 0.260092 0.139835 23 15 23 15
5006 4255 751 22 0.79994 0.676826 0.123114 27 13 20 13
5365 4958 407 33 0.299901 0.251432 0.0484689 31 13 31 13
5647 4976 671 27 0.299977 0.214712 0.0852647 33 12 33 12
5692 5033 659 37 0.299927 0.191631 0.108296 37 7 37 7
5740 4831 909 23 0.299931 0.132794 0.167137 23 17 23 17
6399 5620 779 0 0.599949 0.486097 0.113852 26 15 17 15
6463 5676 787 7 0.599897 0.469819 0.130078 26 20 20 19
6980 6611 369 26 0.299942 0.249638 0.0503044 36 10 35 10
7151 6663 488 34 0.599968 0.527744 0.0722242 28 10 19 9
7523 7470 53 20 0.299857 0.291114 0.00874353 33 11 32 11
7628 7543 85 29 0.599935 0.585498 0.0144372 30 14 23 14
7875 7822 53 21 0.599995 0.591422 0.00857265 29 12 7 6
8011 7229 782 35 0.499938 0.36884 0.131097 36 12 24 12
8103 7270 833 1 0.399965 0.268055 0.131909 31 15 27 15
8168 7775 393 6 0.299882 0.2429 0.0569824 35 12 34 12
8485 6672 1813 28 0.399914 0.148636 0.251278 28 12 22 11
8630 7782 848 15 0.299992 0.161529 0.138463 29 17 27 17
8660 8406 254 42 0.599979 0.561996 0.0379825 26 13 22 13
8683 8571 112 24 0.499856 0.483141 0.0167153 34 12 29 12
8732 8366 366 46 0.399916 0.347184 0.052732 29 18 23 18
8936 7859 1077 10 0.599861 0.426049 0.173812 31 10 12 8
9125 9064 61 47 0.599909 0.590232 0.00967742 25 18 6 9
9155 8300 855 49 0.699895 0.547801 0.152094 29 14 18 12
9201 6812 2389 14 0.599982 0.221356 0.378627 30 11 24 11
9324 8094 1230 38 0.399944 0.186029 0.213916 27 16 22 16
9374 7643 1731 12 0.499892 0.193861 0.306031 35 14 28 10
9377 8996 381 5 0.599921 0.551725 0.0481954 40 6 23 5
9482 7405 2077 17 0.699995 0.316516 0.383479 33 13 22 12
9561 8973 588 43 0.399914 0.314099 0.0858152 31 16 23 16
9932 9535 397 4 0.399917 0.345673 0.0542449 34 12 21 10
10296 10243 53 32 0.299927 0.29203 0.00789627 23 23 11 13
10316 8823 1493 16 0.299826 0.0589699 0.240856 33 14 26 14
10731 10273 458 8 0.299894 0.226992 0.072903 33 14 27 13
10782 10694 88 22 0.399866 0.384934 0.0149312 28 20 27 18
10898 9617 1281 3 0.499983 0.315107 0.184876 33 15 23 13
10971 9417 1554 40 0.499948 0.286898 0.21305 31 12 21 10
11202 9406 1796 25 0.39996 0.067202 0.332758 28 15 26 15
11550 11472 78 39 0.399815 0.387568 0.0122475 23 26 15 18
11858 11582 276 30 0.399795 0.34953 0.050265 36 10 27 6
12174 12027 147 41 0.299891 0.276341 0.0235502 27 17 7 12
12628 12228 400 9 0.399904 0.340074 0.0598295 36 13 18 13
12688 12352 336 29 0.599975 0.552279 0.047696 34 12 21 7
12854 10955 1899 13 0.599897 0.282401 0.317497 28 14 20 2
13036 11836 1200 21 0.699922 0.496173 0.203749 31 14 18 7
13163 12742 421 37 0.499772 0.425939 0.0738324 24 24 13 20
13376 12987 389 0 0.399964 0.337566 0.0623979 30 18 20 11
13480 12956 524 34 0.499887 0.424705 0.0751823 28 16 18 14
13813 11615 2198 23 0.699901 0.305298 0.394603 29 19 17 11
14187 12760 1427 27 0.499874 0.266371 0.233503 30 19 20 17
14798 13894 904 33 0.299896 0.151505 0.14839 35 13 22 9
15027 14972 55 35 0.299849 0.291925 0.00792395 32 16 11 8
15152 13964 1188 7 0.299943 0.146171 0.153773 23 25 21 20
15250 15129 121 20 0.39996 0.382272 0.0176877 34 13 23 9
15282 14019 1263 1 0.59997 0.438052 0.161919 29 18 16 13
15336 15283 53 47 0.38698 0.378556 0.00842436 21 22 6 12
15718 12965 2753 26 0.599931 0.105281 0.494651 32 14 9 7
15786 15268 518 10 0.4 0.3224 0.0775998 33 11 16 6
15975 14524 1451 46 0.599935 0.341832 0.258103 28 20 17 13
15977 14670 1307 24 0.499912 0.238996 0.260916 34 13 20 8
16192 15597 595 42 0.299995 0.187677 0.112318 29 13 19 8
16313 15549 764 4 0.599848 0.458372 0.141476 30 18 17 10
16499 15823 676 6 0.4 0.293976 0.106023 36 12 21 7
16574 15666 908 43 0.599967 0.463582 0.136385 33 14 13 7
16839 16551 288 17 0.399896 0.362648 0.0372473 31 17 15 8
17280 16613 667 14 0.399945 0.280271 0.119674 31 15 23 12
17445 17079 366 15 0.299775 0.238564 0.061211 27 20 20 13
17660 17607 53 12 0.299902 0.293262 0.00663996 34 17 7 10
17819 16840 979 41 0.599962 0.443434 0.156527 32 13 6 3
17878 17245 633 38 0.299988 0.197913 0.102075 21 26 11 19
17971 17853 118 40 0.479958 0.460367 0.0195911 31 16 14 10
18067 17215 852 39 0.599994 0.456231 0.143764 33 16 18 2
18118 18065 53 25 0.590265 0.581079 0.00918674 25 20 7 8
18137 14997 3140 28 0.599929 0.0668001 0.533129 28 15 14 6
18698 16859 1839 32 0.499919 0.175331 0.324588 28 20 15 7
19010 17341 1669 3 0.49994 0.264065 0.235875 27 22 18 16
19273 16465 2808 22 0.599938 0.0485067 0.551431 32 17 16 9
19399 19346 53 30 0.399681 0.392206 0.00747517 31 17 10 10
19427 16788 2639 29 0.699904 0.269807 0.430097 36 11 11 1
19436 19286 150 37 0.499804 0.475314 0.0244897 27 22 17 9
20115 18226 1889 13 0.699973 0.39583 0.304143 29 17 8 7
20291 19705 586 16 0.299955 0.204666 0.0952891 31 18 15 12
20349 19285 1064 8 0.299913 0.106021 0.193892 33 15 19 8
20699 19709 990 0 0.499935 0.300357 0.199578 31 17 16 9
20961 20804 157 9 0.299948 0.278377 0.0215714 31 18 15 14
21168 21113 55 33 0.499857 0.491436 0.00842117 32 16 6 6
21272 19811 1461 21 0.299962 0.0353417 0.26462 30 17 14 8
21675 21294 381 34 0.299891 0.246646 0.0532454 31 13 24 6
21753 20916 837 24 0.599871 0.454836 0.145035 33 14 8 7
21858 19508 2350 27 0.699975 0.29869 0.401285 27 22 9 6
21946 21705 241 40 0.799982 0.762052 0.0379294 37 10 12 0
22608 21328 1280 10 0.5999 0.374661 0.225238 30 18 10 12
23166 22893 273 1 0.299921 0.266134 0.0337868 30 18 17 11
23289 22131 1158 4 0.499946 0.285315 0.214631 30 18 11 8
23787 23722 65 41 0.476353 0.466989 0.00936422 32 13 11 9
23822 20775 3047 43 0.69989 0.246217 0.453673 34 13 7 3
23959 23906 53 13 0.799918 0.79168 0.00823768 29 17 4 2
24166 20834 3332 20 0.6 0.0164378 0.583562 32 16 15 8
24475 23558 917 15 0.599849 0.474205 0.125644 31 16 14 6
24617 22459 2158 47 0.399941 0.0151822 0.384758 32 15 22 9
24831 23881 950 39 0.499894 0.35084 0.149055 33 16 12 5
24978 24925 53 26 0.298899 0.290005 0.00889409 32 15 9 7
25229 24232 997 30 0.699975 0.521966 0.178009 31 17 14 11
25302 24359 943 32 0.699979 0.562565 0.137414 27 20 12 11
25519 23443 2076 7 0.399895 0.0466581 0.353237 32 17 22 6
25636 24824 812 6 0.299943 0.164223 0.13572 32 16 20 11
25696 23167 2529 17 0.49995 0.0243328 0.475617 33 15 17 5
25698 24844 854 42 0.299958 0.160885 0.139073 29 17 15 13
25934 24494 1440 29 0.599975 0.307363 0.292612 28 19 4 10
26063 25861 202 28 0.499957 0.473654 0.0263024 25 19 14 11
27759 27696 63 21 0.594617 0.587063 0.00755443 28 19 4 5
27995 27801 194 10 0.599934 0.566709 0.0332244 28 21 12 12
28766 28713 53 22 0.299946 0.291785 0.00816067 33 16 8 5
29267 28869 398 16 0.299896 0.242085 0.0578114 31 18 13 8
29551 27779 1772 9 0.499916 0.218374 0.281542 32 17 16 9
29961 29908 53 15 0.599995 0.591982 0.00801316 30 17 7 3
