822 769 53 2 0.899928 0.892205 0.00772336 9 0 9 0
878 798 80 8 0.89992 0.888555 0.0113653 7 1 7 1
1733 1601 132 7 0.7999 0.783598 0.0163022 9 0 8 0
1878 1624 254 0 0.799991 0.768985 0.0310059 8 1 8 1
1903 1633 270 3 0.799941 0.768004 0.0319368 7 1 7 1
2498 2443 55 4 0.699997 0.691668 0.00832905 6 3 6 3
3312 2996 316 8 0.799953 0.762962 0.0369911 7 2 7 2
3496 3243 253 6 0.599904 0.569225 0.0306786 7 2 7 2
3522 3214 308 9 0.599991 0.564762 0.0352293 7 2 7 2
3536 3251 285 1 0.59991 0.564583 0.0353271 6 3 6 3
3577 3312 265 5 0.599999 0.569719 0.0302795 4 5 4 5
4890 4521 369 2 0.599918 0.556918 0.0430008 4 5 4 5
5421 5307 114 3 0.699865 0.685252 0.014613 5 4 5 4
5583 5360 223 0 0.699986 0.671901 0.0280851 4 5 4 5
6332 6268 64 4 0.699855 0.690151 0.00970402 6 3 6 3
6890 6833 57 8 0.699921 0.693509 0.00641277 6 3 6 3
6995 6816 179 7 0.499985 0.478178 0.0218078 6 3 6 3
8964 8651 313 9 0.599954 0.56194 0.0380146 8 1 8 1
9030 8696 334 5 0.599943 0.557376 0.0425674 8 1 8 1
9089 8724 365 1 0.599944 0.5561 0.0438441 7 2 7 2
10125 9787 338 8 0.799994 0.757072 0.0429211 6 3 6 3
10471 10273 198 6 0.39991 0.375032 0.0248777 5 4 5 4
10899 10809 90 7 0.79988 0.785961 0.0139188 6 3 6 3
11192 10819 373 3 0.499809 0.455814 0.0439945 5 4 5 4
11863 11696 167 2 0.399996 0.379818 0.0201779 6 3 6 3
12358 11965 393 0 0.399919 0.350141 0.0497776 5 4 5 4
12808 12530 278 1 0.799951 0.76589 0.0340606 8 1 7 1
13479 13423 56 7 0.799876 0.792883 0.00699256 4 5 4 5
13533 13311 222 4 0.299917 0.273659 0.0262578 4 5 4 5
14367 14133 234 5 0.6 0.573094 0.0269051 5 4 5 4
14824 14464 360 8 0.599954 0.556626 0.0433284 4 5 4 5
14943 14890 53 9 0.499895 0.492469 0.00742596 5 4 5 4
16666 16453 213 6 0.599905 0.574117 0.0257877 6 3 6 3
17074 16785 289 7 0.699986 0.663951 0.0360347 7 2 7 2
17165 16962 203 2 0.699995 0.676507 0.0234877 6 3 6 3
17198 17104 94 1 0.599934 0.5886 0.0113339 4 5 4 5
18736 18595 141 5 0.699991 0.684209 0.0157819 7 2 7 2
18983 18691 292 9 0.799906 0.762141 0.0377653 6 3 6 3
19553 19345 208 3 0.299932 0.274418 0.0255137 7 2 7 2
20004 19708 296 1 0.899967 0.864634 0.0353332 6 3 6 3
20128 20035 93 8 0.599901 0.588989 0.0109121 5 4 5 4
20385 20020 365 0 0.399948 0.355616 0.044332 5 4 5 4
20423 20049 374 6 0.799942 0.753022 0.04692 5 4 5 4
21169 20987 182 2 0.699991 0.67672 0.0232708 5 4 5 4
21662 21560 102 4 0.399893 0.385109 0.0147846 5 4 5 4
22090 21818 272 7 0.599951 0.564841 0.0351099 5 4 5 4
23419 23114 305 1 0.699988 0.660037 0.0399518 6 3 6 3
23751 23473 278 8 0.799957 0.768259 0.0316977 6 3 6 3
24374 24142 232 9 0.49987 0.469743 0.0301267 5 4 5 4
24385 24189 196 5 0.499989 0.473898 0.0260912 5 4 5 4
25021 24960 61 2 0.699897 0.691642 0.0082549 6 3 6 3
25070 24729 341 7 0.899902 0.85508 0.0448217 7 2 6 1
25874 25570 304 8 0.899897 0.863111 0.0367866 5 4 5 4
26166 25896 270 3 0.599919 0.565845 0.0340735 5 4 5 4
26387 26334 53 6 0.399815 0.392322 0.00749281 5 4 5 4
26758 26676 82 4 0.69996 0.688936 0.0110237 6 3 6 3
27176 27098 78 2 0.899961 0.889184 0.0107767 6 3 5 3
27391 27336 55 1 0.69988 0.692476 0.0074041 7 2 7 2
27397 27211 186 0 0.499996 0.476834 0.0231616 6 3 6 3
28480 28140 340 8 0.799838 0.760002 0.0398359 4 5 4 5
29298 28977 321 7 0.599936 0.560681 0.0392552 7 2 7 2
29914 29666 248 6 0.899995 0.870559 0.0294365 7 2 5 1
