838 769 69 6 0.899933 0.891687 0.00824654 8 1 8 1
845 707 138 0 0.899979 0.88048 0.0194985 8 0 8 0
866 813 53 4 0.899948 0.891984 0.007964 9 0 9 0
1057 797 260 3 0.899903 0.868157 0.0317454 7 0 7 0
1627 1539 88 2 0.799959 0.789697 0.0102615 6 3 6 3
1711 1586 125 8 0.799933 0.783897 0.016036 8 1 8 1
1833 1612 221 7 0.799929 0.773385 0.0265436 8 1 7 1
2693 2331 362 5 0.699807 0.657899 0.0419077 9 0 9 0
3211 2905 306 4 0.799986 0.763511 0.0364746 7 2 7 2
3255 3147 108 9 0.599942 0.585423 0.0145187 5 4 5 4
3258 2990 268 0 0.799928 0.766617 0.0333115 7 2 6 2
3857 3723 134 6 0.699952 0.681777 0.0181754 5 4 5 4
4187 4126 61 1 0.499871 0.488182 0.0116887 5 4 5 4
5188 4944 244 3 0.599895 0.57037 0.029525 6 3 6 3
5233 5086 147 0 0.899992 0.882764 0.0172281 5 4 5 4
5266 5080 186 8 0.699952 0.678923 0.0210287 6 3 6 3
6811 6716 95 4 0.699973 0.687651 0.012322 7 2 7 2
7050 6939 111 7 0.49998 0.484102 0.0158781 6 3 6 3
7736 7675 61 6 0.699878 0.69115 0.00872733 7 2 7 2
7747 7456 291 9 0.6999 0.663261 0.0366396 8 1 8 1
8129 7922 207 1 0.799909 0.775317 0.0245926 6 3 6 3
8166 7790 376 3 0.899999 0.855162 0.0448372 7 2 6 2
8510 8277 233 5 0.499898 0.472985 0.0269129 4 5 4 5
8513 8357 156 2 0.29995 0.278648 0.0213026 4 5 4 5
9721 9632 89 3 0.899902 0.889954 0.00994789 6 3 6 3
9806 9606 200 4 0.799845 0.777219 0.0226264 7 2 7 2
10893 10733 160 1 0.799895 0.779342 0.0205524 7 2 7 2
11154 10826 328 9 0.799897 0.760942 0.0389549 6 3 6 3
11757 11493 264 6 0.699943 0.668619 0.031324 7 2 7 2
11775 11482 293 8 0.39993 0.366852 0.0330774 8 1 8 1
11900 11580 320 0 0.299893 0.258285 0.0416087 5 4 5 4
12654 12480 174 7 0.59995 0.579476 0.0204743 5 4 5 4
14515 14374 141 3 0.499847 0.483099 0.0167472 6 3 6 3
15078 14842 236 4 0.499999 0.473103 0.0268955 7 2 7 2
15087 14770 317 6 0.799914 0.763336 0.0365781 5 4 5 4
15109 14747 362 2 0.599916 0.557648 0.0422689 6 3 6 3
15458 15126 332 1 0.599932 0.559623 0.0403086 5 4 5 4
15958 15578 380 5 0.399926 0.355978 0.0439481 6 3 6 3
17210 16837 373 7 0.699998 0.65386 0.0461382 5 4 5 4
18141 18044 97 9 0.299913 0.28922 0.010693 7 2 7 2
18332 18121 211 1 0.899978 0.875275 0.0247024 7 2 7 2
18529 18258 271 3 0.799845 0.768895 0.0309497 6 3 6 3
18683 18580 103 8 0.49991 0.486189 0.013721 5 4 5 4
18960 18907 53 4 0.799803 0.791244 0.00855954 5 4 5 4
20631 20521 110 1 0.799982 0.786464 0.0135179 7 2 7 2
21216 20862 354 0 0.299949 0.257593 0.0423565 6 3 6 3
21253 21134 119 2 0.499877 0.484682 0.0151952 4 5 4 5
21278 20981 297 6 0.399977 0.363936 0.0360405 6 3 6 3
22066 21980 86 3 0.69999 0.687958 0.0120323 7 2 7 2
22121 21933 188 7 0.599985 0.577102 0.0228835 5 4 5 4
23399 23322 77 8 0.699966 0.68772 0.012246 4 5 4 5
23790 23604 186 5 0.399988 0.37693 0.0230585 6 3 6 3
24167 23809 358 4 0.499982 0.457303 0.0426789 4 5 4 5
24348 24003 345 1 0.699928 0.660196 0.0397326 4 5 4 5
24505 24391 114 9 0.599904 0.58612 0.0137843 5 4 5 4
25156 25044 112 3 0.799955 0.785248 0.014707 4 5 4 5
25680 25600 80 6 0.799905 0.788523 0.0113816 5 4 5 4
26706 26653 53 2 0.6 0.594011 0.00598916 7 2 7 2
26876 26703 173 3 0.899956 0.876852 0.0231044 8 1 8 1
27342 27185 157 7 0.599952 0.582168 0.0177835 8 1 8 1
28017 27786 231 9 0.799898 0.772219 0.027679 8 1 7 1
28364 28054 310 4 0.799978 0.763923 0.0360549 7 2 7 2
28676 28398 278 0 0.499951 0.465206 0.0347451 5 4 5 4
29219 29114 105 1 0.599959 0.588224 0.0117343 6 3 6 3
29405 29021 384 3 0.799915 0.753046 0.0468692 4 5 4 5
29729 29653 76 8 0.39987 0.39118 0.00869039 6 3 6 3
