835 765 70 7 0.899993 0.891053 0.00894015 7 0 7 0
1819 1622 197 1 0.799903 0.776007 0.0238954 9 0 9 0
2482 2419 63 2 0.699941 0.69302 0.00692111 8 1 8 1
2586 2433 153 5 0.69993 0.682165 0.0177656 7 2 7 2
2684 2424 260 9 0.699907 0.669034 0.0308724 7 2 7 2
3264 2885 379 7 0.799957 0.751705 0.0482524 6 3 6 3
3427 3276 151 4 0.5999 0.580658 0.0192413 4 5 4 5
3540 3265 275 8 0.599964 0.566473 0.0334905 4 5 4 5
3549 3245 304 3 0.599946 0.56258 0.0373661 6 3 6 3
5901 5844 57 0 0.279334 0.272713 0.00662083 8 1 8 1
6123 5758 365 6 0.299971 0.25907 0.0409009 8 1 8 1
6263 5929 334 4 0.89996 0.861382 0.0385777 9 0 9 0
6532 6370 162 5 0.699978 0.680932 0.0190464 7 2 7 2
6829 6520 309 9 0.699905 0.663429 0.0364768 6 3 6 3
6897 6812 85 1 0.499904 0.486933 0.0129712 5 4 5 4
7024 6943 81 8 0.798842 0.788437 0.0104048 6 3 5 3
7740 7646 94 7 0.599978 0.587134 0.0128444 4 5 4 5
8203 7908 295 2 0.499991 0.462373 0.0376176 3 6 3 6
9656 9365 291 4 0.699921 0.665379 0.0345425 5 4 5 4
9922 9580 342 3 0.499961 0.459584 0.0403773 6 3 6 3
10192 9988 204 6 0.89984 0.875592 0.024248 6 3 6 3
10574 10369 205 5 0.699933 0.675764 0.0241691 6 3 6 3
11418 11227 191 8 0.599961 0.578308 0.0216531 6 3 6 3
11515 11355 160 0 0.699929 0.680737 0.0191917 6 3 6 3
12094 11904 190 4 0.899829 0.878384 0.0214455 5 4 5 4
12417 12364 53 6 0.799961 0.791845 0.00811618 4 5 4 4
12525 12165 360 1 0.599975 0.558214 0.0417607 6 3 6 3
12637 12359 278 9 0.49995 0.468269 0.0316808 4 5 4 5
13658 13597 61 5 0.799937 0.79076 0.00917735 7 2 7 2
14210 14090 120 6 0.899915 0.886542 0.0133727 7 2 7 1
14470 14417 53 7 0.399991 0.392821 0.0071697 5 4 5 4
14554 14244 310 4 0.799898 0.762356 0.0375416 6 3 6 3
14689 14511 178 2 0.499985 0.478184 0.0218007 5 4 5 4
15508 15318 190 5 0.899997 0.876584 0.023413 6 3 5 3
15940 15676 264 9 0.899959 0.867419 0.0325392 7 2 5 2
16474 16306 168 3 0.499968 0.477917 0.0220513 6 3 6 3
16835 16556 279 8 0.599962 0.567201 0.0327615 6 3 6 3
17156 16996 160 0 0.499959 0.480412 0.0195472 6 3 6 3
17280 17180 100 6 0.699988 0.687255 0.0127337 6 3 6 3
17785 17655 130 2 0.899952 0.88302 0.0169319 5 4 5 3
17996 17698 298 1 0.599958 0.56511 0.0348478 6 3 6 3
18349 18070 279 4 0.699973 0.666559 0.0334144 4 5 4 5
19368 19072 296 9 0.699895 0.662804 0.0370903 6 3 6 3
20160 19906 254 2 0.79991 0.770003 0.0299067 6 3 6 3
20826 20618 208 1 0.899985 0.877114 0.0228711 7 2 6 1
20900 20847 53 5 0.399985 0.391941 0.00804396 6 3 6 3
21088 20954 134 0 0.799928 0.785101 0.0148266 7 2 7 2
22038 21830 208 7 0.399988 0.37435 0.0256375 7 2 7 2
22497 22209 288 4 0.699903 0.665455 0.0344483 7 2 7 2
22608 22428 180 9 0.799919 0.778084 0.0218351 7 2 7 2
22956 22772 184 2 0.799968 0.778135 0.0218335 6 3 6 3
23142 22888 254 3 0.499981 0.467485 0.0324968 5 4 5 4
23821 23462 359 6 0.399816 0.355727 0.0440891 3 6 3 6
24195 23847 348 1 0.699936 0.656669 0.0432677 4 5 4 5
24480 23529 951 8 0.399966 0.297002 0.102964 2 7 2 7
25911 25531 380 2 0.799901 0.755769 0.0441327 5 4 5 4
26195 26020 175 9 0.699977 0.67636 0.0236167 6 3 6 3
26442 26114 328 0 0.499975 0.460656 0.0393192 5 4 5 4
27083 26691 392 5 0.599958 0.550478 0.0494794 4 5 4 5
27465 27221 244 4 0.599943 0.570475 0.0294677 5 4 5 4
28184 27942 242 7 0.599891 0.57253 0.0273612 6 3 6 3
29179 28937 242 8 0.799908 0.769262 0.0306455 5 4 5 3
29680 29419 261 2 0.699935 0.669066 0.0308686 6 3 6 3
