785 719 66 8 0.899939 0.892288 0.00765103 9 0 9 0
811 758 53 3 0.899894 0.892601 0.00729269 6 2 6 2
830 734 96 6 0.899913 0.886942 0.0129713 8 1 8 1
931 820 111 9 0.899924 0.88732 0.0126037 5 4 5 4
1083 774 309 5 0.899892 0.861959 0.0379334 9 0 9 0
2023 1650 373 0 0.799984 0.756711 0.0432727 7 2 7 2
2350 2213 137 9 0.9 0.884939 0.0150611 9 0 8 0
2690 2460 230 7 0.699936 0.670703 0.0292333 8 1 8 1
3563 3286 277 5 0.799987 0.769272 0.0307156 7 2 7 2
3770 3715 55 8 0.699987 0.69246 0.00752722 7 2 7 2
4076 3731 345 3 0.69997 0.659126 0.0408441 7 2 7 2
4680 4579 101 6 0.599907 0.587492 0.0124145 6 3 6 3
4908 4855 53 7 0.899798 0.89136 0.00843834 8 1 6 1
5053 4918 135 1 0.399981 0.383032 0.0169489 5 4 5 4
5077 4824 253 4 0.3999 0.369233 0.0306679 6 3 6 3
6014 5731 283 2 0.299915 0.266235 0.0336802 5 4 5 4
6437 6187 250 5 0.799915 0.770311 0.0296043 7 2 7 2
6694 6344 350 3 0.899939 0.859322 0.0406171 7 2 5 2
8052 7827 225 7 0.699954 0.67362 0.0263333 7 2 7 2
8108 8043 65 0 0.399811 0.391541 0.0082699 6 3 6 3
8121 8013 108 6 0.799917 0.786958 0.0129595 6 3 6 3
8542 8216 326 5 0.899935 0.862347 0.0375872 6 3 6 2
8833 8658 175 9 0.299899 0.279402 0.0204975 4 5 4 5
9311 8960 351 3 0.799998 0.758813 0.0411851 4 5 4 5
9404 9193 211 8 0.499926 0.473819 0.0261073 5 4 5 4
10346 10107 239 1 0.699929 0.671952 0.0279764 5 4 5 4
10942 10648 294 6 0.799923 0.763797 0.0361264 5 4 5 4
11673 11561 112 2 0.699919 0.686151 0.0137672 5 4 5 4
12227 11875 352 4 0.499995 0.456579 0.0434163 4 5 4 5
12646 12448 198 5 0.599983 0.574933 0.0250492 6 3 6 3
13592 13519 73 7 0.499897 0.4907 0.00919694 7 2 7 2
13983 13890 93 0 0.59993 0.588202 0.0117279 6 3 6 3
14407 14276 131 9 0.699922 0.682316 0.0176062 5 4 5 4
14807 14464 343 6 0.699921 0.6597 0.0402209 6 3 6 3
14809 14552 257 3 0.499848 0.467181 0.0326676 4 5 4 5
14942 14641 301 2 0.79999 0.764492 0.0354986 3 6 3 6
15251 15034 217 1 0.599977 0.573421 0.0265566 4 5 4 5
15292 14910 382 8 0.599779 0.554063 0.0457152 5 4 5 4
16814 16550 264 9 0.899904 0.867035 0.0328686 8 1 6 1
17155 17001 154 4 0.699895 0.681862 0.0180326 6 3 6 3
17541 17277 264 0 0.799835 0.765846 0.0339894 6 3 6 3
18154 17963 191 8 0.899907 0.878674 0.0212333 6 3 6 3
18163 17825 338 6 0.79989 0.758061 0.0418293 7 2 7 2
19547 19356 191 5 0.39999 0.37875 0.0212397 6 3 6 3
19566 19293 273 4 0.89991 0.868309 0.0316017 7 2 7 2
19609 19280 329 2 0.599943 0.559632 0.0403102 8 1 8 1
19691 19489 202 3 0.699958 0.674733 0.0252255 8 1 8 1
19868 19508 360 1 0.699996 0.655822 0.044174 8 1 8 1
20911 20655 256 7 0.399932 0.36455 0.0353819 5 4 5 4
22248 22018 230 8 0.599966 0.569956 0.0300097 6 3 6 3
23294 22960 334 1 0.799943 0.763037 0.0369061 7 2 7 2
23418 23146 272 9 0.299929 0.267568 0.0323617 7 2 7 2
23582 23496 86 0 0.399949 0.388957 0.0109921 5 4 5 4
24720 24537 183 5 0.699974 0.677578 0.0223961 7 2 7 2
25205 25141 64 3 0.499864 0.489736 0.0101277 5 4 5 4
25231 24940 291 6 0.299976 0.265476 0.0344995 6 3 6 3
26183 25984 199 4 0.299826 0.275014 0.0248114 4 5 4 5
26894 26841 53 7 0.599897 0.59298 0.00691662 6 3 6 3
27400 27315 85 8 0.599894 0.590162 0.00973173 4 5 4 5
27557 27255 302 2 0.299894 0.261676 0.038218 6 3 6 3
28059 27679 380 5 0.799897 0.75431 0.0455866 5 4 5 4
28316 28115 201 9 0.799765 0.777402 0.0223629 5 4 5 4
28735 28426 309 1 0.499899 0.465235 0.0346637 5 4 5 4
