799 715 84 6 0.899961 0.887784 0.0121775 9 0 9 0
850 797 53 7 0.899977 0.892393 0.0075842 5 1 5 1
940 779 161 8 0.899915 0.879629 0.0202865 9 0 9 0
2334 2280 54 2 0.699986 0.692822 0.00716378 9 0 9 0
2548 2433 115 3 0.699922 0.685729 0.0141928 9 0 9 0
3020 2931 89 7 0.799902 0.790121 0.00978111 7 2 7 2
3425 3250 175 4 0.599909 0.579383 0.0205262 6 3 6 3
3501 3126 375 5 0.599986 0.550079 0.0499078 7 2 7 2
4365 4110 255 1 0.499933 0.467986 0.0319463 6 3 6 3
4430 4098 332 0 0.499986 0.45811 0.0418764 6 3 6 3
4443 4130 313 9 0.499894 0.463492 0.0364018 6 3 6 3
4881 4569 312 6 0.599892 0.56109 0.0388018 5 4 5 4
6646 6352 294 7 0.699774 0.665166 0.0346077 5 4 5 4
7370 7204 166 3 0.5999 0.578843 0.0210566 7 2 7 2
7370 7165 205 8 0.299915 0.274403 0.0255118 8 1 8 1
7446 7350 96 1 0.899978 0.888324 0.0116542 7 2 6 2
7709 7548 161 6 0.899971 0.882062 0.0179091 8 1 8 1
8040 7856 184 5 0.699995 0.678707 0.0212874 7 2 7 2
8586 8529 57 4 0.599994 0.590845 0.00914988 5 4 5 4
9323 9166 157 0 0.699895 0.682634 0.0172611 6 3 6 3
9433 9185 248 2 0.299901 0.268766 0.0311348 4 5 4 5
10765 10390 375 1 0.699907 0.654396 0.0455113 5 4 5 4
10906 10560 346 7 0.699856 0.657126 0.0427298 5 4 5 4
10971 10723 248 6 0.699994 0.671711 0.0282829 4 5 4 5
11075 11022 53 5 0.799932 0.790779 0.00915347 4 5 4 5
11806 11685 121 9 0.399977 0.385395 0.0145819 6 3 6 3
12446 12364 82 3 0.599977 0.590903 0.00907475 4 5 4 5
13245 12886 359 8 0.699902 0.654902 0.0450002 9 0 9 0
13841 13605 236 5 0.799925 0.773201 0.0267237 6 3 6 3
14268 14013 255 0 0.599987 0.570747 0.0292405 5 4 5 4
14987 14861 126 6 0.699964 0.683882 0.0160813 5 4 5 4
15423 15291 132 4 0.399975 0.383217 0.0167582 6 3 6 3
15875 15730 145 3 0.79981 0.782586 0.0172244 7 2 7 2
16003 15947 56 9 0.799994 0.790849 0.00914504 6 3 5 3
16629 16527 102 7 0.49992 0.487954 0.0119667 5 4 5 4
17495 17213 282 1 0.399934 0.368589 0.0313455 6 3 6 3
17611 17270 341 5 0.699811 0.659705 0.0401065 7 2 7 2
17722 17441 281 2 0.39996 0.367352 0.0326082 6 3 6 3
17906 17726 180 0 0.799976 0.77696 0.0230164 4 5 4 5
18029 17913 116 6 0.799979 0.786426 0.0135529 4 5 4 5
19722 19521 201 7 0.899927 0.877183 0.0227435 8 1 7 1
19782 19719 63 8 0.399959 0.391024 0.00893535 4 5 4 5
19852 19628 224 0 0.899983 0.874846 0.0251364 6 3 6 2
20403 20249 154 9 0.599962 0.579236 0.0207254 6 3 6 3
21080 20941 139 1 0.899953 0.88464 0.015313 7 2 7 2
21238 20945 293 3 0.499898 0.464218 0.0356809 7 2 7 2
21429 21311 118 4 0.599989 0.586429 0.01356 5 4 5 4
21545 21406 139 6 0.699924 0.679022 0.0209019 4 5 4 5
21637 21530 107 5 0.699953 0.688175 0.0117775 3 6 3 6
23065 22729 336 7 0.699808 0.659027 0.0407808 5 4 5 4
23099 22786 313 2 0.699974 0.662433 0.037541 4 5 4 5
24399 24145 254 1 0.699895 0.66938 0.0305152 7 2 7 2
24656 24517 139 6 0.799958 0.779825 0.020133 7 2 7 2
24659 24534 125 5 0.799917 0.781719 0.0181976 7 2 7 2
25589 25426 163 9 0.599878 0.577821 0.0220568 6 3 6 3
25610 25557 53 4 0.699966 0.691783 0.00818338 7 2 7 2
26225 25912 313 3 0.699977 0.66446 0.0355165 6 3 6 3
26364 26311 53 8 0.499869 0.492139 0.00773054 6 3 6 3
26378 26272 106 0 0.29979 0.287482 0.0123087 8 1 8 1
27298 26965 333 7 0.69998 0.662107 0.0378724 4 5 4 5
28210 28073 137 6 0.6999 0.683939 0.015961 5 4 5 4
28983 28704 279 2 0.499929 0.466715 0.033215 6 3 6 3
