919 781 138 3 0.899997 0.884804 0.0151928 9 0 9 0
1696 1574 122 8 0.799909 0.785976 0.013933 8 1 8 1
1739 1556 183 0 0.799906 0.778499 0.0214072 7 2 7 2
1775 1585 190 1 0.799897 0.773658 0.0262393 8 1 8 1
1854 1529 325 4 0.799944 0.763171 0.0367736 8 1 8 1
2558 2415 143 9 0.699973 0.681432 0.0185417 5 4 5 4
3438 3267 171 2 0.599916 0.579602 0.0203138 7 2 7 2
3513 3291 222 6 0.59999 0.575073 0.0249164 6 3 6 3
3541 3196 345 5 0.599906 0.557742 0.0421635 7 2 7 2
4723 4387 336 1 0.799908 0.758868 0.0410405 6 3 6 3
5167 4991 176 7 0.399901 0.380438 0.0194625 5 4 5 4
5598 5307 291 4 0.69998 0.665358 0.034622 5 4 5 4
5703 5525 178 9 0.799905 0.775046 0.0248585 5 4 5 4
6142 5836 306 8 0.599997 0.563396 0.0366001 5 4 5 4
6615 6353 262 3 0.399966 0.368798 0.0311685 4 5 4 5
7032 6740 292 0 0.499855 0.465085 0.03477 4 5 4 5
8794 8658 136 4 0.799947 0.782493 0.0174542 7 2 7 2
9300 9087 213 1 0.599961 0.575455 0.0245067 6 3 6 3
9446 9322 124 6 0.499916 0.483819 0.0160969 6 3 6 3
10356 10175 181 2 0.399913 0.375653 0.0242605 7 2 7 2
10711 10375 336 8 0.699922 0.661035 0.038887 6 3 6 3
10994 10713 281 9 0.499993 0.46864 0.0313526 5 4 5 4
11206 11150 56 5 0.299912 0.292364 0.00754743 5 4 5 4
11943 11718 225 0 0.699891 0.671798 0.0280929 7 2 7 2
12626 12507 119 3 0.599976 0.5842 0.0157758 6 3 6 3
13054 12997 57 4 0.599963 0.593702 0.00626111 5 4 5 4
13570 13515 55 7 0.299994 0.291749 0.00824524 6 3 6 3
13651 13598 53 1 0.699992 0.692545 0.00744651 6 3 6 3
14334 14091 243 6 0.699951 0.669345 0.0306065 6 3 6 3
14845 14776 69 9 0.786512 0.778935 0.00757677 5 4 4 4
14886 14586 300 8 0.699915 0.666222 0.0336933 5 4 5 4
15742 15158 584 3 0.899925 0.835219 0.0647055 5 4 5 4
15751 15390 361 2 0.699932 0.655123 0.0448085 4 5 4 5
16603 16514 89 6 0.899986 0.887368 0.0126187 7 2 7 2
16606 16552 54 5 0.699982 0.693138 0.00684421 6 3 6 3
16662 16609 53 0 0.599954 0.594143 0.00581015 7 2 7 2
16695 16568 127 9 0.89994 0.885297 0.0146422 7 2 7 2
17175 17103 72 4 0.699982 0.69092 0.00906222 6 3 6 3
18125 18067 58 1 0.599978 0.592284 0.00769469 8 1 8 1
18137 18084 53 7 0.79987 0.792997 0.00687298 5 4 5 4
18161 17859 302 6 0.899959 0.86241 0.0375494 7 2 6 2
18871 18673 198 5 0.899969 0.876859 0.0231108 6 3 6 1
19635 19582 53 8 0.599902 0.592802 0.00709945 8 1 8 1
19955 19654 301 9 0.699918 0.664855 0.035063 7 2 7 2
20034 19624 410 2 0.699767 0.649433 0.050334 7 2 7 2
20191 19952 239 0 0.79994 0.771151 0.0287892 6 3 6 3
21562 21443 119 3 0.399968 0.386394 0.0135741 7 2 7 2
21774 21695 79 4 0.599916 0.591023 0.00889318 7 2 7 2
21840 21767 73 5 0.699932 0.691705 0.00822639 7 2 7 2
22120 21946 174 6 0.599968 0.577395 0.0225723 5 4 5 4
22272 22151 121 7 0.599993 0.585498 0.014495 5 4 5 4
22328 22125 203 8 0.9 0.873633 0.0263667 8 1 5 1
23068 22810 258 0 0.799948 0.770603 0.0293453 3 6 3 6
24081 23951 130 1 0.499928 0.484513 0.0154152 5 4 5 4
24669 24554 115 8 0.799952 0.78579 0.0141622 8 1 8 1
24972 24754 218 5 0.799897 0.775255 0.0246421 8 1 8 1
25290 25078 212 4 0.799942 0.772867 0.0270751 9 0 9 0
25777 25579 198 9 0.5 0.476496 0.0235035 5 4 5 4
26754 26546 208 2 0.399994 0.375904 0.0240904 7 2 7 2
26910 26544 366 0 0.699921 0.655861 0.0440597 8 1 8 1
27024 26735 289 5 0.89998 0.864987 0.0349932 6 3 6 3
27335 27207 128 7 0.599904 0.583401 0.0165029 4 5 4 5
27352 27154 198 6 0.599968 0.576582 0.0233859 5 4 5 4
28772 28435 337 5 0.899985 0.859137 0.0408482 5 4 5 4
29032 28876 156 8 0.599929 0.57946 0.0204692 5 4 5 4
29460 29083 377 3 0.399871 0.35627 0.0436012 5 4 5 4
