795 741 54 2 0.899934 0.892479 0.00745503 9 0 9 0
878 751 127 1 0.899955 0.883884 0.0160709 8 1 8 1
973 805 168 8 0.899838 0.878276 0.0215624 7 1 7 1
2347 2280 67 9 0.698236 0.690879 0.00735677 8 1 8 1
2473 2413 60 4 0.699903 0.693312 0.00659111 8 1 8 1
2554 2362 192 0 0.699897 0.677322 0.0225752 9 0 9 0
2618 2482 136 5 0.699942 0.682463 0.0174789 7 2 7 2
3500 3242 258 7 0.599962 0.56935 0.0306125 6 3 6 3
3623 3306 317 6 0.599996 0.564193 0.0358024 4 5 4 5
4124 3932 192 8 0.699974 0.674549 0.0254253 5 4 5 4
4331 3988 343 3 0.499997 0.458073 0.0419236 4 5 4 5
4610 4537 73 4 0.899976 0.891065 0.00891125 5 4 5 4
4823 4507 316 2 0.599997 0.562013 0.0379841 6 3 6 3
5709 5480 229 1 0.499993 0.461479 0.0385139 6 3 6 3
7207 6916 291 7 0.799996 0.764957 0.0350391 7 2 7 2
7542 7230 312 0 0.599983 0.562866 0.0371164 6 3 6 3
7599 7473 126 2 0.899908 0.884066 0.0158426 5 4 5 4
7635 7217 418 5 0.599901 0.548038 0.0518633 7 2 7 2
7977 7752 225 9 0.499961 0.472279 0.0276817 5 4 5 4
8314 7958 356 8 0.699895 0.65814 0.0417551 4 5 4 5
8920 8609 311 6 0.599925 0.563968 0.0359573 4 5 4 5
9459 9196 263 4 0.49999 0.469613 0.0303766 4 5 4 5
10025 9900 125 3 0.599923 0.584495 0.0154286 6 3 6 3
11237 11062 175 5 0.799945 0.779346 0.0205989 7 2 7 2
11525 11290 235 1 0.599933 0.569639 0.0302937 7 2 7 2
11794 11741 53 9 0.799925 0.792599 0.00732624 7 2 6 2
12544 12169 375 2 0.49996 0.449803 0.0501578 7 2 7 2
12683 12376 307 6 0.799929 0.762638 0.0372913 7 2 7 2
13207 12934 273 5 0.899877 0.866252 0.0336245 6 3 6 3
13226 13173 53 7 0.399877 0.391643 0.0082339 5 4 5 4
13369 13314 55 4 0.799978 0.793937 0.00604111 5 4 5 4
13997 13944 53 8 0.499967 0.491021 0.00894547 7 2 7 2
14546 14353 193 0 0.399922 0.375119 0.0248038 6 3 6 3
15462 15334 128 6 0.799931 0.784864 0.0150671 6 3 6 3
15710 15591 119 2 0.899934 0.885073 0.0148615 5 4 5 4
15935 15846 89 1 0.699992 0.688774 0.0112179 5 4 5 4
16510 16310 200 5 0.699901 0.674031 0.0258701 6 3 6 3
16959 16637 322 4 0.699821 0.660891 0.03893 6 3 6 3
17026 16768 258 9 0.499838 0.469706 0.0301319 5 4 5 4
17134 16735 399 3 0.399916 0.349115 0.0508016 6 3 6 3
18989 18813 176 6 0.699925 0.679095 0.0208301 7 2 7 2
19606 19505 101 5 0.799977 0.78597 0.0140068 6 3 6 3
19675 19398 277 8 0.599929 0.567095 0.0328333 6 3 6 3
19867 19729 138 0 0.699923 0.681759 0.0181639 5 4 5 4
19908 19679 229 1 0.69997 0.672444 0.0275253 7 2 7 2
20147 19894 253 7 0.499895 0.467682 0.0322132 4 5 4 5
21009 20814 195 4 0.699927 0.676809 0.0231184 5 4 5 4
21060 20869 191 9 0.799834 0.775851 0.0239829 4 5 4 5
22414 22053 361 2 0.299846 0.255976 0.0438699 6 3 6 3
23093 22907 186 1 0.799925 0.779098 0.020827 7 2 7 2
23093 22753 340 9 0.899924 0.858243 0.0416808 7 2 7 1
23297 23141 156 7 0.899941 0.882461 0.0174802 6 3 6 3
23376 23174 202 3 0.599999 0.576896 0.023103 8 1 8 1
24687 24451 236 6 0.499993 0.47341 0.0265832 6 3 6 3
24898 24679 219 5 0.499902 0.472065 0.0278379 7 2 7 2
25706 25606 100 8 0.499997 0.487688 0.0123095 7 2 7 2
25898 25655 243 1 0.799939 0.771468 0.028471 5 4 5 4
26116 25729 387 4 0.599832 0.553261 0.0465706 5 4 5 4
27250 27140 110 7 0.599972 0.586594 0.0133779 6 3 6 3
27316 26989 327 0 0.299998 0.262052 0.0379466 4 5 4 5
27394 27024 370 9 0.599943 0.553722 0.0462205 4 5 4 5
28881 28824 57 2 0.599908 0.591685 0.0082227 6 3 6 3
29600 29355 245 3 0.499897 0.472567 0.0273306 7 2 7 2
29602 29385 217 6 0.699929 0.672898 0.027031 8 1 8 1
29694 29423 271 8 0.799812 0.76852 0.0312925 6 3 6 3
29943 29646 297 4 0.79991 0.764151 0.0357593 4 5 4 5
