846 737 109 5 0.899916 0.887567 0.0123493 8 1 8 1
850 792 58 0 0.899929 0.891745 0.00818387 8 1 8 1
891 771 120 3 0.899986 0.883154 0.0168324 8 0 8 0
946 683 263 6 0.899971 0.869985 0.0299859 8 0 8 0
978 833 145 9 0.899922 0.879691 0.0202308 7 2 7 2
1708 1533 175 4 0.799984 0.778282 0.0217022 5 4 5 4
1765 1631 134 2 0.799957 0.783427 0.0165294 7 2 7 2
2353 2271 82 6 0.899812 0.890284 0.00952787 7 2 7 2
2662 2371 291 7 0.699959 0.665951 0.0340085 6 3 6 3
3125 2974 151 5 0.79999 0.780576 0.0194134 7 2 7 2
3266 3213 53 8 0.599988 0.593955 0.00603239 7 2 7 2
3507 3440 67 4 0.899962 0.89028 0.00968235 8 1 7 1
3702 3474 228 2 0.899978 0.871703 0.0282746 7 2 6 2
3920 3729 191 0 0.699933 0.678079 0.0218542 5 4 5 4
4079 4026 53 1 0.499904 0.492143 0.00776084 4 5 4 5
4289 3968 321 9 0.699976 0.663532 0.036444 3 6 3 6
4958 4682 276 3 0.599946 0.566982 0.0329638 5 4 5 4
5785 5674 111 5 0.799985 0.786569 0.0134156 5 4 5 4
6803 6564 239 7 0.699928 0.668354 0.0315749 6 3 6 2
7095 6918 177 6 0.499891 0.478915 0.0209766 8 1 8 1
7505 7359 146 2 0.599854 0.582398 0.0174559 7 2 7 2
8550 8202 348 9 0.699955 0.658374 0.0415818 6 3 6 3
9146 8972 174 4 0.3999 0.378398 0.0215021 6 3 6 3
9428 9253 175 3 0.699826 0.676362 0.0234649 5 4 5 4
10094 9936 158 5 0.599979 0.582045 0.0179343 7 2 7 2
10383 10139 244 0 0.399898 0.37161 0.0282884 6 3 6 3
10866 10813 53 8 0.299849 0.292516 0.00733325 5 4 5 4
10871 10682 189 7 0.699905 0.677326 0.0225797 7 2 7 2
11234 11129 105 1 0.399993 0.384521 0.0154716 4 5 4 5
12603 12477 126 2 0.599892 0.58563 0.0142619 5 4 5 4
14465 14252 213 6 0.399895 0.372833 0.0270619 7 2 7 2
14493 14205 288 4 0.699913 0.665461 0.0344514 7 2 7 2
14807 14602 205 0 0.799916 0.77546 0.0244554 7 2 7 2
15523 15407 116 1 0.799957 0.787126 0.0128306 6 3 6 3
16024 15808 216 9 0.299926 0.26515 0.0347759 5 4 5 4
16086 15804 282 3 0.399979 0.368411 0.0315686 6 3 6 3
16570 16516 54 0 0.899929 0.892006 0.00792305 7 2 4 2
17140 16887 253 5 0.399923 0.368561 0.0313615 6 3 6 3
17203 16941 262 8 0.599899 0.565771 0.0341282 3 6 3 6
17209 16809 400 2 0.699971 0.649602 0.050369 6 3 6 3
17468 17157 311 7 0.399986 0.362267 0.0377196 4 5 4 5
19795 19503 292 3 0.899912 0.865058 0.0348542 8 1 7 1
20081 19812 269 1 0.599992 0.566896 0.0330952 6 3 6 3
20585 20359 226 2 0.799897 0.772832 0.027065 6 3 6 3
20624 20571 53 5 0.899991 0.8921 0.00789155 6 3 6 3
20637 20349 288 0 0.599835 0.566151 0.0336841 6 3 6 3
20738 20662 76 8 0.799913 0.790598 0.00931537 7 2 7 2
20976 20907 69 4 0.399969 0.390396 0.00957227 5 4 5 4
22103 22023 80 6 0.399771 0.388287 0.0114846 6 3 6 3
22398 22317 81 9 0.599889 0.588647 0.0112424 6 3 6 3
23509 23438 71 7 0.599933 0.591459 0.00847418 6 3 6 3
24262 24085 177 8 0.69999 0.678092 0.021898 6 3 6 3
24279 24002 277 2 0.699979 0.668753 0.0312261 6 3 6 3
24864 24557 307 3 0.499881 0.463065 0.0368164 5 4 5 4
25456 25281 175 5 0.499999 0.479134 0.0208642 7 2 7 2
25914 25775 139 0 0.599922 0.582453 0.0174695 6 3 6 3
26763 26606 157 9 0.69995 0.68173 0.0182197 7 2 7 2
27121 26959 162 1 0.399958 0.381062 0.0188967 6 3 6 3
27366 27086 280 6 0.699992 0.667937 0.0320546 5 4 5 4
27849 27710 139 7 0.699956 0.683097 0.0168592 7 2 7 2
28618 28532 86 4 0.399911 0.389783 0.0101281 5 4 5 4
29630 29304 326 0 0.799947 0.760845 0.0391029 6 3 6 3
29855 29732 123 8 0.499931 0.484341 0.0155894 7 2 7 2
