829 732 97 4 0.899963 0.886909 0.0130533 9 0 9 0
847 783 64 9 0.899896 0.890472 0.00942496 7 2 7 2
908 766 142 5 0.899957 0.881725 0.0182328 8 0 8 0
1829 1601 228 2 0.799899 0.772739 0.02716 9 0 9 0
2544 2210 334 5 0.899934 0.860847 0.0390868 8 1 8 1
2569 2512 57 7 0.699923 0.692282 0.0076414 5 4 5 4
2578 2326 252 3 0.699903 0.671223 0.0286798 7 2 7 2
2660 2456 204 1 0.69993 0.674766 0.0251639 7 2 7 2
2766 2444 322 8 0.699948 0.662689 0.0372587 6 3 6 3
3296 2930 366 9 0.799984 0.756038 0.0439463 4 5 4 5
4127 3984 143 5 0.899964 0.881988 0.0179759 7 2 5 2
4236 4123 113 6 0.499953 0.486809 0.0131437 4 5 4 5
4977 4924 53 0 0.399997 0.393936 0.00606101 6 3 6 3
5584 5217 367 2 0.699905 0.65381 0.0460941 8 1 8 1
6337 6243 94 4 0.399972 0.387681 0.0122913 6 3 6 3
6896 6618 278 8 0.699921 0.667598 0.032323 6 3 6 3
7312 7202 110 1 0.599932 0.586003 0.0139291 6 3 6 3
7421 7078 343 5 0.699949 0.659722 0.0402274 5 4 5 4
7521 7164 357 7 0.599978 0.554804 0.0451742 5 4 5 4
7997 7636 361 9 0.599937 0.557473 0.0424633 3 6 3 6
8306 8080 226 3 0.499949 0.473629 0.0263209 3 6 3 6
9184 9131 53 6 0.699678 0.690529 0.00914809 5 4 5 4
10841 10520 321 4 0.799995 0.762495 0.0375002 7 2 7 2
10980 10655 325 1 0.799981 0.761414 0.0385667 7 2 7 2
11041 10819 222 8 0.699949 0.67257 0.0273791 7 2 7 2
11489 11436 53 0 0.499929 0.49137 0.00855949 5 4 5 4
11584 11531 53 9 0.799963 0.793397 0.00656529 7 2 7 2
11603 11316 287 5 0.69998 0.667252 0.032728 6 3 6 3
12020 11855 165 7 0.699968 0.67947 0.020498 6 3 6 3
12997 12861 136 2 0.299922 0.284165 0.0157573 6 3 6 3
13213 12943 270 3 0.699918 0.669396 0.0305218 7 2 7 2
14027 13762 265 6 0.59991 0.56952 0.0303901 6 3 6 3
14058 14003 55 8 0.799992 0.791659 0.00833311 5 4 5 4
14574 14478 96 1 0.699888 0.68656 0.0133275 5 4 5 4
14788 14650 138 5 0.799934 0.782536 0.0173978 5 4 5 4
15485 15139 346 4 0.599951 0.558833 0.0411182 5 4 5 4
16011 15706 305 9 0.599924 0.561309 0.0386152 6 3 6 3
16182 16046 136 0 0.699958 0.683163 0.0167957 6 3 6 3
17492 17439 53 8 0.699998 0.692518 0.00748033 7 2 7 2
17561 17508 53 7 0.499907 0.493427 0.0064801 7 2 7 2
17708 17452 256 2 0.799988 0.77163 0.0283579 7 2 6 2
18167 17867 300 3 0.599953 0.565978 0.0339747 6 3 6 3
18559 18348 211 1 0.699966 0.672467 0.0274989 5 4 5 4
19297 18966 331 5 0.599994 0.560924 0.0390705 6 3 6 3
19394 19099 295 0 0.799934 0.766916 0.0330177 5 4 5 4
20092 19941 151 6 0.499933 0.480141 0.0197915 5 4 5 4
20461 20406 55 8 0.7999 0.792242 0.00765819 7 2 7 2
21017 20806 211 3 0.899926 0.875203 0.0247221 7 2 7 2
21409 21175 234 9 0.599918 0.569737 0.0301808 5 4 5 4
22381 22003 378 2 0.599959 0.554988 0.0449707 6 3 6 3
23180 22862 318 0 0.69992 0.660661 0.0392593 7 2 7 2
23268 23185 83 4 0.299976 0.289845 0.0101311 7 2 7 2
24084 23794 290 8 0.699937 0.66399 0.0359478 6 3 6 3
25149 24862 287 1 0.399944 0.365007 0.034937 7 2 7 2
25469 25324 145 7 0.299924 0.28064 0.0192845 6 3 6 3
25573 25159 414 5 0.499909 0.449538 0.0503718 6 3 6 3
26584 26268 316 0 0.799947 0.762334 0.037613 5 4 5 4
27283 27227 56 6 0.399966 0.391778 0.00818768 5 4 5 4
27488 27317 171 3 0.299977 0.28132 0.0186568 5 4 5 4
28080 27785 295 4 0.799983 0.764092 0.0358914 5 4 5 4
28171 28036 135 8 0.699979 0.685387 0.0145921 7 2 7 2
28852 28646 206 5 0.899943 0.875867 0.0240761 4 5 4 4
29308 29024 284 9 0.299987 0.264801 0.0351859 5 4 5 4
29579 29232 347 2 0.399938 0.357597 0.0423409 3 6 3 6
