953 756 197 2 0.89993 0.876475 0.0234549 9 0 9 0
1855 1505 350 3 0.799953 0.755338 0.0446146 9 0 9 0
2405 2314 91 1 0.699924 0.687305 0.012619 8 1 8 1
2509 2456 53 5 0.699925 0.692194 0.0077301 6 3 6 3
2525 2464 61 4 0.699923 0.691195 0.00872797 4 5 4 5
2545 2492 53 8 0.699973 0.691588 0.00838487 4 5 4 5
2577 2427 150 7 0.699989 0.68171 0.0182794 7 2 7 2
2622 2423 199 9 0.699918 0.674465 0.0254532 8 1 8 1
3319 3121 198 2 0.799844 0.776299 0.023545 8 1 8 1
4722 4609 113 4 0.899904 0.887377 0.0125268 8 1 8 1
4735 4567 168 3 0.799971 0.779116 0.0208549 9 0 9 0
5008 4889 119 6 0.399915 0.386401 0.0135146 7 2 7 2
5060 4750 310 9 0.899943 0.864666 0.0352768 8 1 8 1
5874 5724 150 0 0.299916 0.281445 0.0184717 8 1 8 1
6347 6230 117 1 0.699963 0.684821 0.0151425 8 1 8 1
7179 7126 53 7 0.599995 0.592146 0.00784859 6 3 6 3
7893 7628 265 4 0.699768 0.668813 0.0309548 5 4 5 4
8258 7927 331 8 0.499897 0.458039 0.0418579 7 2 7 2
8337 8012 325 9 0.699905 0.660957 0.0389476 4 5 4 5
9166 8791 375 5 0.399911 0.355233 0.0446773 4 5 4 5
9174 9005 169 3 0.599948 0.578197 0.0217508 5 4 5 4
10171 10006 165 6 0.69995 0.68033 0.0196201 6 3 6 3
10226 10016 210 2 0.299902 0.276012 0.0238904 4 5 4 5
11433 11333 100 7 0.699914 0.685986 0.0139285 5 4 5 4
12234 12163 71 8 0.799905 0.792018 0.00788703 6 3 6 3
12460 12201 259 0 0.599956 0.568588 0.031368 6 3 6 3
13622 13519 103 1 0.299936 0.287206 0.0127302 7 2 7 2
13677 13462 215 4 0.49995 0.471536 0.0284141 8 1 8 1
14102 14002 100 2 0.899951 0.887969 0.0119815 5 4 5 3
14180 13870 310 9 0.499941 0.460617 0.0393244 7 2 7 2
14517 14298 219 5 0.699891 0.673533 0.0263579 5 4 5 4
14621 14368 253 7 0.799895 0.769835 0.0300598 4 5 4 5
15293 15071 222 3 0.499917 0.47325 0.0266672 4 5 4 5
15564 15325 239 2 0.899904 0.869512 0.0303924 5 4 4 3
16696 16505 191 6 0.399958 0.376145 0.0238125 3 6 3 6
16750 16407 343 8 0.599945 0.55578 0.0441646 6 3 6 3
16944 16754 190 0 0.699995 0.674846 0.0251492 5 4 5 4
18388 18107 281 7 0.699998 0.667352 0.0326459 6 3 6 3
18649 18332 317 4 0.699906 0.663957 0.0359491 5 4 5 4
19192 19139 53 0 0.899882 0.893914 0.00596714 6 3 6 3
19293 19108 185 3 0.79997 0.777566 0.022404 6 3 6 3
19954 19684 270 9 0.599995 0.569218 0.0307768 5 4 5 4
20496 20230 266 2 0.499921 0.46841 0.0315108 5 4 5 4
20900 20785 115 5 0.399982 0.38558 0.0144019 6 3 6 3
20943 20606 337 7 0.899953 0.860594 0.039359 8 1 6 1
22326 22194 132 1 0.29994 0.282464 0.0174766 7 2 7 2
22697 22335 362 7 0.899918 0.857199 0.0427186 7 2 6 2
22805 22536 269 6 0.599997 0.564616 0.0353815 5 4 5 4
23205 22932 273 0 0.599978 0.567244 0.0327333 5 4 5 4
23711 23547 164 8 0.399919 0.380603 0.0193161 6 3 6 3
24519 24178 341 4 0.49996 0.457457 0.0425027 5 4 5 4
25260 24946 314 7 0.799959 0.764433 0.0355258 5 4 5 4
25417 25153 264 3 0.399937 0.370906 0.0290311 4 5 4 5
26014 25798 216 0 0.899938 0.875107 0.0248307 6 3 5 2
26871 26604 267 9 0.399947 0.369508 0.0304381 5 4 5 4
27187 26905 282 1 0.799896 0.768758 0.0311384 7 2 7 2
27370 27077 293 6 0.69981 0.662559 0.0372511 7 2 7 2
27761 27704 57 2 0.399906 0.391792 0.00811357 5 4 5 4
28557 28467 90 5 0.399949 0.388491 0.0114575 6 3 6 3
28817 28757 60 8 0.699976 0.692762 0.00721322 7 2 7 2
