850 797 53 7 0.899977 0.892393 0.0075842 3 0 3 0
1542 1483 59 5 0.799932 0.791304 0.00862757 6 0 6 0
2454 2346 108 1 0.699996 0.687927 0.0120691 7 0 7 0
3341 3200 141 8 0.599956 0.583151 0.0168048 7 1 7 1
3378 3156 222 6 0.599973 0.574066 0.0259067 8 0 8 0
3396 3113 283 2 0.599989 0.564493 0.0354958 9 0 9 0
3403 3316 87 4 0.599907 0.588027 0.0118793 8 1 8 1
4276 4136 140 9 0.499974 0.481307 0.018667 7 2 7 2
4954 4634 320 7 0.599961 0.563401 0.0365607 6 2 6 2
6066 5825 241 3 0.299905 0.270911 0.0289934 6 3 6 3
6100 5817 283 0 0.299913 0.265481 0.034432 8 1 8 1
6295 6195 100 1 0.699959 0.686233 0.0137255 7 2 6 2
8212 8080 132 5 0.299949 0.283913 0.0160359 5 4 5 4
8962 8694 268 9 0.699918 0.667122 0.0327953 8 1 7 1
9532 9326 206 2 0.499956 0.475176 0.02478 8 1 8 1
10121 10041 80 1 0.699998 0.689258 0.01074 8 1 8 1
10209 9995 214 8 0.399926 0.371039 0.0288871 7 2 7 2
11014 10924 90 4 0.299961 0.285929 0.0140322 4 5 4 5
11167 10882 285 6 0.299922 0.262122 0.0378 6 2 6 2
12905 12566 339 7 0.299793 0.25601 0.0437836 4 5 4 5
13931 13693 238 5 0.699937 0.67148 0.0284564 8 1 4 1
14194 14129 65 0 0.399939 0.389769 0.0101709 5 4 5 4
14902 14849 53 3 0.299865 0.293534 0.00633138 5 4 4 3
14911 14589 322 9 0.499971 0.462581 0.03739 6 3 5 3
15238 15018 220 2 0.599928 0.574285 0.0256426 8 1 6 1
16431 16378 53 4 0.699915 0.691697 0.00821774 5 4 4 1
16679 16372 307 1 0.399983 0.363436 0.0365467 5 4 5 4
19011 18676 335 8 0.299938 0.261687 0.0382507 8 1 8 1
20366 20070 296 6 0.299933 0.26499 0.0349426 7 2 7 2
20380 19986 394 0 0.599984 0.552543 0.0474413 8 1 8 1
20582 20473 109 9 0.599954 0.586575 0.013379 8 1 8 1
21219 21023 196 5 0.299955 0.276223 0.0237326 8 1 8 1
21306 21077 229 3 0.599928 0.572796 0.0271322 7 2 7 2
22162 21778 384 7 0.299952 0.255321 0.0446316 7 2 7 2
22926 22868 58 2 0.299905 0.293105 0.00679995 4 5 4 5
23599 23449 150 4 0.29996 0.279142 0.0208181 4 5 3 5
25564 25232 332 1 0.299932 0.26098 0.0389513 6 3 6 2
25904 25609 295 9 0.599899 0.565729 0.0341699 6 3 5 3
26137 25827 310 5 0.799962 0.764198 0.0357638 8 1 6 1
26519 26411 108 3 0.599974 0.587661 0.0123131 6 3 6 3
26824 26673 151 6 0.599964 0.582386 0.0175783 5 4 5 4
27150 27061 89 8 0.399907 0.39007 0.00983716 7 2 6 2
27702 27455 247 2 0.799971 0.76901 0.030961 6 3 4 2
28116 28016 100 0 0.299945 0.284465 0.01548 4 5 4 5
28973 28604 369 7 0.599982 0.55251 0.047473 6 3 5 1
