1684 1552 132 4 0.799865 0.783983 0.0158822 9 0 9 0
1790 1513 277 0 0.799954 0.76506 0.0348946 8 0 8 0
2450 2359 91 2 0.699947 0.687836 0.0121108 9 0 9 0
3300 3214 86 8 0.59989 0.589029 0.0108616 9 0 9 0
3396 3252 144 5 0.599993 0.583106 0.0168873 8 1 8 1
3416 3198 218 3 0.599935 0.572107 0.0278287 8 1 8 1
4296 3973 323 9 0.499982 0.46162 0.0383622 8 1 8 1
5749 5665 84 1 0.299939 0.288344 0.0115951 9 0 9 0
5766 5689 77 7 0.299975 0.290953 0.00902234 7 2 7 2
5782 5681 101 6 0.299932 0.288307 0.0116246 8 1 8 1
6742 6689 53 4 0.499896 0.493358 0.00653832 5 4 5 4
6923 6749 174 5 0.799899 0.778474 0.0214247 8 1 6 1
8027 7825 202 2 0.49989 0.475296 0.0245939 6 3 5 3
8706 8651 55 0 0.299955 0.292759 0.0071963 4 5 4 5
10033 9879 154 9 0.599975 0.581155 0.0188206 8 1 5 1
10308 9939 369 8 0.399953 0.354855 0.0450982 6 3 6 3
10508 10226 282 3 0.399973 0.360321 0.0396513 7 2 7 2
10690 10374 316 5 0.699972 0.664144 0.0358282 6 3 6 3
12449 12147 302 4 0.599913 0.563887 0.0360254 6 3 6 3
12799 12648 151 2 0.699948 0.67907 0.0208783 6 3 4 2
12868 12752 116 1 0.499961 0.484455 0.0155058 6 3 6 3
13027 12902 125 6 0.499895 0.484621 0.0152742 7 2 7 1
14364 14238 126 9 0.699923 0.686133 0.0137897 6 3 5 3
14709 14522 187 7 0.299937 0.277752 0.0221849 3 6 3 6
14911 14602 309 8 0.799922 0.76544 0.0344818 8 1 6 0
15582 15436 146 5 0.599966 0.580324 0.0196426 7 2 5 2
17082 16735 347 4 0.69992 0.654076 0.0458445 7 2 6 2
17663 17383 280 2 0.599999 0.565581 0.0344179 9 0 8 0
17692 17361 331 0 0.299913 0.262294 0.0376191 6 3 6 3
18632 18415 217 6 0.599996 0.575912 0.024084 7 2 7 2
18905 18800 105 3 0.299796 0.28492 0.0148757 9 0 9 0
19304 19251 53 8 0.599982 0.592824 0.00715847 6 3 5 3
19379 19054 325 1 0.499937 0.462209 0.037728 6 3 6 3
20665 20612 53 5 0.599919 0.592412 0.0075068 6 3 5 2
20926 20586 340 9 0.399932 0.358388 0.0415445 5 4 5 4
22983 22820 163 2 0.599924 0.580212 0.0197128 8 1 7 1
23802 23558 244 4 0.399954 0.371122 0.028832 8 1 8 1
23869 23519 350 7 0.299993 0.257226 0.0427672 7 2 7 1
25375 25061 314 3 0.599938 0.56237 0.0375686 6 3 6 3
25458 25233 225 8 0.499927 0.473559 0.026369 6 3 6 3
25856 25603 253 5 0.599919 0.570561 0.0293578 7 2 5 2
26287 26138 149 6 0.299951 0.28119 0.018761 5 4 5 4
26320 26067 253 9 0.699951 0.668499 0.0314524 7 2 3 1
26821 26531 290 0 0.299932 0.265634 0.034298 5 4 5 4
27395 27247 148 2 0.699963 0.680459 0.0195037 6 3 5 2
27776 27409 367 1 0.299921 0.256811 0.0431101 4 5 4 5
29768 29706 62 4 0.599901 0.592171 0.00772993 6 3 5 3
