857 769 88 4 0.899903 0.889773 0.0101302 4 0 4 0
1955 1622 333 7 0.79995 0.759304 0.040646 5 1 5 1
2595 2421 174 1 0.699919 0.679793 0.0201251 8 1 8 1
2774 2538 236 0 0.69997 0.672202 0.0277681 7 1 7 1
3373 3232 141 5 0.59984 0.581512 0.0183278 9 0 9 0
4285 4003 282 9 0.499941 0.467474 0.0324668 7 1 7 1
4397 4027 370 6 0.49989 0.455191 0.0446996 8 1 8 1
4876 4626 250 4 0.599832 0.568819 0.0310137 9 0 8 0
4960 4858 102 8 0.399981 0.386225 0.0137561 5 3 5 3
5036 4915 121 2 0.399965 0.385423 0.0145423 7 2 7 2
5060 4951 109 3 0.399971 0.387093 0.0128789 6 3 6 3
7501 7151 350 7 0.499932 0.458095 0.0418377 5 3 4 3
8508 8306 202 0 0.499953 0.474566 0.0253867 7 2 7 2
9062 8954 108 1 0.399871 0.385433 0.0144384 8 1 8 0
9189 8912 277 9 0.69997 0.667997 0.031973 8 1 8 1
9216 9134 82 5 0.499985 0.488438 0.0115475 5 4 5 4
9386 9209 177 2 0.799909 0.777435 0.0224744 8 1 7 1
10172 9868 304 8 0.699936 0.663343 0.036592 5 3 5 1
10990 10836 154 6 0.49992 0.480601 0.0193196 6 3 6 3
11780 11594 186 4 0.399925 0.376938 0.0229862 6 3 6 3
12774 12390 384 0 0.799938 0.755363 0.0445758 8 1 6 1
12812 12530 282 3 0.399908 0.366523 0.0333847 7 2 7 2
13214 12936 278 5 0.799901 0.763363 0.0365382 7 2 6 1
13957 13801 156 7 0.499975 0.479586 0.0203884 4 5 4 4
14820 14742 78 9 0.499927 0.491421 0.00850538 6 3 5 3
15384 15192 192 4 0.899986 0.877784 0.0222023 8 1 3 0
15507 15249 258 2 0.399892 0.364062 0.0358299 7 2 7 2
15865 15708 157 1 0.499956 0.481685 0.0182712 5 4 5 4
16727 16466 261 8 0.399964 0.368685 0.0312794 4 5 4 5
17399 17259 140 6 0.49989 0.482406 0.0174834 8 1 8 1
17446 17088 358 0 0.599961 0.555981 0.0439803 8 1 8 1
18125 17911 214 3 0.699923 0.674298 0.0256247 5 4 4 3
19372 19209 163 5 0.399936 0.379054 0.0208824 5 4 5 4
21049 20899 150 4 0.399892 0.381105 0.0187868 7 2 7 2
21499 21324 175 1 0.599953 0.578231 0.0217219 7 2 7 2
21987 21851 136 9 0.399916 0.383231 0.016685 8 1 8 1
22047 21961 86 3 0.699914 0.690053 0.00986068 7 2 5 2
22084 21779 305 0 0.699927 0.661652 0.0382744 6 3 5 3
22101 21755 346 7 0.299892 0.258964 0.0409279 9 0 9 0
22451 22299 152 2 0.499956 0.480406 0.0195504 8 1 8 1
23837 23708 129 6 0.499963 0.486165 0.0137974 4 5 3 5
25460 25246 214 8 0.299897 0.273763 0.0261343 2 7 2 7
27058 26771 287 7 0.799915 0.766315 0.0336003 9 0 5 0
27068 26967 101 5 0.399925 0.388745 0.0111806 7 2 7 2
27070 26836 234 4 0.599918 0.570689 0.029229 7 2 6 2
28688 28288 400 1 0.399875 0.35055 0.0493245 7 2 6 1
28794 28494 300 0 0.399963 0.364802 0.0351605 8 1 7 1
28829 28686 143 9 0.499901 0.480785 0.0191161 6 3 5 3
29006 28728 278 2 0.499984 0.465647 0.0343371 6 3 6 3
29402 29167 235 3 0.299998 0.27401 0.0259878 7 2 6 2
