1640 1554 86 7 0.79998 0.788094 0.0118854 7 1 6 0
1762 1623 139 1 0.799906 0.781254 0.0186523 8 0 8 0
1779 1576 203 5 0.799911 0.774395 0.0255161 9 0 9 0
2512 2265 247 0 0.699909 0.667167 0.0327413 8 0 8 0
2688 2476 212 3 0.699949 0.672002 0.027947 8 0 8 0
3237 3010 227 9 0.599954 0.57238 0.0275746 6 3 6 3
4026 3946 80 4 0.499806 0.487065 0.0127416 7 1 7 1
4411 4086 325 2 0.49996 0.461429 0.0385313 7 1 7 1
5186 4882 304 8 0.399941 0.36352 0.0364211 7 1 7 1
5298 4916 382 6 0.399797 0.353519 0.0462782 6 3 6 3
5797 5657 140 7 0.59993 0.582501 0.017429 5 4 5 4
6949 6856 93 1 0.499932 0.489711 0.0102211 6 3 6 3
7369 7258 111 0 0.599961 0.586105 0.0138565 4 4 4 4
7587 7374 213 3 0.599926 0.576045 0.023881 6 3 5 3
8786 8504 282 5 0.299989 0.268708 0.0312815 7 2 7 2
9214 9154 60 2 0.699928 0.692145 0.00778252 8 1 5 0
10400 10301 99 4 0.499933 0.486905 0.0130278 8 1 8 1
10884 10644 240 1 0.79996 0.771673 0.0282869 8 1 5 0
11052 10785 267 9 0.299977 0.269653 0.0303235 7 2 7 2
11822 11625 197 7 0.499832 0.477747 0.0220852 4 5 4 5
11886 11830 56 3 0.699898 0.692162 0.00773601 6 3 6 2
12233 12003 230 8 0.499907 0.470398 0.029509 6 3 6 3
13218 12982 236 6 0.399937 0.369892 0.0300443 5 4 5 4
13252 12974 278 2 0.699935 0.661006 0.0389288 7 2 5 2
14039 13906 133 0 0.399916 0.384346 0.0155707 6 3 6 3
16264 16057 207 1 0.499958 0.47433 0.0256283 8 1 8 1
16869 16524 345 3 0.599871 0.560032 0.0398391 8 1 7 1
17742 17448 294 4 0.399987 0.364649 0.0353386 9 0 9 0
17850 17552 298 5 0.299891 0.264357 0.0355348 8 1 8 1
17855 17768 87 8 0.599785 0.58496 0.0148247 7 2 7 2
18016 17963 53 7 0.499842 0.492554 0.0072875 6 3 6 3
18437 18073 364 9 0.499891 0.453642 0.0462488 8 1 8 1
18971 18854 117 2 0.499977 0.485746 0.0142307 7 2 6 2
19423 19026 397 0 0.699975 0.652774 0.0472003 5 4 5 4
21818 21707 111 1 0.599996 0.586216 0.0137795 9 0 7 0
21851 21483 368 6 0.299901 0.256325 0.043576 8 1 8 1
22017 21694 323 5 0.899925 0.862757 0.0371679 9 0 3 0
22886 22734 152 2 0.799963 0.782203 0.0177597 8 1 6 1
22987 22889 98 3 0.49992 0.486509 0.0134108 6 3 6 3
23846 23629 217 8 0.49991 0.47431 0.0256008 6 3 5 3
24335 24138 197 7 0.499969 0.476981 0.0229874 8 1 8 1
25122 24845 277 9 0.49998 0.467058 0.0329226 4 5 4 5
26558 26216 342 4 0.299953 0.25963 0.0403228 7 2 7 2
26794 26557 237 6 0.799923 0.773335 0.0265879 6 3 4 2
26917 26606 311 0 0.299986 0.262929 0.0370567 5 4 5 4
27987 27688 299 1 0.499967 0.464799 0.0351676 6 3 4 3
28771 28445 326 5 0.299982 0.261691 0.0382917 7 2 6 2
29467 29224 243 3 0.49999 0.469006 0.0309837 5 4 5 4
29732 29460 272 2 0.299922 0.263648 0.036274 8 1 8 1
29801 29711 90 7 0.599978 0.587941 0.0120366 4 5 3 5
