1682 1577 105 6 0.799941 0.788242 0.0116993 8 0 8 0
2671 2367 304 9 0.699946 0.663044 0.0369018 8 0 8 0
3302 3181 121 4 0.599869 0.586283 0.0135855 7 1 7 1
3533 3230 303 0 0.599963 0.562588 0.0373748 9 0 9 0
3542 3380 162 6 0.899959 0.879783 0.0201762 8 0 2 0
3575 3275 300 3 0.599971 0.564953 0.0350183 9 0 9 0
5130 4898 232 7 0.399996 0.373036 0.0269599 7 2 7 2
5147 4772 375 8 0.399901 0.352549 0.047352 7 1 7 1
5742 5686 56 5 0.299947 0.293796 0.00615111 9 0 9 0
5810 5664 146 2 0.299993 0.28208 0.0179132 6 3 6 3
5913 5640 273 1 0.299959 0.268715 0.0312447 6 3 6 3
7706 7385 321 6 0.599914 0.563437 0.0364772 5 4 5 4
8628 8340 288 4 0.599976 0.56539 0.0345862 7 2 4 2
9267 9113 154 9 0.399895 0.380888 0.0190078 8 1 6 1
9708 9537 171 0 0.499927 0.479031 0.0208958 5 4 3 4
10668 10415 253 2 0.799908 0.76936 0.0305481 8 1 5 0
11343 11216 127 3 0.299992 0.285919 0.0140725 7 2 7 2
13248 13195 53 1 0.499981 0.494047 0.00593398 5 4 5 2
13791 13608 183 8 0.299984 0.277388 0.0225962 8 1 8 1
13819 13473 346 7 0.299994 0.256714 0.0432795 8 1 8 1
13960 13692 268 5 0.399905 0.366952 0.032953 6 3 6 3
14590 14353 237 6 0.39992 0.37227 0.0276504 8 1 8 1
15896 15734 162 2 0.499932 0.477871 0.0220606 4 5 4 5
16217 16067 150 4 0.299893 0.281449 0.018444 8 1 7 1
17655 17559 96 3 0.599905 0.588552 0.0113524 6 3 6 3
17722 17636 86 9 0.299985 0.287297 0.0126873 7 2 7 2
17863 17661 202 0 0.299893 0.272535 0.027358 6 3 6 3
17972 17815 157 1 0.69982 0.681222 0.0185981 9 0 7 0
19718 19384 334 7 0.699968 0.661684 0.0382837 6 3 5 3
20011 19877 134 5 0.599986 0.585005 0.0149804 6 3 5 3
20965 20813 152 8 0.499904 0.479399 0.0205043 5 4 5 4
22566 22172 394 2 0.499912 0.452009 0.0479028 9 0 9 0
23123 22849 274 6 0.299895 0.267275 0.0326203 6 3 6 3
23861 23523 338 3 0.499861 0.45985 0.0400109 6 3 6 3
24071 23956 115 4 0.399891 0.385523 0.0143675 8 1 8 1
24604 24254 350 1 0.399981 0.358358 0.0416223 9 0 9 0
26602 26368 234 9 0.299982 0.269899 0.0300836 9 0 8 0
26699 26468 231 8 0.599926 0.572307 0.0276192 7 2 6 2
26734 26643 91 0 0.299958 0.286668 0.0132898 6 3 6 3
26893 26729 164 5 0.399976 0.381012 0.0189644 6 3 6 3
27278 26929 349 7 0.299925 0.25844 0.0414851 5 4 5 4
29272 29018 254 2 0.499918 0.470555 0.0293634 6 3 6 3
