929 750 179 7 0.899805 0.879118 0.0206867 7 0 7 0
1594 1514 80 1 0.799943 0.788877 0.0110656 6 0 6 0
1685 1615 70 0 0.799922 0.789777 0.010145 7 0 7 0
1722 1655 67 5 0.799922 0.792332 0.00759013 7 0 7 0
2025 1660 365 4 0.799989 0.752337 0.047652 4 0 4 0
2765 2513 252 8 0.699891 0.66898 0.030911 7 1 7 1
3556 3226 330 9 0.599934 0.556582 0.0433518 7 1 7 1
3650 3324 326 6 0.59996 0.559841 0.0401194 7 2 7 2
4266 4207 59 0 0.799921 0.790209 0.00971129 8 1 6 1
4399 4073 326 1 0.799896 0.761017 0.0388792 5 2 4 2
5129 4866 263 2 0.399904 0.367203 0.0327019 7 2 7 2
5303 5070 233 5 0.699959 0.673182 0.026777 8 1 7 1
5499 5443 56 7 0.499797 0.491561 0.00823538 5 4 5 4
5837 5718 119 3 0.299958 0.283571 0.0163865 6 3 6 3
5854 5563 291 4 0.699869 0.663932 0.0359372 5 3 5 3
8040 7687 353 0 0.699978 0.657869 0.0421093 8 1 5 1
8837 8737 100 6 0.59999 0.587473 0.0125168 8 1 6 1
8973 8849 124 4 0.79993 0.7861 0.0138304 8 1 6 0
9440 9118 322 8 0.399994 0.360541 0.0394532 7 2 7 2
9475 9118 357 5 0.699952 0.655588 0.0443641 8 1 7 1
10428 10339 89 9 0.399893 0.388366 0.0115264 6 3 6 3
10771 10439 332 1 0.399932 0.359994 0.0399378 5 4 5 4
11417 11099 318 2 0.599913 0.561427 0.0384862 7 2 6 2
11926 11754 172 7 0.499923 0.479872 0.0200507 7 2 7 2
13040 12746 294 0 0.599837 0.564054 0.0357831 6 3 5 3
14912 14676 236 4 0.399897 0.370542 0.0293553 9 0 9 0
14940 14606 334 3 0.299944 0.259737 0.0402068 6 3 6 2
15198 15098 100 5 0.499889 0.488352 0.0115367 6 3 6 3
16239 16184 55 8 0.499828 0.491916 0.00791202 8 1 8 1
16495 16214 281 6 0.299954 0.267207 0.0327464 8 1 8 1
17659 17316 343 7 0.599966 0.560366 0.0396004 6 3 4 2
18234 18173 61 2 0.399973 0.39165 0.00832216 7 2 7 2
19086 18795 291 9 0.299926 0.262857 0.0370687 3 6 3 6
19186 19042 144 0 0.499983 0.482942 0.0170406 8 1 8 1
19656 19304 352 1 0.29994 0.257849 0.0420907 5 4 5 4
21592 21471 121 5 0.499941 0.485917 0.014024 6 3 6 3
23104 22911 193 3 0.399906 0.377624 0.0222817 7 2 7 1
23496 23183 313 4 0.299944 0.262825 0.0371193 7 2 7 2
23803 23630 173 6 0.499934 0.478801 0.0211339 5 4 5 4
23917 23617 300 7 0.499895 0.465204 0.0346907 8 1 8 1
24422 24177 245 8 0.299986 0.271929 0.0280568 5 4 5 4
24639 24533 106 5 0.899914 0.885294 0.0146201 8 1 4 0
25237 24866 371 2 0.499953 0.45623 0.0437235 3 6 3 6
25720 25465 255 0 0.499998 0.471344 0.0286547 7 2 7 2
26298 26244 54 9 0.499836 0.491519 0.00831652 5 4 5 3
26810 26757 53 1 0.499939 0.492921 0.00701801 7 2 6 1
28508 28455 53 5 0.599923 0.593503 0.00641933 8 1 7 1
29829 29774 55 3 0.499945 0.492856 0.00708904 6 3 5 3
