1779 1668 111 4 0.799955 0.786004 0.0139513 5 1 5 0
1807 1532 275 2 0.799942 0.765576 0.0343662 5 0 5 0
2797 2416 381 9 0.699923 0.653887 0.0460368 6 1 6 1
3425 3297 128 3 0.599971 0.583087 0.0168845 6 0 6 0
3431 3249 182 1 0.59984 0.57836 0.0214795 9 0 9 0
3462 3249 213 8 0.599901 0.573509 0.0263919 6 2 6 2
3671 3586 85 2 0.899963 0.888242 0.0117214 8 0 6 0
4174 4104 70 6 0.499977 0.491882 0.00809516 6 3 6 3
4986 4712 274 5 0.399966 0.366364 0.0336014 5 4 5 4
6026 5712 314 0 0.299978 0.262536 0.0374421 7 2 7 2
6034 5755 279 7 0.299961 0.264086 0.0358745 8 1 8 1
6107 6005 102 4 0.59996 0.587603 0.0123571 7 2 6 2
7796 7682 114 3 0.699973 0.686143 0.0138307 7 2 6 2
8379 8317 62 2 0.499899 0.493088 0.00681111 6 3 6 3
8839 8536 303 8 0.599903 0.563572 0.0363307 7 2 7 2
10184 9993 191 9 0.299966 0.276787 0.0231789 6 3 6 3
10489 10095 394 5 0.699996 0.654359 0.0456375 6 3 6 2
10509 10220 289 4 0.699921 0.666618 0.0333029 7 2 6 2
10996 10902 94 1 0.299864 0.286877 0.012987 6 3 6 3
11029 10741 288 3 0.799845 0.765062 0.0347831 8 1 7 1
11404 11192 212 6 0.399945 0.374211 0.0257339 8 1 8 1
12459 12382 77 7 0.599982 0.590094 0.00988815 7 2 6 2
13055 12941 114 2 0.699939 0.686463 0.013476 6 3 4 2
14105 14035 70 0 0.399972 0.39191 0.00806229 6 3 6 3
14755 14441 314 5 0.699998 0.660979 0.0390183 7 2 5 1
15337 15184 153 4 0.599932 0.580623 0.0193088 7 2 5 1
15497 15376 121 3 0.599918 0.582842 0.0170764 9 0 6 0
15891 15650 241 8 0.399958 0.370514 0.0294434 7 2 7 2
17408 17236 172 9 0.499956 0.478685 0.0212711 7 2 6 2
18913 18808 105 3 0.799974 0.78696 0.0130134 9 0 8 0
18966 18912 54 1 0.399949 0.392023 0.007926 7 2 7 2
19983 19739 244 6 0.299911 0.27151 0.0284011 7 2 7 2
20085 19803 282 7 0.299902 0.264396 0.0355063 7 2 7 2
20466 20278 188 5 0.499804 0.4758 0.0240044 9 0 8 0
20469 20143 326 2 0.299936 0.263567 0.0363689 9 0 9 0
21163 20952 211 8 0.699965 0.674448 0.0255175 6 3 5 2
21926 21580 346 0 0.399912 0.360596 0.039316 7 2 7 2
23013 22838 175 4 0.299989 0.27841 0.0215784 5 4 4 4
24076 23787 289 9 0.499931 0.464335 0.0355963 5 4 5 4
24800 24662 138 6 0.799922 0.78257 0.0173522 9 0 4 0
25695 25635 60 3 0.299969 0.291771 0.00819794 4 5 4 5
25874 25634 240 1 0.499855 0.471671 0.0281839 8 1 7 0
26944 26586 358 8 0.499909 0.455975 0.0439343 6 3 6 3
27054 26831 223 2 0.599955 0.572004 0.0279502 6 3 6 3
28286 27989 297 7 0.399906 0.363302 0.0366039 5 4 5 4
28415 28337 78 5 0.299946 0.288659 0.0112864 4 5 3 5
29038 28791 247 9 0.699932 0.671793 0.0281383 5 4 2 2
29341 29102 239 6 0.599934 0.571925 0.0280093 8 1 7 1
29348 29292 56 4 0.599897 0.591389 0.00850808 4 5 4 5
