796 719 77 3 0.899981 0.890416 0.00956469 5 0 5 0
853 773 80 2 0.899988 0.888844 0.0111431 6 0 6 0
1924 1633 291 0 0.799982 0.765166 0.034816 8 0 8 0
2617 2451 166 9 0.699986 0.679447 0.0205395 9 0 9 0
3385 3246 139 1 0.599875 0.581799 0.0180761 8 0 8 0
3911 3680 231 2 0.699938 0.672603 0.0273358 8 0 6 0
4203 4115 88 7 0.499984 0.487679 0.0123055 7 2 7 2
4263 4065 198 5 0.499948 0.476246 0.023702 8 1 8 1
4284 4041 243 4 0.499901 0.471997 0.027904 9 0 9 0
4355 4141 214 8 0.499899 0.474971 0.0249288 9 0 9 0
5805 5752 53 6 0.299908 0.291721 0.00818664 4 5 4 5
5840 5433 407 0 0.699981 0.651035 0.0489461 7 2 6 2
6661 6424 237 9 0.699943 0.668964 0.030979 6 3 5 3
7358 7008 350 3 0.299922 0.259059 0.0408634 6 3 6 3
8720 8495 225 2 0.59991 0.572016 0.0278936 7 2 7 2
8771 8425 346 1 0.599919 0.55652 0.0433987 7 1 7 1
10730 10665 65 8 0.499914 0.490506 0.00940764 6 3 6 3
10775 10515 260 5 0.49993 0.468658 0.0312718 9 0 8 0
11357 11262 95 0 0.499979 0.487694 0.012285 6 3 5 3
11454 11122 332 6 0.699933 0.661953 0.0379795 6 3 5 2
11525 11401 124 4 0.399954 0.382918 0.0170365 7 2 7 2
11560 11292 268 7 0.399996 0.366972 0.0330236 5 4 5 4
12339 12169 170 9 0.499903 0.478608 0.0212952 6 3 6 3
15153 15037 116 0 0.799951 0.785551 0.0144007 8 1 8 1
15182 14881 301 1 0.499912 0.464241 0.0356711 7 2 7 2
15395 15342 53 6 0.699992 0.692469 0.00752268 8 1 8 1
15552 15448 104 5 0.699945 0.685371 0.0145738 9 0 8 0
16287 16147 140 3 0.299901 0.281551 0.01835 5 4 5 4
16342 16207 135 2 0.299897 0.284559 0.0153374 9 0 9 0
17365 17296 69 4 0.599808 0.590934 0.00887366 8 1 8 1
17814 17663 151 0 0.799976 0.782439 0.017537 8 1 5 0
17907 17701 206 9 0.599991 0.574032 0.0259593 5 4 5 4
18471 18346 125 7 0.499908 0.482742 0.0171662 6 3 6 3
18656 18603 53 8 0.299852 0.291858 0.00799424 5 4 5 4
21064 20928 136 2 0.799982 0.782302 0.0176793 8 1 4 1
21866 21731 135 3 0.699974 0.681931 0.0180425 8 1 6 1
22459 22404 55 1 0.399895 0.392203 0.00769204 6 3 6 3
22693 22366 327 4 0.599928 0.561151 0.0387773 9 0 9 0
22738 22411 327 6 0.299934 0.260135 0.0397993 6 3 6 3
22746 22686 60 5 0.299897 0.290938 0.00895912 8 1 8 1
23028 22860 168 0 0.499914 0.480459 0.019455 6 3 5 2
23193 22950 243 9 0.599968 0.570254 0.029714 5 4 5 4
25992 25613 379 7 0.399798 0.352007 0.0477915 6 3 6 3
26664 26611 53 9 0.799885 0.793241 0.00664464 8 1 7 0
27458 27405 53 1 0.69989 0.691273 0.00861704 7 2 6 1
27552 27217 335 8 0.299915 0.261212 0.0387021 7 2 7 2
27826 27704 122 2 0.299933 0.283804 0.0161296 8 1 8 1
28177 27851 326 4 0.599958 0.560077 0.0398814 7 2 6 2
29195 28950 245 3 0.299813 0.2689 0.0309132 5 4 5 4
29345 29124 221 6 0.599979 0.573712 0.0262673 7 2 7 2
29513 29353 160 0 0.499928 0.481259 0.0186684 5 4 5 4
