1074 774 300 5 0.899892 0.864355 0.0355375 5 0 5 0
1791 1576 215 3 0.799928 0.774979 0.0249497 6 0 6 0
2011 1667 344 9 0.799827 0.761036 0.0387906 6 1 6 0
2644 2400 244 6 0.699815 0.670299 0.0295169 7 1 7 1
3480 3174 306 8 0.599899 0.565588 0.0343104 7 2 7 2
3533 3326 207 5 0.799983 0.775801 0.024182 8 1 5 1
4203 3983 220 7 0.499897 0.474388 0.025509 7 1 7 1
4901 4830 71 2 0.399971 0.39217 0.00780111 8 1 8 1
5772 5671 101 0 0.299977 0.286702 0.0132745 7 2 7 2
5792 5738 54 4 0.299921 0.291769 0.00815124 6 3 6 3
6005 5785 220 1 0.299997 0.272826 0.0271709 8 1 8 1
6542 6358 184 9 0.599904 0.578187 0.0217168 7 2 7 1
7835 7647 188 3 0.399959 0.373887 0.0260717 8 1 7 1
9556 9335 221 8 0.499936 0.474373 0.0255627 7 2 7 1
9752 9408 344 5 0.399762 0.358617 0.0411451 5 4 5 4
10033 9782 251 6 0.299924 0.270914 0.0290101 6 3 6 3
10629 10576 53 7 0.499835 0.492118 0.00771687 8 1 8 1
12586 12364 222 2 0.399979 0.373356 0.0266226 6 3 5 3
13482 13168 314 1 0.499925 0.461995 0.03793 8 1 7 1
13707 13626 81 0 0.399953 0.388511 0.0114419 8 1 7 1
13781 13661 120 4 0.399906 0.386715 0.0131911 6 3 6 3
14311 14188 123 8 0.699965 0.684286 0.0156781 7 2 6 2
14380 14101 279 9 0.299985 0.265323 0.0346618 7 2 7 2
16326 16270 56 3 0.299876 0.292363 0.00751354 4 5 4 5
16559 16428 131 6 0.599932 0.583016 0.0169157 5 4 3 4
16577 16477 100 5 0.49994 0.48633 0.0136101 6 3 5 3
17024 16874 150 7 0.499999 0.47976 0.0202393 8 1 7 1
18577 18462 115 2 0.599904 0.584263 0.0156413 6 3 5 2
19287 19050 237 6 0.89999 0.868946 0.0310443 8 1 4 0
19341 19054 287 1 0.599959 0.56422 0.0357392 6 3 5 3
19570 19462 108 0 0.599999 0.586508 0.0134918 7 2 7 2
20013 19901 112 9 0.699914 0.685546 0.0143681 6 3 4 3
20814 20550 264 8 0.399997 0.368709 0.0312878 6 3 6 3
21647 21319 328 4 0.399918 0.3631 0.0368185 6 3 6 3
23253 23191 62 6 0.599972 0.592607 0.00736492 7 2 7 2
23637 23581 56 1 0.699982 0.692507 0.00747498 8 1 7 1
24054 23763 291 0 0.699905 0.663458 0.0364467 7 2 7 2
24237 24163 74 3 0.3999 0.39113 0.00876983 7 2 7 2
24528 24226 302 7 0.399903 0.361247 0.0386567 6 3 6 3
24667 24404 263 5 0.299937 0.269901 0.0300353 8 1 8 1
24926 24673 253 9 0.599961 0.568953 0.0310077 5 4 3 3
26267 26148 119 2 0.299922 0.285575 0.0143468 5 4 5 4
28216 28064 152 1 0.599963 0.578426 0.0215363 9 0 8 0
28703 28444 259 4 0.499891 0.470337 0.0295533 8 1 8 1
28760 28432 328 8 0.39999 0.362203 0.0377878 7 2 7 2
29652 29305 347 5 0.799954 0.759038 0.040916 9 0 5 0
