824 744 80 8 0.899973 0.889012 0.0109615 7 0 7 0
2429 2376 53 1 0.699822 0.693046 0.00677607 8 0 8 0
2515 2365 150 5 0.699912 0.680963 0.018949 8 0 8 0
3406 3276 130 9 0.599928 0.583767 0.0161602 7 1 7 1
3529 3258 271 0 0.599994 0.567517 0.0324768 7 1 7 1
4205 3963 242 6 0.499962 0.470613 0.0293487 7 2 7 2
4989 4899 90 7 0.399989 0.389272 0.0107172 7 2 7 2
5179 4876 303 3 0.399912 0.364738 0.0351739 6 2 6 2
5807 5632 175 4 0.299946 0.279141 0.0208048 7 2 7 2
6012 5740 272 2 0.299914 0.269169 0.0307453 7 1 7 1
6319 6266 53 8 0.399921 0.394235 0.00568598 6 3 5 3
6321 6138 183 5 0.699937 0.678847 0.0210901 8 1 3 1
8985 8652 333 0 0.599961 0.560464 0.0394964 7 2 6 2
9096 8890 206 6 0.699947 0.674508 0.0254392 8 1 5 1
9647 9560 87 1 0.299848 0.287721 0.0121271 3 6 3 6
10040 9985 55 7 0.699994 0.693695 0.00629913 8 1 6 0
10323 10142 181 9 0.399961 0.376876 0.023085 7 2 7 2
10634 10453 181 4 0.79992 0.777568 0.0223512 8 1 5 1
11309 11050 259 3 0.599963 0.568453 0.0315098 6 3 6 3
12381 12111 270 8 0.599903 0.568326 0.0315776 8 1 7 1
13432 13374 58 5 0.299912 0.291931 0.00798173 6 3 6 3
14096 13843 253 2 0.399962 0.371519 0.028443 6 3 6 3
14739 14534 205 6 0.499923 0.474649 0.0252742 9 0 9 0
15178 14876 302 4 0.599913 0.564931 0.0349828 9 0 9 0
15188 14941 247 0 0.499898 0.469799 0.0300994 7 2 7 2
15422 15267 155 7 0.499998 0.481344 0.0186547 8 1 8 1
16164 15826 338 8 0.799944 0.76068 0.0392634 9 0 7 0
16983 16645 338 1 0.49989 0.457156 0.0427345 4 5 3 5
17332 17215 117 3 0.499941 0.48563 0.0143104 7 2 6 2
17828 17773 55 9 0.399982 0.392797 0.00718476 6 3 6 3
17919 17786 133 4 0.899955 0.882986 0.0169693 9 0 2 0
18850 18716 134 5 0.699997 0.685426 0.0145707 6 3 6 2
20459 20230 229 6 0.599896 0.57281 0.0270857 8 1 8 1
21234 20887 347 1 0.799906 0.758256 0.0416502 8 1 8 0
21346 21292 54 8 0.499999 0.492313 0.00768517 6 3 5 3
21738 21677 61 2 0.399921 0.391275 0.0086463 7 2 7 2
21823 21499 324 0 0.499965 0.461227 0.0387386 7 2 7 2
22627 22541 86 4 0.499961 0.488575 0.0113861 5 4 5 4
22709 22418 291 7 0.399971 0.367512 0.0324586 6 3 6 3
23511 23455 56 5 0.599928 0.592725 0.00720333 6 3 4 3
24562 24407 155 3 0.399964 0.376034 0.0239299 7 2 7 2
25999 25532 467 6 0.599923 0.542752 0.0571715 7 2 6 2
26482 26136 346 9 0.299954 0.258066 0.0418876 4 5 4 5
26611 26297 314 1 0.499987 0.462634 0.037353 9 0 9 0
26776 26723 53 8 0.59989 0.589628 0.010261 5 4 5 4
27287 26957 330 7 0.799991 0.759916 0.0400751 7 2 7 2
28306 28042 264 4 0.599892 0.568033 0.0318593 6 3 6 3
28534 28308 226 2 0.499939 0.474464 0.0254748 5 4 5 4
29177 29022 155 0 0.399987 0.381785 0.0182026 7 2 7 2
29377 29139 238 7 0.89998 0.86971 0.0302697 8 1 2 0
