828 701 127 2 0.89984 0.882056 0.0177845 12 0 12 0
1446 1385 61 23 0.799929 0.793007 0.0069218 22 1 22 1
1455 1399 56 31 0.799961 0.791754 0.00820745 18 0 18 0
1461 1352 109 14 0.799987 0.785632 0.0143542 22 0 22 0
1561 1452 109 17 0.799986 0.785938 0.0140479 18 2 18 2
1565 1304 261 19 0.799932 0.769203 0.0307291 15 2 15 4
1630 1444 186 24 0.799828 0.776713 0.0231155 17 2 18 1
2171 2072 99 12 0.699954 0.685681 0.0142735 25 1 25 1
2220 1932 288 30 0.699832 0.664799 0.0350332 23 2 24 1
2266 2174 92 9 0.699912 0.68627 0.0136418 22 6 22 4
2286 2082 204 28 0.699971 0.673677 0.026294 26 5 25 4
2294 2202 92 1 0.699992 0.68727 0.0127226 20 3 20 3
2326 2146 180 13 0.699827 0.672786 0.0270414 23 4 23 3
2327 2033 294 21 0.699984 0.664681 0.0353032 17 1 17 1
2332 2069 263 32 0.699947 0.662882 0.0370652 24 1 23 0
2390 2240 150 20 0.699984 0.680937 0.0190464 24 2 25 2
2538 2121 417 27 0.69992 0.645583 0.0543363 17 2 16 1
3081 2961 120 8 0.599963 0.584891 0.0150718 25 2 25 2
3134 2951 183 26 0.599929 0.575642 0.0242867 24 4 24 4
3196 3011 185 4 0.599993 0.575397 0.0245961 22 7 22 7
3690 2919 771 22 0.599989 0.454793 0.145196 22 8 22 8
3817 3593 224 6 0.499974 0.472102 0.0278718 22 8 22 8
4069 3594 475 10 0.499924 0.43384 0.0660833 24 1 24 1
4490 4409 81 5 0.399841 0.387954 0.0118869 22 12 22 12
4694 4328 366 29 0.399908 0.351166 0.0487415 27 5 27 5
4715 4411 304 20 0.899979 0.860853 0.0391264 28 1 12 0
4753 4468 285 0 0.399972 0.362015 0.0379565 21 11 21 11
4791 4498 293 7 0.399939 0.356362 0.0435768 27 5 27 5
4869 4420 449 11 0.399903 0.337409 0.0624936 26 6 26 6
4893 4412 481 33 0.399956 0.334942 0.0650141 26 7 26 7
4934 4562 372 34 0.399922 0.342339 0.0575833 29 3 29 3
5186 5019 167 15 0.299915 0.27954 0.0203751 23 9 23 9
5311 5197 114 3 0.299846 0.284199 0.0156472 26 8 26 8
5529 5197 332 25 0.299939 0.25811 0.0418287 28 3 28 3
5562 5423 139 23 0.599933 0.580249 0.0196841 26 3 21 3
5714 5118 596 16 0.299897 0.219058 0.0808392 28 4 28 4
6063 5833 230 2 0.399967 0.372702 0.0272656 23 8 21 8
6126 5169 957 18 0.299941 0.168571 0.13137 24 9 24 9
6616 6471 145 12 0.599956 0.581563 0.0183932 18 15 16 15
6730 6677 53 8 0.699866 0.693406 0.00645978 20 10 10 9
6759 5398 1361 17 0.59999 0.420269 0.179721 23 6 15 6
6797 5184 1613 14 0.599928 0.345466 0.254462 22 8 21 8
7642 6322 1320 31 0.499895 0.291919 0.207976 21 9 17 9
7666 7251 415 4 0.699929 0.646616 0.0533125 24 10 15 9
7724 7133 591 24 0.399915 0.30584 0.0940751 24 10 21 9
8415 8207 208 9 0.399923 0.375874 0.024049 24 8 21 8
8664 8324 340 28 0.399937 0.353194 0.0467422 23 11 18 11
8703 7460 1243 1 0.499946 0.334414 0.165532 21 13 18 13
8752 8274 478 22 0.699952 0.6359 0.0640525 19 14 14 11
8775 7441 1334 30 0.499883 0.255636 0.244247 26 5 19 4
9108 9044 64 32 0.299921 0.29118 0.00874137 23 11 21 11
9167 8979 188 0 0.799952 0.773309 0.0266432 23 10 12 5
9206 8902 304 13 0.299989 0.255694 0.0442947 25 11 20 10
9367 8022 1345 19 0.299943 0.0662987 0.233644 23 8 21 7
9586 8970 616 21 0.299972 0.207564 0.0924077 22 11 21 11
9891 9704 187 29 0.699915 0.673741 0.026174 19 14 16 13
9977 8972 1005 26 0.499933 0.343079 0.156854 21 9 11 7
10169 10072 97 10 0.499887 0.486382 0.0135044 18 16 17 16
10334 7846 2488 27 0.499916 0.0810908 0.418825 22 9 17 9
10522 10469 53 34 0.599781 0.590079 0.0097023 23 9 7 6
10732 10072 660 5 0.599943 0.516992 0.0829514 21 13 15 11
10852 10799 53 16 0.699846 0.693025 0.00682097 23 10 14 9
10988 10724 264 20 0.299831 0.268092 0.0317389 19 15 18 15
11425 10589 836 3 0.699943 0.562939 0.137004 25 9 16 5
11635 10705 930 6 0.399935 0.217576 0.182359 25 8 22 7
11783 11697 86 25 0.599905 0.587098 0.0128069 20 14 15 12
11809 11484 325 4 0.699967 0.655389 0.0445782 30 4 15 2
11944 11750 194 2 0.599928 0.573959 0.0259685 28 6 21 4
12123 11837 286 14 0.699932 0.663863 0.0360686 23 9 18 7
12565 11965 600 7 0.399931 0.299729 0.100202 25 9 19 7
12875 11774 1101 8 0.499983 0.301788 0.198195 20 14 19 13
12888 12002 886 23 0.399951 0.234663 0.165288 26 8 20 7
13063 12859 204 24 0.699947 0.671271 0.0286762 26 8 18 6
13149 12907 242 11 0.299928 0.265119 0.0348093 22 12 21 12
13316 12942 374 17 0.499865 0.44635 0.053515 22 12 21 11
13468 13035 433 33 0.3 0.240872 0.059128 25 9 24 9
13593 13540 53 15 0.299976 0.293874 0.00610228 23 11 21 11
13795 13333 462 0 0.599931 0.538002 0.0619285 23 11 17 8
13915 13798 117 12 0.299938 0.283489 0.0164491 23 11 23 9
13941 13618 323 31 0.599935 0.554516 0.0454187 21 13 17 11
14034 13328 706 9 0.699974 0.59373 0.106244 26 7 20 4
14837 14305 532 28 0.599894 0.529806 0.0700882 25 9 17 7
15221 14881 340 1 0.599799 0.553405 0.0463946 21 13 9 6
15586 14983 603 22 0.399985 0.291888 0.108097 22 11 21 10
15668 15565 103 30 0.499955 0.484281 0.0156744 22 12 22 12
15674 15348 326 10 0.599916 0.555942 0.0439744 21 13 19 10
15804 14725 1079 34 0.699943 0.531924 0.16802 24 10 16 9
15834 15737 97 25 0.7 0.685204 0.0147953 22 12 18 10
15866 15486 380 20 0.799871 0.743472 0.0563987 24 10 12 4
15995 15793 202 26 0.599966 0.573559 0.0264071 22 11 17 10
16019 15770 249 5 0.599894 0.565865 0.0340292 21 13 16 11
16059 15618 441 4 0.699984 0.637721 0.0622635 21 13 16 12
16272 15020 1252 18 0.299794 0.127403 0.172391 26 7 24 7
16390 14366 2024 29 0.599907 0.257989 0.341918 22 12 20 11
16415 16132 283 13 0.499761 0.46412 0.0356413 25 11 20 9
17002 16643 359 32 0.39984 0.352335 0.0475046 21 13 17 12
17304 17178 126 3 0.49998 0.484264 0.015716 25 9 19 8
17412 17145 267 17 0.799758 0.760762 0.0389961 23 11 14 7
17437 17245 192 6 0.699894 0.675797 0.024097 23 10 16 7
17809 17400 409 14 0.499916 0.431554 0.0683628 27 6 21 6
17821 17530 291 16 0.299935 0.262332 0.0376035 23 11 23 10
18145 17903 242 27 0.499852 0.467428 0.0324245 23 11 19 10
18348 18079 269 21 0.29999 0.266818 0.0331716 27 7 24 7
18942 18714 228 31 0.599932 0.571485 0.0284466 26 8 22 6
18999 18666 333 25 0.7999 0.760464 0.0394358 27 7 17 2
19058 18608 450 19 0.299976 0.236201 0.0637745 24 10 24 10
19093 18684 409 0 0.599929 0.546393 0.0535356 25 9 20 6
19158 18738 420 8 0.599943 0.541486 0.0584567 23 11 19 6
19433 19216 217 11 0.599802 0.568122 0.0316797 21 13 16 11
19558 19056 502 2 0.299956 0.222464 0.0774927 20 14 16 14
20069 19724 345 33 0.599898 0.555217 0.0446814 18 16 17 15
20327 19988 339 1 0.599825 0.557297 0.0425273 25 9 20 5
20557 20232 325 9 0.399991 0.359508 0.0404831 28 6 24 5
20954 20614 340 10 0.599918 0.556689 0.043229 27 7 18 3
21013 20646 367 17 0.699989 0.652155 0.0478344 28 6 17 1
21042 20712 330 7 0.299984 0.258679 0.0413055 25 9 23 9
21163 20663 500 28 0.49985 0.437941 0.0619094 23 11 21 11
21582 21290 292 4 0.499908 0.464058 0.0358496 20 14 16 11
21610 21381 229 23 0.299948 0.267425 0.0325233 24 10 23 10
21628 21393 235 12 0.399955 0.369155 0.0307998 25 9 22 6
21952 21788 164 29 0.699997 0.679222 0.0207751 24 10 19 7
22137 21855 282 15 0.299893 0.258523 0.0413696 21 13 21 13
22191 21761 430 13 0.599869 0.541926 0.0579432 24 12 17 7
22508 22422 86 30 0.399967 0.388794 0.0111732 28 6 25 6
22546 22359 187 20 0.29996 0.272934 0.0270258 23 11 22 11
23217 22419 798 26 0.399994 0.263181 0.136813 20 13 20 10
23504 23180 324 34 0.29999 0.258428 0.041562 23 11 22 11
23650 23232 418 16 0.699952 0.648246 0.051706 22 12 14 7
23710 23309 401 5 0.299891 0.245529 0.0543617 18 16 18 14
23715 22449 1266 3 0.599985 0.413112 0.186874 25 9 20 8
24087 23873 214 25 0.499969 0.470182 0.0297869 25 9 20 9
24247 24194 53 8 0.599813 0.592146 0.00766714 22 12 16 5
24593 23383 1210 6 0.399957 0.250604 0.149353 28 6 23 4
25307 25129 178 27 0.399942 0.377234 0.0227086 26 8 23 8
25517 25221 296 32 0.299886 0.260916 0.0389695 23 11 17 7
25666 25551 115 0 0.399958 0.383747 0.0162108 23 11 21 10
25684 25565 119 14 0.29995 0.282536 0.0174134 26 8 22 8
25753 25383 370 18 0.299984 0.254315 0.0456687 29 5 25 5
26077 25735 342 11 0.399929 0.357168 0.0427611 23 11 21 9
26159 26055 104 17 0.499951 0.481098 0.0188534 23 11 14 10
26284 26046 238 31 0.299831 0.268811 0.0310198 27 7 20 6
26660 26317 343 2 0.49994 0.451265 0.0486748 24 10 17 7
26859 26692 167 1 0.399931 0.377343 0.0225878 21 13 19 13
27057 26981 76 19 0.382985 0.368532 0.0144525 18 16 13 15
27078 26705 373 21 0.299908 0.250203 0.0497046 25 9 25 8
27234 27181 53 4 0.573914 0.56557 0.00834321 22 12 10 2
27240 27167 73 33 0.299929 0.288598 0.0113305 23 11 21 9
27530 27165 365 28 0.49993 0.449601 0.050329 23 11 18 6
27755 27470 285 10 0.399936 0.349409 0.0505262 23 11 20 10
27846 27156 690 9 0.499952 0.394832 0.10512 29 5 22 3
28128 27887 241 29 0.399913 0.364643 0.03527 26 8 25 7
28860 28570 290 3 0.699894 0.656475 0.0434188 29 5 17 1
28993 27749 1244 23 0.599911 0.388913 0.210998 23 11 13 8
29782 29682 100 34 0.599849 0.586799 0.0130496 27 7 16 0
29798 29669 129 8 0.481974 0.464185 0.0177896 25 9 18 7
29843 29507 336 7 0.299927 0.253617 0.0463097 28 6 24 5
29994 29576 418 13 0.299897 0.245562 0.0543345 25 11 23 8
29997 28943 1054 16 0.499838 0.342828 0.157009 22 12 15 11
