1441 1371 70 9 0.79988 0.791156 0.00872356 17 0 17 0
1460 1378 82 6 0.799807 0.788007 0.0118003 15 0 15 0
1469 1415 54 34 0.799818 0.793073 0.0067453 14 3 13 1
1507 1429 78 19 0.799965 0.789135 0.0108306 17 0 17 0
1525 1365 160 3 0.799911 0.778874 0.0210365 19 0 19 0
1554 1322 232 20 0.799992 0.771645 0.0283474 14 0 14 0
1664 1401 263 26 0.799961 0.766844 0.0331172 20 0 19 0
2075 2009 66 25 0.699948 0.690778 0.00917053 21 2 20 0
2290 2120 170 11 0.699975 0.676168 0.023807 24 4 24 4
2305 2113 192 10 0.699996 0.674486 0.0255101 26 1 26 1
2457 2234 223 13 0.699952 0.670513 0.0294398 19 5 19 5
2535 2217 318 15 0.69998 0.660267 0.0397127 20 4 20 4
2578 2187 391 8 0.699941 0.646939 0.0530018 21 2 21 2
3065 2948 117 7 0.599978 0.583855 0.0161232 23 5 23 5
3093 2927 166 21 0.599782 0.576516 0.023266 24 5 24 5
3110 2916 194 23 0.599965 0.573924 0.0260407 27 2 27 2
3113 2864 249 4 0.59995 0.566212 0.0337371 21 3 21 3
3209 2919 290 1 0.59997 0.562048 0.0379226 23 6 23 6
3263 2967 296 30 0.599971 0.563439 0.0365319 27 3 27 2
3941 3688 253 22 0.499943 0.468823 0.0311205 26 6 26 6
3961 3708 253 29 0.49999 0.466962 0.033028 21 6 22 6
4005 3671 334 12 0.499892 0.45221 0.0476818 25 10 25 10
4011 3746 265 14 0.499953 0.463432 0.0365213 23 4 23 4
4055 3712 343 27 0.499914 0.456002 0.0439116 24 4 25 4
4595 4385 210 5 0.39994 0.37412 0.0258197 27 4 27 4
4633 4430 203 0 0.39998 0.375176 0.0248043 26 5 26 5
4706 4454 252 16 0.399963 0.367873 0.0320899 24 8 24 8
4762 4451 311 32 0.399921 0.359323 0.0405974 25 8 24 7
4798 4487 311 24 0.399915 0.359219 0.0406958 26 5 26 5
4832 4738 94 20 0.699839 0.685836 0.0140033 23 3 17 3
4841 4486 355 18 0.399992 0.352707 0.0472853 24 9 24 9
4978 4342 636 33 0.399925 0.286018 0.113907 28 2 28 2
5335 4313 1022 2 0.39994 0.233101 0.166839 24 7 24 7
5431 5027 404 17 0.299908 0.248454 0.0514535 19 12 19 12
6244 6188 56 9 0.499965 0.492136 0.00782866 22 4 18 4
6326 5191 1135 28 0.299948 0.106127 0.193821 24 9 24 9
6387 5232 1155 31 0.299844 0.11794 0.181903 21 10 20 9
6398 5415 983 34 0.59995 0.413598 0.186352 16 14 15 14
7104 7029 75 6 0.399866 0.389925 0.00994085 18 14 18 14
7173 7030 143 3 0.399916 0.378533 0.0213835 23 8 21 8
7514 5667 1847 26 0.599934 0.29918 0.300754 21 7 16 7
7637 6954 683 19 0.399916 0.304484 0.0954322 22 10 21 10
7785 7529 256 11 0.499994 0.463234 0.0367602 23 8 18 7
8063 7900 163 7 0.599944 0.5789 0.0210434 29 4 18 4
8171 7860 311 8 0.499864 0.456861 0.0430034 27 6 20 6
8184 8039 145 25 0.39991 0.381988 0.0179217 23 8 20 7
8277 7312 965 21 0.699915 0.551951 0.147964 26 7 15 5
8423 8205 218 10 0.399935 0.370335 0.0296 23 9 19 9
8598 8538 60 23 0.496181 0.488636 0.00754568 21 12 16 12
8769 8495 274 13 0.399948 0.359456 0.0404924 24 7 19 5
8923 8668 255 15 0.399917 0.365595 0.0343226 20 12 19 12
9405 8399 1006 20 0.699882 0.556677 0.143205 26 5 18 5
9780 9727 53 4 0.392547 0.384557 0.00799052 15 13 6 11
10061 10008 53 14 0.499827 0.490826 0.00900113 22 10 20 10
10072 9167 905 22 0.599953 0.452813 0.14714 20 14 15 11
10169 9111 1058 30 0.499978 0.324699 0.175279 26 7 19 7
10312 10007 305 27 0.499998 0.459126 0.040872 20 13 20 13
10365 8961 1404 1 0.499957 0.310551 0.189405 25 8 23 8
10544 10450 94 16 0.599974 0.588176 0.0117983 25 8 23 6
10632 10269 363 5 0.599912 0.548271 0.0516409 22 11 15 11
10671 10340 331 0 0.599897 0.554179 0.0457179 24 9 20 8
11179 10801 378 29 0.39993 0.349845 0.0500851 22 10 17 7
11510 11257 253 32 0.499935 0.463956 0.0359792 22 13 16 9
11792 11444 348 7 0.799928 0.750065 0.0498627 27 7 12 4
11820 11608 212 12 0.299975 0.272475 0.0275007 27 9 24 8
12113 11992 121 24 0.399993 0.383433 0.0165598 26 8 23 7
12240 11505 735 2 0.599943 0.48027 0.119672 27 5 17 3
12614 12401 213 17 0.499886 0.470731 0.0291554 20 13 20 11
13095 12939 156 3 0.599952 0.576199 0.0237529 26 7 24 5
13143 13083 60 18 0.288119 0.281321 0.00679777 23 11 23 10
13228 13170 58 21 0.599854 0.591439 0.00841548 26 8 19 6
13362 13296 66 33 0.29976 0.28861 0.0111498 22 11 19 10
13412 13099 313 31 0.599919 0.560713 0.0392067 21 13 18 9
13486 13235 251 23 0.699924 0.667522 0.0324015 28 5 13 2
13532 13361 171 34 0.399822 0.374975 0.0248467 30 4 29 2
13535 13479 56 19 0.599981 0.590146 0.00983465 21 13 13 11
13927 13579 348 9 0.299895 0.252437 0.0474573 29 5 27 5
13931 13821 110 22 0.799821 0.783437 0.0163835 22 12 10 3
13960 13741 219 11 0.49993 0.473361 0.0265692 24 10 21 9
14035 13689 346 16 0.799877 0.755245 0.0446319 27 7 15 3
14127 13794 333 25 0.599977 0.557244 0.0427332 28 6 19 3
14218 14056 162 5 0.79998 0.776958 0.0230222 26 8 16 3
14345 14203 142 8 0.499981 0.479303 0.0206778 27 7 19 6
14822 14186 636 20 0.599971 0.470957 0.129014 27 6 23 5
14826 14538 288 28 0.399951 0.36481 0.0351403 24 10 22 7
14996 14423 573 14 0.699955 0.631065 0.0688898 28 6 17 3
15116 15029 87 6 0.299901 0.287051 0.0128507 21 13 20 12
15629 15264 365 13 0.499912 0.449259 0.0506531 24 9 20 8
15736 15471 265 4 0.599995 0.564762 0.035233 26 7 23 4
15954 15626 328 10 0.399932 0.356467 0.0434642 26 8 23 6
15961 15183 778 26 0.399895 0.271281 0.128614 26 7 24 7
17108 16986 122 1 0.499891 0.481572 0.0183193 26 8 21 5
17183 16966 217 15 0.29989 0.269367 0.0305235 21 13 19 12
17288 17062 226 0 0.399892 0.36458 0.0353122 24 10 23 8
17605 17262 343 27 0.4 0.355669 0.0443303 23 11 22 8
17616 17198 418 12 0.699932 0.6357 0.0642318 32 4 21 3
17679 17612 67 24 0.599796 0.590633 0.00916256 27 7 22 7
17713 17603 110 29 0.499943 0.482611 0.0173321 25 9 25 7
17798 17423 375 30 0.399778 0.352776 0.0470017 26 8 24 8
17976 17923 53 17 0.599937 0.592924 0.00701298 19 14 16 9
17999 17643 356 18 0.799951 0.753663 0.0462879 26 8 10 3
18504 18204 300 7 0.299935 0.256605 0.043331 28 6 23 5
18527 17889 638 22 0.599954 0.527259 0.0726956 24 10 19 7
18656 18345 311 32 0.399858 0.360853 0.0390052 26 8 25 8
18771 18619 152 3 0.49996 0.479555 0.020405 29 5 24 5
19030 18791 239 14 0.699981 0.671873 0.0281073 28 6 18 4
19201 19085 116 11 0.599989 0.580859 0.0191298 23 11 20 9
19220 18970 250 16 0.499965 0.464478 0.0354869 26 8 21 8
19277 19085 192 2 0.399967 0.372649 0.0273184 19 13 18 10
19568 19420 148 23 0.399915 0.380372 0.0195433 23 11 21 10
19782 19551 231 8 0.599918 0.571897 0.0280206 26 8 20 5
19978 19925 53 25 0.499961 0.491299 0.00866139 21 13 16 12
20068 19877 191 31 0.399961 0.373699 0.0262621 27 7 27 5
20113 19754 359 19 0.399969 0.355103 0.0448657 28 6 26 5
20224 20125 99 20 0.599936 0.585728 0.0142082 25 8 20 8
20571 20058 513 9 0.599897 0.520054 0.079844 22 12 15 11
20706 20571 135 12 0.799832 0.780228 0.0196042 33 3 16 2
20819 19806 1013 28 0.699954 0.504473 0.195481 21 13 16 10
20849 20651 198 5 0.299907 0.26726 0.032647 23 11 23 11
21200 20816 384 34 0.399999 0.351567 0.0484313 28 6 22 6
21413 21192 221 17 0.799903 0.768097 0.0318059 23 10 15 3
21725 21443 282 18 0.699923 0.660714 0.0392095 24 10 18 10
21856 20227 1629 21 0.299978 0.0469974 0.25298 26 8 21 6
21903 21815 88 33 0.27042 0.255567 0.0148528 18 15 16 15
22057 21765 292 10 0.599894 0.561278 0.0386164 21 13 16 11
22314 22109 205 26 0.599909 0.570878 0.0290311 18 16 14 16
22641 22355 286 12 0.899936 0.861281 0.0386547 33 3 11 1
22837 22581 256 6 0.399955 0.365085 0.03487 27 7 23 5
22898 22498 400 27 0.699922 0.645811 0.0541112 23 11 13 6
23112 23023 89 4 0.299993 0.28683 0.0131637 20 14 16 14
23499 23272 227 24 0.499985 0.463713 0.0362722 28 6 24 6
23669 23340 329 13 0.299951 0.258062 0.0418888 26 8 24 8
23967 23769 198 1 0.399981 0.375756 0.024225 27 7 24 7
24096 23911 185 3 0.599997 0.576957 0.0230404 26 8 21 7
24263 23990 273 11 0.599773 0.558103 0.0416705 29 5 19 4
24412 24281 131 30 0.499957 0.481786 0.0181703 26 8 21 6
24806 24502 304 7 0.599834 0.562615 0.0372193 25 9 21 6
25156 24851 305 15 0.399894 0.359138 0.0407562 24 10 21 6
25232 24821 411 29 0.299924 0.237383 0.0625404 23 11 20 8
25587 25454 133 0 0.29999 0.278095 0.0218953 24 10 22 9
25798 25674 124 32 0.39991 0.382125 0.0177847 30 4 28 4
26072 25824 248 25 0.499895 0.466494 0.0334006 24 10 22 9
26124 25060 1064 22 0.399965 0.230157 0.169808 27 7 24 6
26271 25928 343 19 0.599894 0.556862 0.0430326 25 9 21 7
26616 26264 352 8 0.399898 0.349619 0.0502791 23 11 21 11
26616 26525 91 20 0.399898 0.388748 0.0111498 28 6 25 2
26824 25828 996 26 0.799933 0.625044 0.174889 24 10 12 6
26831 26771 60 16 0.299903 0.289484 0.0104191 23 11 20 11
26835 26704 131 23 0.399961 0.380435 0.0195252 24 10 23 10
26959 26630 329 2 0.399969 0.359373 0.0405954 27 7 25 5
27177 25706 1471 14 0.29993 0.0962344 0.203695 26 8 23 8
27178 27116 62 18 0.499979 0.491832 0.00814699 21 13 20 13
27637 26900 737 17 0.399933 0.292318 0.107615 20 14 18 14
27776 27394 382 28 0.399941 0.345126 0.0548148 20 14 19 12
28014 27960 54 12 0.399996 0.391211 0.00878513 26 10 19 8
28279 27699 580 10 0.499979 0.408793 0.0911861 24 10 22 7
28630 27857 773 9 0.299909 0.184208 0.115701 23 11 23 10
28650 27379 1271 27 0.599967 0.395426 0.204541 18 16 14 15
28701 28223 478 31 0.299979 0.230464 0.0695151 20 14 20 14
28835 28482 353 34 0.399915 0.354283 0.0456311 21 13 17 13
28950 26765 2185 5 0.599943 0.200184 0.39976 27 7 20 2
29304 29023 281 3 0.599925 0.559865 0.0400604 22 12 12 11
