1444 1391 53 2 0.799905 0.792493 0.00741206 18 0 18 0
1514 1452 62 10 0.799935 0.792246 0.00768964 22 1 22 1
1549 1391 158 17 0.799881 0.777649 0.0222317 23 2 23 1
1567 1313 254 19 0.799889 0.764214 0.0356755 14 2 15 1
1655 1445 210 7 0.799962 0.771382 0.0285797 18 0 18 0
1778 1435 343 24 0.799979 0.756507 0.043472 19 0 19 0
1883 1475 408 30 0.799963 0.744477 0.0554863 19 2 19 1
2203 2087 116 11 0.699919 0.683629 0.0162897 25 4 26 3
2228 2173 55 32 0.699948 0.691394 0.0085541 19 3 19 2
2252 2112 140 31 0.699912 0.681883 0.018029 23 3 23 3
2254 2084 170 12 0.699893 0.677035 0.0228583 21 2 21 2
2391 2099 292 13 0.699898 0.660124 0.039774 25 4 24 2
2569 2126 443 18 0.69995 0.64303 0.0569204 30 2 30 2
2887 2646 241 29 0.599964 0.568854 0.03111 21 2 21 2
3047 2871 176 9 0.599916 0.574514 0.0254025 26 4 26 4
3073 2829 244 26 0.599908 0.568984 0.0309237 26 4 26 3
3125 2962 163 5 0.599934 0.579116 0.0208179 26 4 26 4
3143 2853 290 6 0.599998 0.560357 0.0396408 19 9 19 9
3165 2929 236 1 0.599927 0.566558 0.0333692 27 1 27 1
3265 2980 285 23 0.599953 0.560622 0.0393313 25 2 25 2
3416 3005 411 34 0.599978 0.5463 0.0536774 27 3 26 2
3810 3700 110 21 0.499898 0.484157 0.0157404 27 4 27 4
3903 3817 86 25 0.499948 0.484889 0.0150591 21 14 21 14
3944 3688 256 2 0.799986 0.765984 0.034002 21 5 15 5
3993 3743 250 28 0.49995 0.467512 0.0324378 24 5 24 5
4387 3671 716 15 0.499936 0.397598 0.102338 32 3 32 3
4441 4388 53 0 0.39986 0.390972 0.00888799 18 15 18 15
4760 4442 318 3 0.399903 0.358729 0.0411732 23 6 23 6
4790 4542 248 4 0.399985 0.368414 0.0315709 24 8 24 8
4870 4550 320 20 0.39993 0.357863 0.0420677 25 8 25 8
5076 4599 477 8 0.399967 0.331742 0.0682253 30 4 30 4
5101 3687 1414 22 0.499908 0.283773 0.216135 26 4 26 4
5170 5087 83 27 0.29985 0.286667 0.0131826 20 10 20 10
5447 5180 267 33 0.299981 0.26284 0.0371418 21 12 21 12
5454 5199 255 14 0.299901 0.26206 0.0378416 22 9 22 9
5594 4455 1139 16 0.399807 0.19887 0.200938 21 8 21 8
5669 5616 53 7 0.599809 0.592202 0.00760641 21 11 17 11
5786 5500 286 17 0.599926 0.563002 0.0369237 24 9 18 9
6334 6139 195 13 0.699918 0.675329 0.0245898 25 9 18 7
6341 5828 513 24 0.599898 0.523432 0.0764657 24 7 18 7
6679 6190 489 10 0.499968 0.423577 0.0763908 21 10 16 10
6990 6664 326 11 0.599961 0.558601 0.0413607 23 9 18 8
7573 6469 1104 18 0.699936 0.567876 0.13206 29 5 14 5
7595 7534 61 25 0.799994 0.792289 0.00770514 27 7 12 2
7626 7263 363 32 0.499976 0.452499 0.0474767 26 3 20 3
7681 7122 559 19 0.399901 0.319881 0.0800196 25 7 22 7
8069 7281 788 31 0.49988 0.38207 0.11781 19 14 15 14
8078 7937 141 2 0.599928 0.581989 0.0179391 22 10 16 10
8125 7904 221 26 0.599902 0.569757 0.0301452 26 6 21 6
8286 7958 328 5 0.599896 0.5526 0.0472962 25 8 16 7
8624 8392 232 30 0.299966 0.268331 0.0316349 24 10 23 10
8904 8839 65 12 0.299976 0.291113 0.00886336 19 14 17 14
8917 8849 68 6 0.499931 0.489451 0.0104804 26 8 23 7
9156 8855 301 23 0.499961 0.463327 0.0366344 22 10 19 10
9280 9000 280 34 0.499922 0.449633 0.050289 24 10 15 9
9602 9312 290 0 0.699982 0.661953 0.0380287 23 10 15 3
9781 8783 998 1 0.499901 0.350179 0.149723 18 15 16 15
9983 9642 341 27 0.799932 0.756378 0.0435539 25 7 17 6
10376 10098 278 29 0.299777 0.262423 0.0373543 27 6 23 6
10408 10160 248 9 0.299925 0.266729 0.0331956 26 8 23 8
10732 10427 305 7 0.59998 0.558787 0.0411922 26 8 22 6
10765 10475 290 20 0.599941 0.56067 0.039271 31 3 26 1
10844 10731 113 15 0.4998 0.481599 0.0182019 23 12 16 10
10987 10766 221 13 0.599862 0.56841 0.0314524 26 9 19 6
11063 10737 326 33 0.699958 0.65607 0.0438886 24 10 21 6
11356 11192 164 16 0.699931 0.676625 0.0233067 26 7 21 2
11599 11337 262 21 0.299986 0.258504 0.0414824 22 12 21 12
11609 11489 120 17 0.499952 0.48469 0.0152621 26 8 23 8
11656 10516 1140 4 0.599973 0.447561 0.152413 26 8 21 5
11907 11648 259 8 0.49991 0.466483 0.0334272 16 18 14 17
11926 11506 420 28 0.299971 0.238954 0.0610169 26 7 25 7
12531 12226 305 26 0.699911 0.65494 0.0449708 27 7 12 3
12712 12566 146 22 0.39992 0.378933 0.020987 22 11 21 9
13083 12810 273 3 0.299948 0.257063 0.0428843 24 10 20 9
13234 13107 127 18 0.499936 0.480441 0.0194953 23 11 21 11
13563 12667 896 11 0.499991 0.355376 0.144616 26 9 22 7
13633 12033 1600 10 0.599952 0.349027 0.250925 25 7 20 4
13799 12217 1582 25 0.499994 0.259243 0.240751 29 5 18 3
14205 12960 1245 24 0.399891 0.170786 0.229105 23 11 22 10
14249 13770 479 31 0.599921 0.531724 0.0681971 20 14 15 7
14435 13495 940 6 0.69996 0.564776 0.135185 23 11 13 9
14560 13655 905 14 0.299963 0.160302 0.139661 25 8 23 4
14678 14509 169 34 0.599941 0.575871 0.0240698 24 10 22 10
14771 14537 234 32 0.399995 0.36796 0.0320354 28 6 23 6
14813 14741 72 30 0.599911 0.58865 0.0112614 28 6 17 4
15104 14989 115 19 0.39987 0.383518 0.0163514 24 10 23 10
15572 15198 374 2 0.299991 0.250698 0.0492925 27 7 24 7
15677 15524 153 1 0.599921 0.58032 0.019601 19 14 15 8
15694 15377 317 5 0.299971 0.258468 0.0415034 25 8 22 8
15830 15636 194 9 0.699996 0.677181 0.0228152 21 13 11 10
15885 15700 185 29 0.699897 0.675841 0.0240565 26 7 18 6
15987 15643 344 27 0.399901 0.352581 0.0473204 27 7 21 6
16015 15701 314 12 0.499978 0.461649 0.038329 24 10 18 8
16147 16024 123 17 0.699983 0.683975 0.016008 28 6 19 5
16401 16346 55 16 0.499838 0.492344 0.00749352 23 11 17 10
16618 15795 823 13 0.599948 0.506952 0.0929958 27 9 20 6
16707 16513 194 0 0.299905 0.274651 0.0252539 27 6 23 6
16982 16741 241 15 0.499766 0.468175 0.0315912 22 12 18 10
17300 16382 918 33 0.499997 0.370027 0.129971 21 13 18 13
17461 16740 721 23 0.299896 0.175511 0.124384 18 16 18 16
18416 18063 353 7 0.299929 0.255352 0.0445769 26 8 17 8
18613 18024 589 20 0.299973 0.193905 0.106069 24 10 21 10
18876 18524 352 22 0.599966 0.549708 0.0502574 24 10 16 7
18938 18654 284 26 0.399808 0.365484 0.0343237 25 9 20 9
18939 18590 349 31 0.699917 0.651713 0.048204 26 8 16 5
18977 18924 53 6 0.699836 0.692444 0.00739254 26 8 13 3
19180 18773 407 34 0.699891 0.637303 0.0625886 26 8 19 8
19613 19452 161 8 0.299979 0.276918 0.0230605 25 9 21 6
19695 19320 375 18 0.49996 0.450805 0.0491551 26 8 20 5
19696 19327 369 4 0.299965 0.252252 0.0477129 25 9 24 9
19815 18784 1031 29 0.79995 0.673224 0.126726 27 7 13 5
20026 19678 348 28 0.399978 0.351414 0.0485638 26 8 21 5
20335 20059 276 11 0.499974 0.462999 0.0369743 26 9 20 6
20563 20114 449 21 0.299932 0.235569 0.0643637 22 12 21 12
21061 20395 666 17 0.599889 0.501154 0.0987344 27 7 17 6
21198 20784 414 3 0.399793 0.346842 0.0529518 26 8 26 8
21204 20848 356 9 0.499787 0.453502 0.0462851 21 13 18 11
21485 21374 111 19 0.499941 0.486306 0.0136352 25 9 20 7
21542 21228 314 1 0.499896 0.457224 0.0426718 22 12 21 11
21892 21801 91 30 0.299898 0.285435 0.0144629 25 9 24 9
21965 21762 203 13 0.599811 0.571413 0.0283975 27 9 19 6
22041 21554 487 25 0.399976 0.315754 0.0842213 28 6 24 5
22072 21758 314 10 0.299788 0.257856 0.0419312 26 8 26 8
22120 21926 194 32 0.399894 0.369227 0.0306673 25 9 23 8
22150 22097 53 16 0.499855 0.492847 0.00700849 24 10 20 10
22286 21748 538 14 0.499893 0.437926 0.061967 26 8 24 7
22411 22241 170 24 0.399985 0.374392 0.0255932 23 11 21 9
22484 21962 522 31 0.79991 0.724963 0.0749468 27 7 16 4
22839 22235 604 15 0.599925 0.512818 0.0871074 21 13 16 12
22852 22764 88 0 0.599969 0.589713 0.0102552 25 9 21 9
22931 22637 294 5 0.49993 0.461347 0.0385831 23 11 19 9
23047 22717 330 12 0.399867 0.358225 0.0416422 26 8 24 8
23222 23169 53 23 0.699995 0.692235 0.00775952 22 12 11 6
23390 23061 329 34 0.699864 0.658946 0.0409175 27 7 15 6
23912 22488 1424 6 0.699896 0.498912 0.200983 23 11 13 9
24512 24113 399 2 0.299819 0.247961 0.051858 20 14 18 14
24612 24246 366 20 0.699966 0.652878 0.0470875 22 12 12 4
24690 24508 182 33 0.39996 0.372819 0.0271412 22 12 18 9
24927 24094 833 27 0.299989 0.177392 0.122597 24 10 24 10
25271 25099 172 31 0.799965 0.778449 0.021516 29 5 15 3
25845 25539 306 26 0.499993 0.461301 0.0386922 20 14 18 14
25919 25849 70 18 0.499772 0.490245 0.00952717 29 5 26 5
25924 25827 97 29 0.399892 0.38737 0.0125214 25 9 21 8
25969 25727 242 8 0.599907 0.56432 0.0355878 27 7 22 6
26176 26103 73 13 0.674433 0.663862 0.0105704 27 9 14 5
26383 26019 364 7 0.399957 0.35553 0.0444273 26 8 21 6
26449 26237 212 17 0.599991 0.571181 0.0288105 30 4 19 4
26812 26230 582 22 0.299937 0.217859 0.0820771 27 7 21 6
26870 26802 68 1 0.599819 0.589152 0.0106669 29 5 24 3
27126 26656 470 19 0.599891 0.532696 0.0671948 25 9 19 4
27378 27083 295 25 0.699804 0.65514 0.0446637 22 12 18 9
27427 26480 947 11 0.484757 0.296223 0.188534 24 11 17 10
27456 26942 514 32 0.699938 0.638766 0.0611722 23 11 19 9
27669 27251 418 12 0.799889 0.743858 0.0560308 25 9 16 5
27739 26682 1057 23 0.699878 0.535893 0.163985 27 7 15 4
28122 27897 225 28 0.299925 0.27084 0.0290852 24 10 21 10
28232 27912 320 9 0.399913 0.361447 0.0384659 26 8 22 7
28667 27350 1317 4 0.399886 0.243481 0.156404 26 8 22 7
28710 28657 53 30 0.499782 0.49077 0.00901172 24 10 22 9
28736 28268 468 14 0.4999 0.438146 0.061754 26 8 19 8
28943 28371 572 10 0.599958 0.514086 0.0858728 20 14 14 12
29122 28855 267 5 0.499894 0.462448 0.0374453 24 10 21 6
29244 28886 358 16 0.399984 0.350813 0.0491717 24 10 21 9
29250 28257 993 21 0.399936 0.233323 0.166614 29 5 28 3
29323 29154 169 20 0.599997 0.575008 0.0249891 22 12 15 9
29425 29114 311 0 0.399919 0.360573 0.039346 23 11 22 11
29732 29266 466 3 0.299848 0.239479 0.0603699 28 6 26 6
29933 29571 362 24 0.399941 0.352235 0.0477067 22 12 18 10
