701 648 53 4 0.899995 0.891434 0.00856107 6 0 6 0
714 661 53 6 0.899943 0.892431 0.00751157 10 0 10 0
806 717 89 13 0.899931 0.888529 0.0114024 13 0 13 0
810 741 69 23 0.899847 0.889322 0.0105242 14 0 14 0
885 712 173 7 0.899961 0.874322 0.0256389 13 0 13 0
1404 1329 75 2 0.799767 0.788992 0.0107753 11 0 11 0
1454 1398 56 8 0.799838 0.790011 0.00982676 17 1 17 1
1545 1413 132 32 0.799955 0.780914 0.019041 19 1 19 0
1619 1426 193 29 0.799975 0.773555 0.0264207 21 3 22 3
1619 1423 196 31 0.799973 0.777387 0.022586 13 4 13 2
1669 1394 275 27 0.799991 0.761539 0.0384519 16 4 14 2
1775 1404 371 21 0.79993 0.751513 0.0484177 12 1 12 1
2186 2094 92 16 0.699934 0.688311 0.011623 23 5 23 5
2266 2155 111 18 0.699926 0.683191 0.0167356 22 2 22 2
2325 2157 168 22 0.699901 0.679297 0.0206042 20 5 23 3
2453 2115 338 19 0.69993 0.652893 0.0470369 23 5 23 5
2625 2244 381 12 0.699932 0.650431 0.0495004 20 1 21 1
3037 2954 83 28 0.599901 0.590416 0.0094842 25 8 26 7
3074 2914 160 33 0.599974 0.578264 0.0217099 24 5 23 3
3100 3047 53 5 0.599972 0.593015 0.00695679 24 5 24 5
3108 2861 247 34 0.599992 0.568732 0.0312594 25 4 25 4
3119 2858 261 3 0.599923 0.563611 0.0363124 24 5 24 5
3144 2900 244 24 0.599905 0.568455 0.0314501 22 9 22 9
3471 3045 426 15 0.599901 0.542743 0.0571584 23 2 23 2
3923 3659 264 7 0.699901 0.659967 0.0399332 19 5 19 5
3998 3629 369 25 0.499943 0.452259 0.0476844 27 2 27 2
4235 4079 156 4 0.599999 0.578152 0.0218477 24 9 24 9
4777 4418 359 20 0.399953 0.351908 0.0480446 27 6 27 6
4778 4413 365 10 0.399909 0.350745 0.049164 29 3 29 3
4981 4466 515 1 0.399996 0.332401 0.0675953 26 4 26 4
5036 3822 1214 26 0.499903 0.270559 0.229344 27 3 27 2
5113 4829 284 6 0.499956 0.463437 0.0365185 24 6 23 6
5177 4970 207 9 0.299859 0.273772 0.0260876 21 11 21 10
5238 4938 300 23 0.49996 0.460072 0.0398873 25 7 23 7
5418 5246 172 14 0.299951 0.277999 0.0219519 24 9 24 9
5520 5206 314 30 0.299914 0.259796 0.0401178 20 13 20 13
5570 5137 433 11 0.299992 0.238445 0.061547 23 9 23 9
5613 5489 124 32 0.599758 0.583601 0.0161574 20 14 20 14
5652 5226 426 17 0.299795 0.240887 0.058908 26 8 26 8
5664 5258 406 0 0.299957 0.237941 0.062016 22 11 22 11
5674 5096 578 18 0.799969 0.706212 0.0937576 26 5 15 4
6328 6050 278 2 0.499936 0.458635 0.0413004 25 6 21 6
6348 6077 271 8 0.499806 0.463224 0.036582 26 7 21 7
6890 6631 259 13 0.299946 0.263421 0.0365251 28 6 27 6
6940 6601 339 27 0.499792 0.458859 0.0409339 23 11 23 11
7388 7271 117 21 0.399942 0.381133 0.0188087 22 12 20 12
7729 7091 638 29 0.399967 0.302388 0.0975788 22 12 22 12
7816 7476 340 22 0.499983 0.447716 0.0522674 18 14 16 14
7988 7721 267 12 0.49994 0.463709 0.0362311 22 11 17 11
8069 6161 1908 31 0.499933 0.190811 0.309122 18 11 18 11
8348 8152 196 3 0.599942 0.57341 0.026532 24 9 17 8
8598 8437 161 25 0.699949 0.676964 0.022985 27 6 17 6
8713 8574 139 5 0.499929 0.48289 0.0170396 25 9 20 9
8830 8713 117 24 0.499972 0.483717 0.0162555 29 5 22 5
8851 8421 430 18 0.799992 0.723632 0.0763594 26 7 17 6
9036 8520 516 15 0.599956 0.534329 0.0656278 24 9 18 9
9419 9058 361 16 0.299918 0.25083 0.0490883 27 6 22 6
9667 9565 102 33 0.399928 0.386847 0.0130804 21 10 18 10
9737 9380 357 19 0.299935 0.256269 0.043666 25 9 21 8
10274 10086 188 28 0.299892 0.274797 0.0250957 22 12 21 12
10288 10031 257 4 0.499947 0.461549 0.0383986 28 6 18 4
10456 9954 502 7 0.399977 0.324855 0.0751218 24 9 23 9
10478 10129 349 11 0.799977 0.742946 0.0570309 23 9 5 1
10492 10316 176 34 0.299996 0.270024 0.0299726 26 8 23 8
11190 11072 118 32 0.499943 0.480922 0.0190203 22 12 21 11
11308 10689 619 27 0.799833 0.701296 0.0985374 30 4 15 0
11478 10848 630 1 0.599919 0.483742 0.116177 23 11 15 11
11991 11235 756 10 0.499994 0.373921 0.126072 29 4 21 4
12258 12045 213 9 0.499971 0.465109 0.0348624 22 10 16 7
12557 12495 62 22 0.679497 0.671777 0.00771988 22 11 16 6
12583 12530 53 17 0.499825 0.492276 0.00754851 21 13 20 13
12957 11761 1196 26 0.49995 0.341791 0.158159 20 14 19 14
12999 12340 659 30 0.499953 0.400666 0.0992874 21 13 18 13
13009 12794 215 20 0.29996 0.267158 0.0328018 22 12 20 12
13289 12904 385 23 0.29999 0.250408 0.0495817 19 15 19 14
13467 10739 2728 14 0.699893 0.276531 0.423362 23 11 15 9
13572 11925 1647 6 0.399989 0.126229 0.27376 21 12 18 11
13600 13128 472 2 0.399916 0.337458 0.0624578 27 7 22 5
13621 12231 1390 8 0.499907 0.279309 0.220597 23 11 19 10
13719 13443 276 0 0.399937 0.362778 0.0371592 23 11 18 10
13927 13662 265 29 0.599815 0.563588 0.0362275 22 12 18 10
14559 13890 669 3 0.499947 0.380431 0.119516 28 6 23 5
14641 14519 122 25 0.399839 0.380473 0.0193659 21 12 17 12
14653 14376 277 21 0.399941 0.365954 0.0339864 18 16 15 15
14712 14650 62 18 0.399894 0.391408 0.0084865 19 15 17 13
14807 14754 53 5 0.499949 0.493182 0.0067677 20 14 18 13
15781 15661 120 32 0.69991 0.681539 0.0183709 17 17 14 13
15968 15432 536 12 0.299944 0.229308 0.0706358 26 8 24 6
16039 14544 1495 13 0.399775 0.145379 0.254396 30 4 22 2
16094 15578 516 24 0.399837 0.334454 0.0653829 27 7 20 5
16105 15827 278 34 0.699916 0.662666 0.0372504 21 13 15 10
16110 15914 196 19 0.599889 0.573884 0.0260044 23 11 19 6
16440 16194 246 11 0.399964 0.366026 0.0339375 23 11 20 11
16500 16206 294 4 0.499906 0.463671 0.0362347 27 7 19 7
17006 16953 53 10 0.699899 0.692359 0.00753976 24 10 14 9
17235 16876 359 31 0.299957 0.254508 0.0454495 19 13 12 9
17262 16233 1029 15 0.299958 0.181325 0.118633 25 8 23 6
17293 17062 231 16 0.399993 0.368457 0.0315367 18 16 13 15
17294 16962 332 28 0.499921 0.456772 0.0431484 22 12 19 11
17765 17608 157 17 0.599932 0.57736 0.0225726 28 6 18 2
18108 17649 459 33 0.299955 0.2397 0.0602546 22 12 16 10
18159 17862 297 14 0.799972 0.755776 0.0441964 23 11 12 4
18172 17961 211 27 0.299964 0.268971 0.0309938 24 10 23 10
18210 17931 279 22 0.49994 0.459607 0.0403331 32 1 27 1
18527 18471 56 0 0.699866 0.690857 0.00900929 20 14 15 12
18598 17710 888 30 0.699823 0.597677 0.102145 23 11 17 7
19172 18474 698 7 0.299895 0.178201 0.121693 23 10 18 6
19309 19020 289 1 0.299907 0.263378 0.0365291 18 16 15 16
19465 19079 386 9 0.399929 0.348419 0.0515101 18 16 17 12
19610 19424 186 3 0.699914 0.673665 0.0262498 26 8 13 7
19796 18403 1393 20 0.699931 0.487933 0.211998 28 6 19 3
20270 19564 706 18 0.699944 0.584527 0.115417 30 4 19 1
20476 20275 201 32 0.599997 0.572492 0.0275051 27 7 22 5
20847 20600 247 5 0.499897 0.464642 0.035255 22 12 18 8
20896 20810 86 2 0.39994 0.387244 0.012696 25 9 18 9
21073 20878 195 21 0.499973 0.476011 0.0239618 22 12 16 7
21302 20964 338 26 0.299968 0.258141 0.0418272 29 5 24 0
21318 21219 99 29 0.299903 0.286099 0.0138049 25 9 25 8
21335 21278 57 12 0.699967 0.693482 0.00648568 25 9 14 7
21637 21307 330 11 0.699934 0.658042 0.0418921 25 9 16 3
21963 21801 162 6 0.399999 0.377935 0.0220637 27 7 26 6
21980 21866 114 8 0.29993 0.281866 0.0180641 19 15 19 13
22079 21667 412 23 0.299932 0.243227 0.0567049 20 14 19 12
22095 21797 298 17 0.699956 0.661948 0.0380083 27 7 14 4
22112 22029 83 0 0.699999 0.688055 0.0119442 25 9 18 6
22643 22545 98 25 0.299821 0.284573 0.0152476 23 11 23 11
22836 22575 261 4 0.499987 0.46952 0.0304667 26 8 22 8
22880 22618 262 24 0.499966 0.463763 0.0362027 28 6 24 4
23129 22745 384 15 0.699996 0.647746 0.05225 24 9 19 6
23238 22893 345 10 0.399882 0.356657 0.0432253 28 6 25 5
23264 22916 348 34 0.299963 0.25422 0.0457421 21 13 21 13
23557 23392 165 28 0.499907 0.47427 0.0256361 24 10 19 6
23677 23317 360 31 0.599987 0.556248 0.0437385 25 8 19 4
23846 23557 289 16 0.499987 0.460405 0.039582 21 13 15 6
23954 23396 558 19 0.299847 0.226432 0.073415 26 8 25 7
24310 24239 71 22 0.499894 0.487809 0.0120848 25 8 24 8
24338 24031 307 13 0.399949 0.355601 0.0443473 25 9 23 8
24701 24347 354 27 0.599908 0.550356 0.0495525 27 7 22 5
24879 24562 317 32 0.699933 0.639269 0.0606646 22 12 14 11
25104 24925 179 30 0.399925 0.37731 0.0226149 22 12 18 10
25237 25119 118 33 0.499983 0.484407 0.0155761 25 9 21 8
25534 24513 1021 14 0.299964 0.186677 0.113287 27 7 25 7
26130 24707 1423 3 0.499888 0.288692 0.211196 20 14 16 14
26554 26454 100 29 0.699839 0.686243 0.013596 25 9 13 4
26593 26256 337 5 0.599891 0.550131 0.0497606 21 13 19 10
26669 26379 290 12 0.499936 0.462762 0.0371735 27 7 24 7
26746 26476 270 2 0.599978 0.562637 0.0373412 26 8 17 8
26774 26487 287 0 0.599787 0.563351 0.0364362 25 9 19 7
26855 26518 337 20 0.399913 0.356114 0.0437995 21 13 18 13
27318 27104 214 1 0.399985 0.366115 0.0338694 26 8 21 7
27617 27161 456 7 0.399937 0.348223 0.0517145 28 6 26 4
27651 27488 163 9 0.299915 0.277006 0.0229081 26 8 24 6
27683 27373 310 18 0.299961 0.260355 0.0396059 22 12 19 12
27755 27610 145 11 0.399961 0.375265 0.0246965 24 10 22 9
28157 28096 61 26 0.5 0.491105 0.00889488 29 5 24 3
28548 28213 335 23 0.599946 0.556837 0.0431097 22 12 17 10
28759 28642 117 17 0.299907 0.284376 0.0155305 28 6 25 6
28786 28431 355 6 0.499924 0.447511 0.0524128 27 7 20 5
28905 28596 309 34 0.699962 0.661879 0.0380832 25 9 23 6
29129 28661 468 21 0.299919 0.236142 0.0637777 26 8 24 8
29212 28132 1080 24 0.599972 0.422168 0.177804 31 3 24 2
29576 29308 268 19 0.69999 0.665136 0.0348542 27 7 14 3
29663 28874 789 4 0.499918 0.358669 0.14125 22 12 17 10
29679 28626 1053 25 0.599837 0.39954 0.200297 26 8 23 7
29718 28783 935 28 0.599951 0.423968 0.175984 22 12 17 8
