859 718 141 8 0.89986 0.879983 0.0198764 14 0 14 0
1467 1382 85 14 0.799926 0.789219 0.0107074 18 1 18 0
1509 1423 86 13 0.799993 0.788731 0.0112626 23 1 23 1
1516 1452 64 16 0.799869 0.790567 0.0093014 15 0 15 0
1530 1421 109 28 0.799853 0.785255 0.0145978 19 0 19 0
1563 1417 146 6 0.799944 0.776871 0.0230726 22 0 22 0
1641 1454 187 30 0.799868 0.766262 0.0336056 18 2 18 2
2153 2098 55 19 0.699986 0.691888 0.00809759 13 7 13 7
2164 2097 67 2 0.699956 0.69019 0.0097664 20 0 20 0
2368 2165 203 29 0.69993 0.670182 0.0297483 21 3 21 2
2386 2235 151 18 0.699965 0.675167 0.0247988 20 2 20 2
2413 2215 198 11 0.699986 0.669923 0.0300632 22 1 22 1
2529 2166 363 32 0.69999 0.645235 0.0547542 22 2 22 2
2941 2804 137 7 0.599928 0.580825 0.0191031 24 8 23 6
2942 2817 125 22 0.599948 0.586159 0.0137898 24 5 24 5
2985 2852 133 27 0.599842 0.582981 0.016861 29 3 29 3
3029 2878 151 33 0.599969 0.578234 0.0217356 23 7 23 7
3080 2870 210 1 0.5999 0.570719 0.0291811 24 3 24 2
3106 2760 346 12 0.59978 0.55866 0.0411199 19 8 19 8
3131 2831 300 0 0.599995 0.561559 0.0384354 25 3 25 3
3131 2887 244 24 0.599934 0.568526 0.0314071 21 6 20 4
3162 2846 316 26 0.599908 0.558941 0.0409669 16 8 17 8
3596 2944 652 25 0.59997 0.511285 0.0886842 22 4 22 4
3775 3661 114 15 0.499949 0.487293 0.012656 27 4 27 4
3835 3569 266 31 0.499983 0.463494 0.0364883 18 11 18 11
3956 3694 262 4 0.499974 0.466719 0.0332554 23 7 23 7
4022 3576 446 3 0.499929 0.439927 0.0600013 21 9 21 9
4025 3704 321 9 0.499892 0.458718 0.0411744 28 3 28 2
4514 3801 713 34 0.499893 0.400008 0.0998852 24 2 24 2
4529 4250 279 5 0.399987 0.363859 0.0361276 27 6 27 6
4648 4470 178 17 0.399799 0.376838 0.0229609 24 9 24 9
4654 4248 406 23 0.39988 0.34537 0.0545107 20 11 20 11
4660 4380 280 8 0.599972 0.565077 0.0348952 24 7 21 7
4946 4621 325 20 0.399923 0.359973 0.0399499 27 5 27 5
5463 5164 299 21 0.299905 0.262742 0.0371638 21 12 21 12
5659 5336 323 14 0.599841 0.558737 0.0411044 17 9 15 8
6118 5289 829 10 0.299934 0.13799 0.161944 22 8 22 8
6720 6563 157 30 0.499978 0.476995 0.0229829 27 5 24 4
6722 6352 370 6 0.499959 0.449228 0.0507311 23 9 20 9
6743 6670 73 0 0.799929 0.788306 0.0116233 22 8 9 6
7312 7020 292 13 0.399992 0.361013 0.0389788 24 10 21 10
7388 7153 235 28 0.399977 0.367038 0.0329387 25 7 23 7
7527 7132 395 32 0.599966 0.547757 0.0522093 21 13 17 13
7634 7358 276 15 0.799989 0.761655 0.0383343 27 6 18 4
7842 7449 393 18 0.499937 0.445945 0.0539912 26 6 20 6
7856 7694 162 4 0.79997 0.779662 0.020308 22 9 13 6
8001 7727 274 27 0.599939 0.564001 0.0359378 28 6 19 6
8096 7969 127 8 0.799994 0.784807 0.0151865 21 10 15 6
8192 8000 192 12 0.599927 0.569706 0.0302213 20 13 15 12
8300 8014 286 19 0.399949 0.363555 0.0363943 25 9 23 9
8628 8466 162 11 0.39998 0.377797 0.0221827 29 4 27 4
8816 7934 882 16 0.299917 0.189805 0.110112 21 10 20 10
9008 8642 366 3 0.69997 0.650582 0.0493885 26 7 20 5
9014 8677 337 1 0.499978 0.456752 0.043226 28 4 24 4
9142 8642 500 33 0.499902 0.429684 0.0702178 32 2 27 1
9417 9128 289 0 0.799962 0.760767 0.0391945 24 9 15 5
9761 9367 394 7 0.399888 0.336081 0.0638063 23 12 15 10
9793 8019 1774 2 0.399968 0.0705232 0.329445 22 9 19 9
10000 9947 53 20 0.69993 0.692339 0.00759114 22 11 17 8
10053 9188 865 29 0.299938 0.156156 0.143782 21 13 20 12
10158 9814 344 24 0.399894 0.352756 0.0471377 21 9 15 8
10255 9980 275 22 0.299921 0.263693 0.0362278 19 14 18 14
10302 8680 1622 26 0.499991 0.21408 0.285911 30 2 28 2
10346 9974 372 9 0.499941 0.451836 0.0481049 22 10 16 10
11405 11261 144 31 0.299784 0.27858 0.0212046 25 9 25 8
11417 11009 408 25 0.29983 0.243534 0.0562955 23 11 23 11
11526 11241 285 23 0.499941 0.462894 0.0370472 21 11 17 11
12239 11836 403 17 0.399921 0.341884 0.0580374 26 8 24 8
12282 12229 53 34 0.299791 0.291922 0.00786867 26 8 25 8
12502 12449 53 32 0.599976 0.591702 0.00827387 24 10 22 9
12506 12277 229 13 0.699895 0.670126 0.0297693 26 8 17 7
12849 12490 359 5 0.299868 0.256 0.0438685 24 10 23 10
12934 12577 357 4 0.499953 0.449479 0.0504745 28 5 22 4
12944 12336 608 15 0.499926 0.398087 0.10184 24 10 20 10
12976 12752 224 14 0.299918 0.268978 0.0309407 21 11 20 11
13285 13112 173 18 0.599911 0.573974 0.0259373 18 16 15 14
13454 12698 756 27 0.599944 0.478654 0.12129 28 6 25 5
13456 13165 291 19 0.6999 0.667188 0.0327116 21 13 15 9
13582 13068 514 28 0.599921 0.514777 0.085144 24 9 17 5
13692 12766 926 1 0.799954 0.620993 0.178961 30 4 15 3
14444 14391 53 3 0.499973 0.493916 0.006057 26 8 22 8
14470 13550 920 10 0.499908 0.322852 0.177055 20 13 18 11
14793 13110 1683 21 0.399932 0.176881 0.223051 22 12 17 11
14795 14362 433 8 0.299946 0.242356 0.0575898 21 13 17 12
14870 14477 393 6 0.299963 0.238158 0.0618055 19 15 18 14
15211 14930 281 9 0.699928 0.664854 0.0350732 22 11 12 7
15212 15122 90 20 0.499878 0.485709 0.0141694 24 10 20 8
15299 15208 91 24 0.699902 0.686617 0.0132851 20 12 11 11
15489 13677 1812 30 0.399898 0.189714 0.210184 21 13 19 12
15724 15428 296 12 0.299918 0.259917 0.0400015 22 12 18 12
15788 15057 731 0 0.399806 0.287615 0.112191 21 12 18 10
15956 15795 161 11 0.399969 0.375983 0.0239868 21 13 19 13
16296 15362 934 33 0.499962 0.370414 0.129548 28 6 17 6
16501 16319 182 22 0.599927 0.576789 0.0231382 24 10 18 8
17227 16775 452 16 0.399979 0.336719 0.06326 22 12 20 10
17418 17076 342 26 0.49994 0.455976 0.0439635 26 7 18 7
17431 16443 988 7 0.499946 0.367655 0.132291 26 9 17 6
17565 17397 168 31 0.599892 0.576621 0.0232709 29 5 24 1
17915 17808 107 5 0.699921 0.686649 0.0132721 22 12 13 10
18034 17621 413 2 0.499976 0.441765 0.0582111 25 8 19 7
18176 18013 163 32 0.499823 0.474092 0.0257312 24 10 20 10
18243 17881 362 28 0.699991 0.655252 0.0447394 29 5 17 4
18476 18149 327 4 0.599969 0.557302 0.0426671 24 10 19 9
18900 17329 1571 29 0.499912 0.314252 0.18566 22 12 19 9
19380 18936 444 18 0.49993 0.435671 0.0642593 24 10 20 8
19417 19269 148 13 0.299966 0.277748 0.0222182 21 13 18 13
19571 19451 120 19 0.39993 0.385328 0.0146022 26 8 21 7
19659 17806 1853 23 0.499926 0.168905 0.331021 20 14 16 12
19846 19714 132 3 0.599958 0.583692 0.0162655 21 13 15 10
20072 20018 54 15 0.399897 0.392062 0.00783501 22 12 21 11
20106 19686 420 14 0.499967 0.444486 0.055481 27 6 24 5
20139 19860 279 25 0.299986 0.263203 0.0367832 24 10 24 8
20296 20124 172 27 0.399958 0.376228 0.0237304 24 10 23 10
20539 20298 241 17 0.299888 0.265797 0.0340902 19 15 18 15
20630 20520 110 24 0.499942 0.484669 0.0152733 26 8 20 7
20795 20434 361 28 0.899937 0.850299 0.0496385 30 4 5 1
20837 20563 274 34 0.299918 0.263776 0.0361422 23 11 21 10
21019 20849 170 0 0.699892 0.676459 0.023433 27 6 21 2
21059 20633 426 1 0.299998 0.241559 0.0584394 23 11 21 11
21061 20940 121 8 0.599897 0.584587 0.0153106 26 8 22 6
21091 20994 97 30 0.699984 0.683176 0.0168075 22 12 18 8
21450 21162 288 20 0.499932 0.458196 0.0417364 27 7 25 6
21704 21537 167 11 0.599989 0.576244 0.0237452 18 16 17 15
22312 21992 320 9 0.299932 0.252534 0.0473973 23 11 23 11
22340 22082 258 21 0.499903 0.462971 0.0369316 23 11 19 10
22639 22372 267 6 0.399959 0.365333 0.0346262 23 11 20 11
22769 22710 59 22 0.391668 0.383569 0.00809945 23 11 18 8
22965 22815 150 33 0.499949 0.480295 0.0196538 23 11 18 10
23205 23038 167 5 0.499975 0.481582 0.0183929 21 13 19 12
23647 21793 1854 10 0.399953 0.118245 0.281708 23 11 21 9
23714 23420 294 2 0.599936 0.560612 0.039324 23 11 20 9
23937 23225 712 31 0.499914 0.37944 0.120474 22 12 19 10
24171 23946 225 7 0.499941 0.470103 0.0298378 26 9 19 7
24195 24053 142 29 0.699909 0.675578 0.0243303 25 9 19 5
24210 23895 315 16 0.499956 0.458159 0.0417968 24 10 21 8
24230 24176 54 12 0.299964 0.291164 0.00879955 20 14 20 14
24315 24208 107 32 0.499817 0.483736 0.016081 20 14 14 13
24581 24218 363 4 0.499922 0.449132 0.05079 23 11 18 11
24783 21946 2837 26 0.699988 0.279948 0.420041 25 9 19 7
25535 25356 179 18 0.499923 0.472116 0.0278069 18 16 16 12
25660 25512 148 30 0.599976 0.579421 0.0205554 24 10 16 9
25858 24769 1089 3 0.599908 0.402248 0.19766 23 11 13 7
26099 25913 186 13 0.499972 0.47431 0.025662 22 12 13 3
26110 25793 317 8 0.599997 0.55906 0.0409377 24 10 15 10
26211 25861 350 17 0.699919 0.656097 0.0438217 20 14 16 10
26334 25975 359 20 0.699994 0.652631 0.0473633 28 6 21 5
26367 26155 212 25 0.599954 0.573783 0.0261714 25 9 15 5
26673 26274 399 14 0.499915 0.442197 0.0577172 29 5 24 5
26952 26640 312 27 0.499895 0.460945 0.0389504 21 13 17 12
27347 26974 373 21 0.699961 0.646623 0.0533376 22 12 15 10
27433 27268 165 11 0.499935 0.477863 0.0220726 23 11 21 10
27635 27573 62 19 0.278846 0.271386 0.00746014 24 10 16 7
27661 27309 352 24 0.399787 0.357443 0.0423442 28 6 24 6
27997 26058 1939 28 0.399965 0.0756901 0.324275 24 10 22 9
28006 27009 997 23 0.499913 0.350229 0.149684 20 14 17 12
28178 27799 379 1 0.499938 0.45039 0.0495482 21 13 16 11
28282 27756 526 0 0.299933 0.226959 0.0729741 26 8 21 8
28371 26370 2001 15 0.499832 0.14673 0.353101 25 9 21 8
28528 28186 342 33 0.599929 0.551883 0.0480456 22 12 17 9
28774 28428 346 5 0.599992 0.55805 0.0419427 25 9 21 7
28942 28489 453 4 0.799965 0.736392 0.0635723 26 8 16 4
28969 28504 465 34 0.399895 0.331585 0.0683093 23 11 21 10
29088 28481 607 9 0.599936 0.510817 0.0891187 22 12 18 9
29618 29441 177 7 0.599964 0.576402 0.0235621 25 10 20 8
