740 682 58 4 0.899807 0.892381 0.00742679 13 0 13 0
805 689 116 17 0.899985 0.883763 0.0162228 15 0 15 0
940 652 288 7 0.899971 0.846404 0.0535672 10 0 10 0
995 651 344 22 0.899958 0.851344 0.0486139 8 0 8 0
1005 722 283 20 0.89997 0.854169 0.045801 10 1 10 1
1617 1417 200 18 0.799924 0.771572 0.0283517 17 2 17 2
1660 1415 245 29 0.799951 0.768341 0.0316098 18 0 18 0
1678 1343 335 23 0.799944 0.756509 0.0434351 19 1 19 1
1686 1460 226 26 0.799997 0.76801 0.0319863 11 2 10 1
2337 2146 191 28 0.699968 0.676821 0.0231475 23 4 23 3
2341 2229 112 27 0.699918 0.681463 0.0184554 23 3 23 3
2364 2143 221 0 0.699908 0.670543 0.0293655 24 1 24 1
2373 2013 360 5 0.699834 0.654368 0.0454661 23 3 23 3
2392 2113 279 24 0.699818 0.657412 0.0424057 21 3 20 2
2451 2254 197 3 0.699858 0.670752 0.0291066 25 4 25 4
2452 2122 330 19 0.699899 0.651276 0.0486233 24 5 24 5
2496 2104 392 25 0.699947 0.642792 0.0571554 20 3 20 3
2518 2189 329 11 0.699879 0.651833 0.048046 25 3 25 3
2965 2877 88 33 0.59996 0.586843 0.0131165 22 9 22 9
3187 2889 298 16 0.599921 0.561057 0.0388647 25 2 25 2
3195 2761 434 17 0.799944 0.738584 0.0613605 23 1 16 1
3259 3057 202 2 0.599936 0.572644 0.0272919 25 4 25 4
3265 2968 297 32 0.599978 0.563265 0.0367134 19 5 19 5
3424 3298 126 4 0.699899 0.682585 0.0173137 17 13 17 13
3860 3634 226 15 0.499953 0.471329 0.0286238 21 11 21 11
3893 3747 146 9 0.499935 0.478429 0.0215064 29 3 29 2
3909 3695 214 1 0.49996 0.472191 0.0277692 23 10 23 10
4511 4350 161 10 0.399914 0.378331 0.0215831 27 5 27 5
4624 4351 273 8 0.399999 0.359945 0.0400545 23 8 23 8
4705 4479 226 14 0.399953 0.36895 0.0310025 27 3 27 3
4973 4636 337 7 0.599991 0.554416 0.045575 23 5 22 5
5233 3744 1489 34 0.499951 0.320244 0.179707 26 9 26 9
5265 5124 141 6 0.299983 0.281315 0.0186676 23 10 23 10
5373 5207 166 13 0.299958 0.278891 0.0210671 26 6 26 6
5491 5252 239 31 0.299995 0.261779 0.0382153 23 8 23 8
5551 5176 375 21 0.299923 0.247444 0.0524783 29 5 29 5
5932 5624 308 18 0.599981 0.556335 0.0436461 24 6 21 6
6052 5955 97 5 0.699993 0.685778 0.0142144 25 7 15 5
6103 5152 951 12 0.3 0.17966 0.12034 26 6 26 6
6357 6102 255 22 0.399992 0.3607 0.0392921 22 10 22 10
6398 6221 177 20 0.39998 0.371737 0.0282438 24 7 23 7
6463 5431 1032 30 0.299992 0.158859 0.141133 28 6 28 6
6778 6425 353 26 0.499973 0.449074 0.0508992 23 6 23 6
6815 6482 333 23 0.499992 0.454156 0.0458356 25 6 22 6
7035 6889 146 11 0.599986 0.580994 0.018992 21 9 13 8
7208 6995 213 19 0.599998 0.572995 0.0270033 29 3 19 2
7453 7118 335 2 0.699988 0.658158 0.0418297 22 9 10 7
7935 7601 334 3 0.499944 0.454932 0.045012 23 11 18 11
8442 8388 54 0 0.399982 0.391689 0.00829239 15 19 13 19
8881 8251 630 27 0.399991 0.275699 0.124292 21 12 17 12
8891 8117 774 29 0.299944 0.189418 0.110526 21 12 20 12
8914 6273 2641 25 0.699973 0.248132 0.451841 23 8 17 7
9097 8973 124 32 0.499938 0.484019 0.0159188 18 13 14 12
9114 7789 1325 4 0.59998 0.392803 0.207177 19 12 11 9
9199 8838 361 17 0.399904 0.352246 0.0476577 14 18 14 18
9214 7176 2038 28 0.499994 0.16926 0.330735 19 14 16 14
9255 9031 224 14 0.799913 0.769678 0.0302345 25 6 8 4
9386 9327 59 33 0.399918 0.392006 0.00791176 23 10 22 10
9805 9223 582 24 0.299927 0.232639 0.0672886 21 13 19 12
9839 9726 113 8 0.699953 0.682598 0.0173544 23 9 14 5
9947 9827 120 9 0.49992 0.482613 0.0173061 21 12 19 11
10281 9644 637 5 0.699933 0.59742 0.102513 21 13 10 10
10288 9990 298 7 0.599966 0.562405 0.0375612 22 9 18 6
10953 10671 282 15 0.399999 0.365993 0.0340058 25 9 19 9
11201 10956 245 21 0.699973 0.666388 0.0335853 24 10 17 8
11278 10933 345 1 0.399911 0.356358 0.0435521 21 13 19 10
11627 11441 186 26 0.699931 0.676365 0.0235657 25 8 18 7
11840 11117 723 11 0.699901 0.575045 0.124856 25 8 17 7
12091 11563 528 31 0.599992 0.527069 0.0729231 25 9 20 8
12125 11725 400 34 0.4999 0.445302 0.0545974 21 13 19 12
12159 11825 334 10 0.39999 0.349757 0.0502323 20 14 19 14
12220 10445 1775 16 0.299992 0.0971214 0.202871 25 9 23 9
12524 12432 92 18 0.399911 0.388077 0.0118342 22 11 18 9
12816 11834 982 12 0.699865 0.581982 0.117882 19 15 12 11
12915 12862 53 22 0.499885 0.488619 0.0112657 22 12 17 11
12933 12788 145 6 0.399969 0.378402 0.0215672 25 9 21 8
12960 12747 213 20 0.499911 0.471565 0.0283459 25 8 21 8
13295 13083 212 13 0.399917 0.373608 0.0263091 29 5 24 4
13456 13088 368 23 0.499961 0.452963 0.0469974 26 8 23 7
13458 13388 70 19 0.392531 0.383603 0.00892823 28 5 24 5
13637 13584 53 2 0.369072 0.36127 0.00780252 20 14 19 14
14181 13299 882 27 0.799891 0.662924 0.136967 24 9 14 7
14784 14443 341 25 0.699996 0.658908 0.0410881 22 10 19 8
14833 14411 422 9 0.699957 0.641707 0.0582501 27 6 16 5
14860 14491 369 30 0.399992 0.352354 0.0476382 25 9 22 8
15049 14908 141 8 0.499916 0.481188 0.0187285 26 8 23 7
15129 14879 250 0 0.499967 0.467749 0.0322184 24 10 20 7
15550 15416 134 4 0.499895 0.482954 0.016941 18 16 14 12
15776 15338 438 29 0.5999 0.543963 0.0559373 22 11 15 9
15836 15721 115 3 0.299969 0.286227 0.0137414 22 12 19 7
15891 15756 135 33 0.499908 0.483131 0.0167767 31 3 26 2
15908 15852 56 7 0.499843 0.491563 0.00828 22 11 20 10
16027 15939 88 15 0.699908 0.686968 0.0129401 25 9 15 6
16075 15705 370 14 0.2999 0.251199 0.0487018 27 7 25 7
16214 15855 359 11 0.699903 0.653649 0.0462537 24 10 18 7
16540 16276 264 17 0.399961 0.364437 0.0355244 25 9 24 9
16634 16343 291 31 0.699947 0.664666 0.0352813 25 9 21 8
16668 16500 168 28 0.499969 0.475815 0.0241548 25 9 20 8
16740 16536 204 18 0.799983 0.768946 0.0310367 21 13 15 8
16965 16797 168 26 0.499919 0.479474 0.0204455 26 7 24 7
17137 16724 413 32 0.299962 0.243326 0.0566357 23 11 21 8
17489 17192 297 21 0.399996 0.363614 0.0363821 25 9 21 8
17494 16919 575 24 0.499974 0.41805 0.0819237 24 10 14 2
17739 17544 195 34 0.599948 0.572163 0.0277848 28 6 24 3
17908 17286 622 5 0.299921 0.201755 0.0981662 29 5 28 4
18308 18047 261 22 0.599985 0.567834 0.0321511 24 10 20 6
18444 18279 165 12 0.499976 0.476271 0.0237047 20 14 16 12
18797 18703 94 10 0.499978 0.487723 0.0122558 24 10 22 9
19380 19137 243 19 0.599955 0.562724 0.0372303 29 5 24 4
19404 19331 73 29 0.799896 0.788501 0.0113946 25 8 9 2
19508 19304 204 1 0.29992 0.26896 0.03096 24 10 22 9
19633 19337 296 2 0.59995 0.557529 0.0424215 22 12 20 7
19693 19606 87 27 0.399959 0.386439 0.0135203 25 9 22 9
19699 19246 453 11 0.799992 0.738344 0.0616484 26 8 15 3
19999 19876 123 16 0.499901 0.47992 0.019981 24 10 17 4
20031 19764 267 13 0.499863 0.458631 0.0412329 23 11 17 10
20179 20017 162 25 0.499913 0.478701 0.0212115 22 12 18 7
20471 19936 535 18 0.699957 0.633153 0.066804 22 12 14 8
20727 20642 85 20 0.299989 0.287737 0.0122517 28 6 25 6
20832 20553 279 17 0.799938 0.762718 0.0372199 25 9 16 5
21111 20945 166 23 0.299948 0.277803 0.022145 28 6 24 5
21295 21119 176 9 0.399972 0.377958 0.0220142 28 5 26 5
21351 21176 175 33 0.599896 0.572789 0.0271073 28 6 23 5
21402 21103 299 6 0.299971 0.263655 0.0363167 23 11 21 11
21489 21134 355 3 0.699921 0.647431 0.0524896 23 11 16 7
21785 21519 266 14 0.699997 0.661467 0.0385301 26 8 18 5
22039 21939 100 8 0.399978 0.387093 0.012885 17 17 13 16
22087 21908 179 0 0.399986 0.372763 0.0272227 28 6 26 5
22183 22057 126 30 0.399827 0.378798 0.021029 27 7 23 6
22882 22660 222 7 0.399932 0.373869 0.026063 27 7 26 5
23009 22827 182 15 0.299942 0.274635 0.0253066 24 10 23 10
23097 22628 469 34 0.5999 0.520763 0.0791376 25 9 18 6
23383 23301 82 32 0.599952 0.586539 0.0134126 21 13 13 11
23443 23168 275 4 0.299979 0.259071 0.0409076 27 7 27 7
23668 23553 115 5 0.699899 0.680514 0.0193849 25 9 10 6
24067 23757 310 26 0.399976 0.361467 0.0385085 25 9 21 9
24096 23929 167 22 0.499915 0.479798 0.0201167 24 10 19 9
24175 23465 710 31 0.299899 0.197537 0.102362 24 10 22 10
24194 24115 79 28 0.299995 0.289173 0.0108217 24 10 23 9
24292 24161 131 19 0.59997 0.582628 0.0173416 29 5 25 5
24429 24376 53 24 0.399949 0.391448 0.00850138 20 14 20 11
24505 23986 519 21 0.499939 0.423053 0.0768863 27 7 22 6
24721 24535 186 27 0.699916 0.678431 0.0214842 23 11 15 7
25147 24517 630 3 0.799961 0.68408 0.115881 28 6 18 4
25219 25161 58 16 0.59982 0.591746 0.00807341 29 5 25 5
25631 25330 301 11 0.399958 0.359734 0.0402241 24 10 18 9
25690 25359 331 12 0.399864 0.359032 0.0408321 19 15 19 13
25741 25666 75 29 0.299954 0.286975 0.0129797 28 6 26 6
25781 25476 305 10 0.399822 0.363163 0.0366587 26 8 24 8
25786 25393 393 2 0.49993 0.449322 0.0506089 23 11 22 10
26182 25887 295 20 0.699908 0.658108 0.0417997 29 5 16 2
26326 25792 534 17 0.499989 0.406541 0.0934478 27 7 22 5
26384 26266 118 33 0.599961 0.585979 0.0139819 25 9 16 8
26537 26484 53 1 0.469731 0.45939 0.0103413 17 17 14 15
26558 26328 230 9 0.699907 0.659454 0.0404525 26 8 18 7
26603 26231 372 14 0.599974 0.550675 0.0492995 28 6 18 2
27488 27183 305 5 0.699883 0.66263 0.0372532 20 14 12 10
27516 25382 2134 13 0.599978 0.248713 0.351265 25 9 20 7
27795 27510 285 6 0.599915 0.563088 0.0368275 21 13 18 11
27806 27406 400 18 0.299984 0.253508 0.046476 21 13 19 11
27937 27693 244 25 0.299919 0.270281 0.0296381 21 13 18 13
28434 28381 53 3 0.776942 0.768464 0.00847797 26 8 6 3
28434 28294 140 34 0.599903 0.577663 0.0222396 25 9 22 8
28732 28509 223 16 0.799945 0.774128 0.0258171 29 5 17 4
28918 28830 88 31 0.799994 0.786876 0.0131181 24 10 16 6
29096 28846 250 8 0.399976 0.368371 0.0316055 26 8 22 5
29263 29025 238 26 0.699791 0.667917 0.0318738 26 8 15 5
29373 29240 133 0 0.399891 0.381087 0.0188031 27 7 24 5
29529 29145 384 27 0.599981 0.547965 0.0520156 27 7 22 5
29569 28692 877 30 0.499892 0.351409 0.148482 30 4 24 3
29855 29530 325 23 0.299959 0.258644 0.0413158 30 4 23 4
29871 29795 76 32 0.399944 0.386998 0.0129466 25 9 23 9
