782 665 117 2 0.899772 0.881282 0.01849 9 0 9 0
876 695 181 10 0.899948 0.87483 0.0251181 12 0 12 0
882 638 244 6 0.899993 0.869238 0.0307546 10 0 10 0
902 671 231 34 0.899932 0.86817 0.0317625 13 2 12 1
1577 1473 104 9 0.799952 0.785081 0.0148709 22 1 22 1
1641 1463 178 16 0.799971 0.776325 0.0236453 19 3 20 2
1746 1495 251 7 0.799989 0.767421 0.0325681 22 2 22 2
2201 2130 71 3 0.699953 0.689043 0.0109092 23 1 23 1
2245 2192 53 15 0.699895 0.693326 0.00656928 22 3 22 3
2331 2116 215 18 0.699926 0.669797 0.0301287 15 0 15 0
2537 2176 361 28 0.69992 0.654251 0.0456685 21 2 21 2
2578 2232 346 30 0.699899 0.654689 0.04521 20 2 20 2
2750 2185 565 23 0.69994 0.610145 0.0897952 22 5 22 7
2800 2730 70 5 0.599861 0.590648 0.00921249 20 3 20 3
2891 2836 55 21 0.599945 0.591855 0.00808941 21 3 21 3
2958 2793 165 32 0.599956 0.578895 0.0210609 24 1 24 0
2979 2804 175 26 0.59992 0.578389 0.0215315 26 5 26 5
3014 2937 77 24 0.599881 0.58758 0.0123011 22 2 22 2
3042 2965 77 31 0.599845 0.588608 0.0112373 25 3 25 3
3148 2844 304 19 0.599931 0.561637 0.0382941 25 3 25 3
3224 3016 208 4 0.599923 0.570391 0.0295324 24 2 24 2
3487 3432 55 0 0.499789 0.490713 0.00907624 25 6 25 6
3772 3600 172 8 0.499981 0.477789 0.0221916 26 4 26 4
3857 3602 255 6 0.699929 0.668353 0.0315759 17 5 14 5
4156 3768 388 11 0.499909 0.450006 0.0499024 26 3 26 3
4663 4326 337 33 0.399901 0.357065 0.0428361 18 11 18 11
4689 4522 167 10 0.599951 0.575881 0.0240707 23 5 18 5
4709 4495 214 13 0.399947 0.373951 0.0259954 28 3 28 3
4746 4446 300 27 0.399897 0.363993 0.0359045 27 4 27 4
4750 4401 349 22 0.399922 0.350696 0.049225 19 12 19 12
4751 4404 347 34 0.599987 0.559605 0.0403818 22 8 21 8
4826 4470 356 17 0.399993 0.3549 0.0450927 27 4 27 4
5128 4810 318 9 0.699938 0.658206 0.0417327 26 2 22 2
5284 5208 76 1 0.299984 0.289645 0.0103394 25 8 25 8
5396 5291 105 29 0.299804 0.283412 0.0163917 25 8 25 8
5402 5063 339 14 0.299839 0.257117 0.0427224 24 5 24 5
5441 5184 257 25 0.299937 0.267443 0.0324943 23 9 23 9
5609 5231 378 12 0.299765 0.249866 0.0498988 24 11 24 11
5619 5200 419 20 0.299938 0.246823 0.0531152 29 3 29 3
7104 6658 446 3 0.599903 0.538911 0.0609922 21 9 16 9
7126 6799 327 18 0.599982 0.556118 0.0438639 20 5 17 5
7157 5778 1379 2 0.399774 0.184027 0.215746 24 10 23 10
7453 7160 293 16 0.399973 0.353098 0.0468746 21 11 18 11
7529 7207 322 28 0.599943 0.550502 0.0494411 23 10 20 10
7731 7339 392 7 0.399996 0.347719 0.0522771 23 11 20 11
7867 7545 322 6 0.699953 0.65607 0.0438837 25 5 16 5
8257 8155 102 15 0.399982 0.388771 0.0112111 28 5 24 5
8557 8342 215 21 0.499962 0.467478 0.0324839 20 13 17 13
8672 8391 281 31 0.499773 0.461288 0.0384853 21 13 17 13
8778 8416 362 5 0.499884 0.448377 0.051507 23 8 17 8
8832 8779 53 34 0.699878 0.690296 0.00958178 23 9 16 9
8849 8565 284 30 0.399761 0.357442 0.0423194 22 6 18 6
8868 8474 394 26 0.499905 0.44215 0.0577545 23 10 17 10
8973 8654 319 24 0.499958 0.453184 0.0467745 23 11 19 11
9043 8843 200 0 0.599893 0.575311 0.0245813 20 12 12 10
9064 8718 346 11 0.699993 0.651647 0.048346 24 8 11 6
9184 8817 367 19 0.49993 0.448956 0.0509744 26 7 17 6
9680 9400 280 10 0.599997 0.563062 0.0369353 18 14 13 13
9791 9605 186 23 0.299925 0.26648 0.0334452 14 20 13 20
10138 9884 254 8 0.499914 0.46503 0.0348838 23 10 20 9
10523 10343 180 4 0.299949 0.277237 0.0227126 23 11 22 11
10775 9427 1348 32 0.399945 0.214766 0.185178 20 12 18 12
11105 9599 1506 1 0.799975 0.585418 0.214557 26 8 10 3
11222 10398 824 27 0.599989 0.48565 0.114339 23 11 14 8
11451 11152 299 13 0.499943 0.462558 0.0373856 25 8 19 8
11504 10616 888 29 0.699945 0.551608 0.148336 26 8 17 6
11623 11330 293 22 0.499785 0.457676 0.0421084 24 9 22 7
11831 11778 53 33 0.399797 0.390896 0.00890071 23 10 22 9
12050 11710 340 6 0.699992 0.653807 0.0461843 25 8 14 6
12260 12198 62 11 0.773677 0.766382 0.00729421 24 10 15 7
12262 11926 336 9 0.299901 0.243408 0.0564934 25 9 23 9
12554 12279 275 21 0.799997 0.759749 0.0402485 23 10 12 2
12581 11750 831 20 0.599892 0.48495 0.114942 27 6 20 6
12674 12048 626 17 0.399917 0.304751 0.0951652 24 10 17 10
12720 12394 326 28 0.599895 0.55831 0.0415849 30 4 23 3
12759 12450 309 16 0.699895 0.661023 0.0388715 26 8 19 6
13658 13419 239 2 0.599958 0.564358 0.0355993 23 11 19 10
14065 13646 419 19 0.699906 0.638634 0.0612729 27 7 9 2
14153 13917 236 25 0.299983 0.267017 0.0329654 25 9 23 9
14201 14068 133 7 0.499884 0.480118 0.0197664 22 12 13 8
14254 13753 501 14 0.299988 0.227852 0.072136 26 5 26 4
14272 12994 1278 30 0.799973 0.587641 0.212332 27 7 16 4
14381 13102 1279 12 0.399894 0.172957 0.226938 21 15 19 14
14533 14477 56 18 0.299919 0.293768 0.00615111 24 9 19 8
14563 14361 202 3 0.299931 0.276279 0.0236524 25 9 23 9
15017 14941 76 4 0.799872 0.788048 0.011824 24 10 11 4
15105 14643 462 0 0.499932 0.433215 0.0667177 29 5 23 5
15187 14924 263 26 0.499904 0.46183 0.0380739 23 10 19 8
15449 14734 715 5 0.499922 0.406806 0.0931151 26 8 22 8
15493 14661 832 31 0.499897 0.403602 0.0962956 25 9 21 8
16124 15785 339 6 0.699919 0.658152 0.0417677 22 11 13 9
16129 15444 685 15 0.399967 0.296479 0.103489 30 4 25 4
16297 15850 447 1 0.599975 0.54169 0.0582848 25 9 19 8
16302 15972 330 23 0.599966 0.555172 0.0447939 26 8 20 4
16383 15350 1033 34 0.299918 0.180036 0.119882 22 12 21 11
16442 16220 222 8 0.499958 0.469452 0.0305059 23 11 20 8
16685 16370 315 11 0.599966 0.557466 0.0425 30 4 19 1
16975 16627 348 24 0.299908 0.254734 0.0451745 21 13 20 13
17086 16745 341 10 0.299965 0.256704 0.0432602 20 14 19 14
17166 17041 125 32 0.599839 0.583951 0.0158882 18 16 16 11
17526 16231 1295 27 0.599901 0.448537 0.151364 25 9 22 7
18236 18044 192 33 0.49994 0.474054 0.0258869 23 11 17 8
18386 17341 1045 16 0.599981 0.475353 0.124629 25 9 19 7
18656 18509 147 22 0.399886 0.377046 0.02284 23 11 21 8
18679 18337 342 21 0.399906 0.353635 0.0462703 24 10 22 7
18761 18512 249 2 0.599878 0.563475 0.0364029 23 11 19 8
18887 18778 109 29 0.299981 0.28424 0.0157408 24 10 23 10
18940 18609 331 17 0.599979 0.557482 0.0424971 25 9 18 8
19363 19050 313 13 0.29992 0.260387 0.0395332 26 8 23 8
19741 19321 420 20 0.399975 0.331139 0.0688359 22 12 17 11
19852 19192 660 28 0.399957 0.292025 0.107931 22 12 20 10
19914 19710 204 14 0.699985 0.675341 0.024644 28 4 17 3
20249 19890 359 30 0.499971 0.453443 0.0465273 25 9 21 7
20403 20271 132 25 0.599911 0.581587 0.018324 28 6 21 4
20636 20583 53 6 0.599826 0.591539 0.00828783 21 12 18 9
20674 20533 141 4 0.39998 0.379961 0.0200188 30 4 27 3
20703 20262 441 31 0.699991 0.640696 0.0592945 29 5 21 3
20819 20722 97 9 0.29994 0.284801 0.0151387 22 12 20 12
20866 20180 686 19 0.399896 0.315398 0.0844974 27 7 24 7
21293 21034 259 8 0.699996 0.669422 0.0305745 24 10 15 7
22023 21793 230 5 0.499836 0.468237 0.0315984 22 12 19 12
22279 21993 286 1 0.49999 0.461743 0.0382469 17 17 15 16
22383 21344 1039 3 0.499952 0.360023 0.139928 27 7 24 6
22445 22152 293 18 0.399895 0.357389 0.0425065 24 9 22 7
22478 22306 172 11 0.499922 0.475419 0.0245025 29 5 25 4
22512 22265 247 24 0.699989 0.669188 0.0308006 20 14 13 9
22531 22220 311 12 0.39999 0.358303 0.0416876 29 7 24 5
22782 21160 1622 7 0.399779 0.137115 0.262664 25 9 21 9
23198 22796 402 26 0.299891 0.241047 0.0588438 22 12 22 10
23494 23372 122 32 0.399777 0.381729 0.0180482 23 11 20 9
23777 22742 1035 0 0.29996 0.180818 0.119142 22 12 22 11
23830 23514 316 23 0.299767 0.262082 0.0376852 24 10 22 9
23928 23562 366 25 0.799924 0.751831 0.0480925 26 8 11 5
23961 23589 372 34 0.499935 0.454055 0.0458803 24 10 22 9
24211 23670 541 16 0.599918 0.511161 0.0887571 25 9 18 7
24535 24211 324 29 0.69997 0.649322 0.0506483 27 7 18 5
24548 24341 207 15 0.299938 0.27274 0.0271976 24 10 20 10
24768 24331 437 14 0.599997 0.534297 0.0657 26 7 20 7
25206 25067 139 33 0.399908 0.379892 0.0200153 23 11 21 10
25344 25084 260 22 0.49978 0.46214 0.0376398 22 12 17 11
25348 24575 773 17 0.499789 0.376467 0.123322 25 9 22 8
25472 25211 261 31 0.599861 0.566947 0.032914 21 13 19 13
25664 25029 635 6 0.599941 0.498928 0.101012 21 13 16 11
25934 24344 1590 21 0.599944 0.393845 0.206099 22 12 17 10
26218 25926 292 2 0.29989 0.260264 0.0396265 23 11 18 9
26413 26223 190 30 0.499787 0.476702 0.0230854 26 8 25 7
26440 25632 808 10 0.29998 0.165691 0.134289 25 9 25 9
26680 26256 424 20 0.499957 0.437378 0.0625786 27 7 24 6
26765 26352 413 4 0.599916 0.541197 0.0587189 28 6 18 5
26993 26798 195 9 0.599914 0.568207 0.0317063 24 10 16 8
27280 27139 141 28 0.399992 0.377182 0.0228102 26 8 20 7
27412 27291 121 8 0.399891 0.383774 0.0161169 33 1 30 1
27527 27439 88 19 0.499849 0.486752 0.0130974 18 16 12 12
28101 27740 361 13 0.299893 0.249485 0.0504075 28 6 27 5
28547 28424 123 32 0.699962 0.683329 0.0166334 24 10 20 8
28986 28772 214 5 0.399947 0.3689 0.0310465 26 8 22 6
29106 28928 178 29 0.599932 0.579724 0.0202074 21 13 17 13
29167 28772 395 25 0.499902 0.446555 0.0533471 27 7 23 4
29420 29258 162 24 0.299902 0.279111 0.020791 23 11 21 11
29490 29165 325 1 0.399982 0.358647 0.0413355 27 7 25 4
29551 29350 201 0 0.699931 0.674219 0.0257114 26 8 21 5
29636 29241 395 23 0.699967 0.647297 0.05267 24 10 16 6
29731 29553 178 3 0.399994 0.377543 0.0224513 25 9 22 9
