769 678 91 23 0.899981 0.88901 0.0109706 14 0 14 0
780 727 53 6 0.899854 0.893343 0.00651098 10 0 10 0
909 754 155 8 0.899972 0.876597 0.0233756 13 1 13 1
1405 1349 56 32 0.799814 0.791818 0.00799597 18 4 18 2
1563 1443 120 26 0.799946 0.785304 0.014642 15 2 16 2
1668 1394 274 31 0.799877 0.761646 0.0382313 25 0 25 0
1756 1540 216 28 0.799923 0.766727 0.0331957 17 2 17 1
1768 1355 413 29 0.799946 0.748624 0.0513214 19 2 19 1
1842 1456 386 20 0.79996 0.750429 0.0495306 20 2 19 0
2351 2160 191 33 0.699986 0.674461 0.0255252 25 2 25 2
2358 2100 258 1 0.699895 0.665036 0.0348592 23 2 23 2
2365 2225 140 5 0.699837 0.679827 0.0200106 27 3 27 3
2427 2107 320 14 0.699818 0.656253 0.0435652 20 1 20 1
2531 2119 412 27 0.699999 0.641685 0.0583146 24 1 24 1
2613 2168 445 21 0.699871 0.638251 0.06162 15 5 16 4
3051 2769 282 10 0.599779 0.564196 0.035583 26 2 26 2
3083 2833 250 30 0.599932 0.570382 0.0295494 24 5 24 4
3094 2762 332 9 0.599908 0.559952 0.0399562 27 4 27 4
3106 2843 263 7 0.599943 0.566863 0.0330794 20 3 20 3
3152 2877 275 2 0.59989 0.566105 0.0337856 23 5 23 5
3164 2843 321 22 0.599972 0.560089 0.0398832 22 5 22 5
3584 3530 54 25 0.499936 0.492042 0.00789475 25 3 25 3
3876 3766 110 19 0.499906 0.485347 0.0145588 21 6 22 6
3889 3581 308 18 0.499835 0.459059 0.0407758 22 8 22 8
3940 3771 169 13 0.499962 0.478153 0.0218089 25 4 25 4
3959 3602 357 24 0.499997 0.452571 0.0474259 20 13 20 13
4174 3698 476 34 0.499954 0.431939 0.0680157 24 5 24 5
4662 4588 74 16 0.399946 0.390914 0.00903239 22 4 22 4
4671 4486 185 12 0.399943 0.375816 0.0241271 23 11 23 11
5153 4912 241 23 0.499922 0.468503 0.0314182 23 7 22 7
5332 5140 192 17 0.299839 0.273683 0.0261556 22 10 22 10
5390 5162 228 8 0.499983 0.472132 0.0278517 23 9 20 9
5396 5090 306 11 0.299857 0.258311 0.041546 25 6 25 6
5417 5070 347 3 0.299839 0.25679 0.043049 22 9 22 9
5464 5204 260 15 0.299932 0.265038 0.034894 24 10 23 9
5561 5208 353 4 0.299912 0.255564 0.0443484 24 9 24 9
5662 5252 410 0 0.299965 0.242568 0.0573963 27 5 27 5
6126 5755 371 6 0.399908 0.349297 0.0506118 28 4 28 4
6385 5699 686 7 0.899979 0.791414 0.108565 24 3 8 1
6523 6436 87 28 0.499794 0.487347 0.0124468 23 11 20 11
6732 6383 349 26 0.499911 0.451453 0.0484575 24 6 21 6
6736 6669 67 20 0.499832 0.489964 0.00986808 21 12 19 12
6870 6731 139 29 0.499972 0.480628 0.0193441 25 6 20 5
6959 6468 491 31 0.499943 0.433005 0.0669372 17 16 15 16
7023 6878 145 32 0.399905 0.377347 0.0225582 24 8 21 7
7514 7223 291 2 0.699932 0.6637 0.0362329 25 7 11 7
7666 6784 882 5 0.599916 0.467591 0.132325 32 2 22 2
8454 8218 236 1 0.399917 0.370603 0.0293139 12 20 10 20
8486 8147 339 21 0.499883 0.454034 0.0458496 17 12 15 11
8588 8535 53 24 0.681762 0.674146 0.00761588 19 15 6 4
8598 6936 1662 14 0.599881 0.300077 0.299804 26 7 21 7
8959 8772 187 30 0.499923 0.477087 0.0228354 26 7 19 7
9012 8898 114 10 0.499986 0.48425 0.0157363 23 9 14 9
9177 8861 316 33 0.299952 0.263851 0.0361006 17 17 15 17
9207 8867 340 9 0.499984 0.4583 0.041684 23 11 15 10
9314 9041 273 22 0.499961 0.466104 0.0338578 24 9 22 9
9650 8863 787 27 0.399978 0.267686 0.132291 22 10 19 10
9685 9411 274 25 0.499929 0.462998 0.0369312 22 8 11 5
9940 9887 53 18 0.499988 0.493487 0.00650095 19 14 12 11
10026 9844 182 19 0.499958 0.477492 0.022466 24 10 17 8
10527 9996 531 15 0.799971 0.716257 0.0837139 28 6 13 2
10944 10648 296 13 0.399923 0.359436 0.0404875 24 10 20 9
11223 10982 241 4 0.699893 0.670711 0.0291813 21 13 14 8
11232 10945 287 28 0.699904 0.662872 0.0370321 24 10 20 9
11363 11139 224 34 0.399859 0.370834 0.0290243 24 9 24 8
11408 11042 366 12 0.499914 0.4489 0.0510138 23 11 16 6
11597 11169 428 7 0.499797 0.442283 0.0575143 31 1 27 1
11760 11318 442 23 0.499948 0.440796 0.059152 28 6 24 6
11944 11846 98 32 0.699932 0.686717 0.0132148 26 8 19 7
12167 12070 97 8 0.399936 0.385522 0.014414 25 9 22 8
12217 11825 392 0 0.599809 0.54731 0.0524992 28 6 21 5
12737 12584 153 2 0.499951 0.479022 0.0209288 27 6 19 6
13410 12649 761 20 0.499954 0.411092 0.0888617 23 11 19 9
13434 13098 336 11 0.39991 0.358446 0.0414643 24 10 22 10
13780 13503 277 26 0.399986 0.362012 0.0379743 22 12 19 10
13831 13778 53 3 0.299893 0.293353 0.00654027 21 13 19 11
13852 13727 125 17 0.299973 0.281682 0.0182914 24 10 24 10
13952 13687 265 9 0.699916 0.663647 0.0362686 23 11 17 6
13994 12757 1237 16 0.299836 0.126211 0.173625 23 10 20 8
14198 13935 263 15 0.699935 0.663752 0.0361827 29 5 16 4
14403 14147 256 29 0.299885 0.266854 0.0330309 29 5 29 5
14414 14202 212 6 0.299892 0.269811 0.0300809 32 1 29 1
14601 14548 53 14 0.599959 0.590714 0.00924503 29 5 23 3
14710 14657 53 21 0.499918 0.492364 0.00755359 27 5 25 4
14770 14677 93 22 0.599842 0.587348 0.0124939 22 12 15 10
15002 14635 367 31 0.299984 0.250082 0.0499014 27 7 27 7
15049 14894 155 18 0.599931 0.57997 0.0199609 27 6 20 4
15341 14968 373 27 0.69991 0.651223 0.0486872 23 11 17 9
15390 14976 414 25 0.599967 0.547649 0.0523175 23 11 18 10
15442 15224 218 5 0.299996 0.271949 0.0280478 25 9 25 9
15700 14736 964 1 0.499991 0.331604 0.168387 26 7 25 5
15826 15771 55 10 0.399765 0.391986 0.00777873 25 9 23 7
15888 15477 411 24 0.29976 0.245489 0.0542712 29 5 28 5
15934 15716 218 4 0.599891 0.569696 0.0301952 21 13 17 10
16012 15911 101 12 0.699999 0.685463 0.0145359 21 13 16 13
16420 16221 199 34 0.699921 0.671702 0.0282192 24 10 12 5
16704 16429 275 30 0.299931 0.261517 0.0384145 26 8 23 8
17221 16699 522 19 0.39992 0.322383 0.0775362 27 7 23 7
17715 16859 856 33 0.399977 0.295866 0.104111 22 12 18 10
17915 17403 512 13 0.499997 0.429538 0.0704585 19 15 16 13
18225 17928 297 23 0.49996 0.459838 0.0401218 21 13 17 10
18304 18251 53 28 0.299914 0.291928 0.00798628 24 10 20 10
18587 17760 827 9 0.699946 0.56998 0.129967 20 14 13 10
18786 17198 1588 0 0.599939 0.380168 0.219771 21 13 13 12
18860 18605 255 8 0.499784 0.458556 0.0412279 24 10 15 7
18896 18623 273 32 0.299923 0.260686 0.0392371 28 6 24 4
18971 18565 406 7 0.3999 0.345703 0.0541977 29 5 26 5
19002 18949 53 11 0.59984 0.592642 0.00719872 16 18 6 9
19166 18836 330 22 0.699814 0.654013 0.0458004 29 5 23 2
19180 19030 150 18 0.699944 0.677865 0.0220793 24 9 14 5
20319 20051 268 34 0.69997 0.664713 0.035257 25 9 20 7
20370 20060 310 14 0.499894 0.458422 0.0414723 27 7 20 6
20447 19809 638 27 0.599924 0.495434 0.104491 25 9 15 6
20500 20232 268 2 0.299956 0.264901 0.035055 28 6 27 6
20682 20474 208 20 0.399984 0.365424 0.0345605 20 14 17 14
20792 20322 470 12 0.599996 0.53132 0.0686759 26 8 18 4
20988 20437 551 31 0.69992 0.620652 0.079268 26 8 19 5
21036 20590 446 17 0.499924 0.426782 0.0731425 23 11 21 10
21383 21083 300 29 0.499959 0.462353 0.0376066 24 10 21 10
21435 21072 363 26 0.39995 0.350783 0.0491675 26 8 24 5
21720 19495 2225 15 0.499965 0.209904 0.29006 28 6 23 6
22129 21984 145 3 0.29994 0.280258 0.0196826 27 7 25 5
22166 21823 343 25 0.399896 0.356581 0.0433158 24 10 23 10
22241 22099 142 16 0.399907 0.381226 0.018681 27 7 25 7
22392 22096 296 24 0.599884 0.561405 0.0384787 21 13 18 11
22406 22158 248 10 0.499971 0.466164 0.033807 21 13 19 12
22420 22035 385 6 0.399954 0.351958 0.0479953 25 9 23 8
22461 22320 141 4 0.399937 0.378761 0.0211762 21 13 19 12
22544 21447 1097 1 0.599973 0.405992 0.19398 19 15 13 12
22924 22074 850 21 0.299926 0.183135 0.11679 24 10 18 9
22990 22875 115 23 0.699787 0.685363 0.0144247 20 14 17 10
22991 22671 320 9 0.699955 0.65974 0.0402147 15 19 12 15
23083 22191 892 30 0.699935 0.551517 0.148418 24 10 16 10
23591 23538 53 22 0.599918 0.591251 0.00866658 24 10 5 8
24180 23965 215 19 0.49996 0.471897 0.0280637 24 10 21 9
24384 24037 347 13 0.49999 0.454867 0.045123 25 9 23 6
24473 24299 174 28 0.599921 0.571754 0.0281669 27 7 20 6
24732 24477 255 0 0.599966 0.56495 0.0350169 18 16 15 14
24952 23149 1803 5 0.399934 0.0521098 0.347824 20 14 19 14
25079 24351 728 33 0.499992 0.39693 0.103063 20 14 17 10
25140 25036 104 18 0.399971 0.383921 0.0160507 28 6 22 5
25187 23798 1389 11 0.599952 0.366309 0.233643 26 8 19 8
25726 25429 297 27 0.599947 0.564288 0.035659 25 9 13 4
25788 25539 249 20 0.699956 0.667795 0.0321612 18 16 14 13
25857 25694 163 34 0.499967 0.477849 0.022118 26 8 21 6
25978 25727 251 8 0.39995 0.36316 0.0367903 25 9 24 8
26561 26023 538 29 0.699958 0.633292 0.0666664 22 12 16 8
26582 26529 53 32 0.399859 0.389765 0.0100939 20 14 20 14
26596 26200 396 17 0.599997 0.544217 0.0557805 27 7 19 4
26691 26500 191 14 0.499902 0.471337 0.0285646 24 10 22 8
26745 26346 399 26 0.699939 0.642939 0.0570001 25 9 19 3
27343 27131 212 31 0.399993 0.373369 0.0266244 23 11 21 11
27360 27279 81 12 0.399864 0.387096 0.0127681 23 11 18 9
27404 27350 54 23 0.599909 0.591287 0.00862204 19 15 15 11
27413 27175 238 1 0.699966 0.666643 0.0333228 26 8 17 5
27677 25570 2107 7 0.499913 0.161659 0.338254 26 8 22 8
27966 27874 92 16 0.579177 0.567512 0.0116647 24 10 21 9
28487 28082 405 2 0.399984 0.347374 0.0526102 28 6 24 6
28511 28302 209 9 0.499944 0.468587 0.0313567 24 10 20 5
29089 28838 251 3 0.499855 0.47006 0.0297954 27 7 23 5
29296 29030 266 6 0.499991 0.46595 0.034041 24 10 20 9
29558 28636 922 19 0.699969 0.594827 0.105142 26 8 16 6
29598 29430 168 24 0.29993 0.275093 0.0248371 24 10 23 10
29629 29278 351 10 0.399985 0.348512 0.0514725 26 8 24 6
29747 29564 183 13 0.599869 0.572955 0.026914 23 11 19 9
29934 29575 359 20 0.699914 0.63555 0.0643634 19 15 13 9
29940 29465 475 30 0.399861 0.337591 0.0622694 29 5 27 2
