744 689 55 11 0.899927 0.893534 0.0063933 16 0 16 0
767 713 54 5 0.899907 0.89248 0.00742744 14 1 14 1
777 693 84 29 0.899945 0.886254 0.0136907 13 0 13 0
840 662 178 20 0.899904 0.875738 0.0241657 13 2 14 1
890 715 175 12 0.89981 0.875568 0.0242424 6 1 6 1
1048 738 310 25 0.899991 0.856604 0.043387 14 0 14 0
1525 1472 53 26 0.799917 0.791737 0.0081805 20 3 19 1
1589 1475 114 1 0.799959 0.782313 0.017646 18 2 18 2
1665 1398 267 30 0.799909 0.768566 0.0313433 20 0 20 0
1681 1477 204 33 0.799999 0.770742 0.0292571 21 2 20 1
2154 1934 220 29 0.899924 0.871196 0.0287283 20 0 13 0
2177 2095 82 15 0.699958 0.687585 0.0123726 19 6 20 5
2339 2190 149 8 0.699917 0.678455 0.0214619 21 3 21 3
2358 2186 172 34 0.699931 0.675937 0.0239943 19 3 19 3
3046 2815 231 9 0.599969 0.568742 0.031227 17 5 17 5
3055 2914 141 7 0.599994 0.582978 0.017016 29 0 29 0
3140 2970 170 3 0.59979 0.572887 0.0269033 27 4 27 4
3169 2989 180 18 0.599969 0.572171 0.0277985 27 2 27 2
3346 2909 437 19 0.599771 0.535184 0.0645869 26 0 26 0
3620 3550 70 10 0.499981 0.491146 0.00883558 29 2 29 2
3725 3439 286 5 0.699902 0.661994 0.0379085 22 8 18 7
3745 3596 149 22 0.499955 0.479579 0.0203759 29 6 27 4
3792 3730 62 31 0.49995 0.492624 0.00732688 18 5 18 5
3836 3680 156 24 0.499916 0.47841 0.0215062 27 4 27 4
3885 3516 369 4 0.499966 0.451115 0.0488507 29 2 29 2
3966 3638 328 6 0.499917 0.45995 0.0399675 31 1 31 1
4051 3695 356 23 0.499916 0.453491 0.0464248 22 7 22 7
4476 4285 191 20 0.599993 0.573847 0.0261461 21 7 20 6
4575 4470 105 27 0.399927 0.385576 0.0143513 26 6 26 6
4589 4463 126 13 0.399921 0.383845 0.0160753 23 7 23 7
4603 4355 248 2 0.399906 0.369251 0.0306549 19 11 19 11
4629 4345 284 0 0.399828 0.362925 0.0369029 27 6 27 6
4753 3496 1257 21 0.499997 0.311652 0.188346 27 3 27 3
5194 4895 299 33 0.699914 0.661311 0.0386033 23 6 18 6
5502 5178 324 32 0.299867 0.258237 0.0416299 24 7 24 7
5559 5213 346 12 0.499992 0.458702 0.04129 21 7 21 7
5647 4495 1152 17 0.399858 0.251917 0.147941 29 3 29 3
5712 5371 341 14 0.299917 0.253687 0.0462307 20 12 20 12
5735 5072 663 28 0.299897 0.222748 0.0771481 20 14 20 14
6186 5290 896 16 0.299896 0.135854 0.164042 23 10 23 10
6437 5872 565 15 0.699864 0.628426 0.0714379 18 14 12 13
6486 6153 333 25 0.399974 0.355239 0.0447342 25 8 25 8
7562 6309 1253 30 0.499935 0.369445 0.130489 21 7 18 7
7721 7590 131 19 0.69985 0.679054 0.0207966 22 10 16 10
7842 6486 1356 11 0.299963 0.0947192 0.205244 21 12 20 12
7853 7318 535 29 0.399915 0.315792 0.0841227 21 10 15 10
8086 7796 290 1 0.299957 0.259326 0.0406308 17 14 15 14
8408 7971 437 18 0.599958 0.539024 0.0609337 27 5 15 5
8476 8176 300 9 0.599914 0.563017 0.0368975 24 7 20 6
9021 8383 638 34 0.399954 0.31114 0.0888136 21 9 18 9
9099 5513 3586 26 0.599944 0.03671 0.563234 28 5 21 5
9115 8677 438 2 0.799891 0.737933 0.0619584 22 12 14 7
9144 9080 64 8 0.299985 0.290978 0.00900675 20 8 14 8
9217 8911 306 3 0.499992 0.462103 0.0378895 30 3 22 3
9484 9085 399 23 0.599948 0.551141 0.0488074 17 15 13 12
9720 9561 159 10 0.499892 0.479292 0.0206006 26 8 24 8
9927 9811 116 5 0.399934 0.381813 0.0181212 25 9 22 8
9957 9807 150 24 0.499929 0.477869 0.0220599 21 13 14 13
10270 9996 274 4 0.499942 0.464413 0.0355292 27 7 25 7
10389 10143 246 7 0.299933 0.267052 0.0328812 25 9 25 9
10566 10486 80 22 0.399773 0.385466 0.0143067 22 14 17 12
10773 10476 297 33 0.499938 0.462769 0.0371687 29 5 20 4
10967 10678 289 21 0.599946 0.557657 0.0422889 17 17 15 16
11154 10943 211 13 0.499996 0.474247 0.0257483 29 3 24 3
11326 11085 241 31 0.29998 0.27047 0.0295098 23 9 22 9
11377 11213 164 0 0.499983 0.47743 0.0225533 25 9 19 9
11609 11330 279 20 0.299935 0.263124 0.0368118 23 11 23 10
11993 11915 78 28 0.599949 0.589592 0.010357 17 17 13 17
12021 11693 328 6 0.299939 0.255831 0.0441077 21 12 17 12
12037 11886 151 17 0.5999 0.579579 0.0203203 24 9 19 8
12299 11664 635 12 0.499908 0.410412 0.0894965 23 8 19 8
12736 12435 301 30 0.699923 0.663973 0.0359495 21 8 12 3
12818 12654 164 18 0.699897 0.677332 0.022564 27 6 14 4
12824 12708 116 19 0.499921 0.484135 0.0157862 25 8 19 5
13112 12541 571 27 0.299916 0.202721 0.0971946 31 3 28 3
13161 12720 441 1 0.799976 0.73772 0.0622564 19 14 11 6
13816 13760 56 25 0.399903 0.391064 0.00883871 21 13 19 13
13868 12950 918 9 0.699911 0.559946 0.139965 19 12 9 5
13925 13554 371 15 0.299781 0.25017 0.049611 16 17 16 16
13969 12544 1425 2 0.699892 0.460104 0.239788 25 9 15 4
14081 13869 212 32 0.299944 0.270789 0.029155 31 3 27 3
14136 13467 669 14 0.399905 0.292987 0.106918 25 9 22 6
15184 14822 362 4 0.699814 0.650452 0.0493626 29 5 18 3
15189 13670 1519 16 0.499904 0.225232 0.274672 15 19 14 17
15232 14961 271 34 0.59994 0.562208 0.0377325 22 9 15 7
15240 15119 121 24 0.599784 0.58268 0.0171048 23 11 22 9
15327 15080 247 23 0.499927 0.466254 0.0336725 27 6 24 6
15489 15083 406 8 0.599776 0.544149 0.055627 22 10 21 8
15831 15630 201 10 0.499881 0.475225 0.0246561 26 8 16 4
16275 16193 82 18 0.699878 0.688654 0.0112239 29 4 17 4
16331 16096 235 26 0.599941 0.566953 0.0329881 27 6 18 5
16394 16124 270 29 0.299962 0.26232 0.0376416 25 8 23 7
16617 16457 160 0 0.599975 0.575989 0.0239851 26 8 15 7
16664 16163 501 11 0.399986 0.334908 0.0650782 23 11 21 11
17048 16934 114 22 0.49996 0.482668 0.0172919 27 9 23 6
17485 17028 457 12 0.699933 0.628834 0.0710988 23 10 16 8
17507 16875 632 3 0.299937 0.227379 0.0725584 22 12 21 11
17556 17300 256 7 0.499974 0.46582 0.0341543 23 11 20 9
18124 18071 53 9 0.689394 0.681189 0.00820455 22 10 7 5
18309 17906 403 5 0.299991 0.248465 0.0515257 22 12 21 11
18365 18294 71 17 0.399979 0.391034 0.00894442 23 11 22 10
18519 18141 378 21 0.299958 0.248675 0.0512824 25 9 25 9
18628 18482 146 20 0.499964 0.479357 0.0206078 27 7 27 5
18756 18443 313 33 0.299893 0.255771 0.044122 26 8 25 8
19105 18783 322 30 0.399969 0.356218 0.0437506 25 8 22 6
19182 18903 279 1 0.399953 0.364791 0.0351619 23 11 20 10
19185 18543 642 2 0.699979 0.618058 0.0819215 26 8 19 6
19221 18790 431 13 0.299951 0.243159 0.0567924 20 14 20 14
19270 19210 60 24 0.699972 0.691175 0.00879795 21 13 14 7
19397 19325 72 32 0.699919 0.690861 0.00905891 30 4 22 4
19564 19146 418 28 0.299983 0.236894 0.0630891 19 15 18 13
19731 19361 370 25 0.59994 0.548988 0.0509526 28 6 19 5
19735 18867 868 19 0.499875 0.350185 0.14969 26 8 24 8
19815 19753 62 6 0.385224 0.37666 0.00856371 25 9 22 6
19906 19799 107 31 0.299915 0.285136 0.0147786 19 15 16 14
20282 20163 119 14 0.599775 0.583187 0.0165874 26 8 21 6
20635 20441 194 8 0.599961 0.571968 0.0279932 25 9 17 8
21017 20901 116 27 0.399909 0.383959 0.0159502 24 10 21 9
21326 21235 91 26 0.599951 0.586327 0.0136239 25 9 17 9
21802 21463 339 23 0.499956 0.455213 0.0447427 26 8 22 8
21844 19524 2320 4 0.599759 0.230914 0.368846 25 9 15 7
22105 21759 346 34 0.399914 0.349792 0.0501218 22 11 19 10
22257 21815 442 10 0.499886 0.437087 0.0627985 27 7 21 6
22466 22309 157 18 0.399923 0.374276 0.025647 25 9 22 8
22549 22323 226 15 0.299961 0.270676 0.0292846 24 10 23 10
22894 22452 442 11 0.599967 0.537617 0.06235 21 13 18 13
22894 22840 54 12 0.499995 0.48886 0.0111357 20 14 16 13
23353 22926 427 24 0.699993 0.640516 0.0594773 24 10 18 4
23409 23249 160 8 0.899986 0.878682 0.0213041 26 8 7 0
23759 23706 53 16 0.299867 0.290862 0.00900526 22 12 19 9
23931 23730 201 22 0.399995 0.371526 0.0284691 23 13 21 11
24098 23871 227 0 0.299954 0.270487 0.0294675 26 8 22 8
24116 24013 103 1 0.699877 0.684844 0.0150337 25 9 20 7
24145 23795 350 20 0.599913 0.553586 0.0463272 31 3 23 3
24192 24083 109 29 0.399913 0.383141 0.0167717 28 6 27 5
24336 23941 395 7 0.499978 0.447452 0.0525262 26 8 21 6
24353 23874 479 19 0.799988 0.727244 0.0727444 24 10 13 6
24829 24736 93 6 0.699946 0.685654 0.0142914 28 6 17 3
24865 24733 132 2 0.499782 0.475924 0.0238585 24 10 23 7
24919 23702 1217 32 0.599918 0.392216 0.207702 29 5 21 5
25670 25438 232 21 0.499934 0.468479 0.031455 25 9 22 7
25896 25843 53 14 0.499915 0.492325 0.00758998 23 11 21 10
26429 26021 408 5 0.399919 0.34965 0.0502688 24 10 23 9
26431 25957 474 17 0.299946 0.232737 0.0672083 27 7 27 7
26466 26248 218 30 0.399973 0.373076 0.0268974 23 11 18 9
26585 25878 707 31 0.599946 0.485185 0.114761 29 5 23 3
26889 26022 867 3 0.299878 0.162858 0.13702 24 10 24 10
27285 26932 353 25 0.29994 0.254074 0.0458651 24 10 22 9
27333 27078 255 23 0.5999 0.566207 0.0336928 22 12 17 10
27744 27292 452 33 0.299882 0.234707 0.065175 27 7 23 7
27794 27618 176 13 0.299955 0.275828 0.0241275 25 9 25 8
28124 27827 297 34 0.599989 0.557735 0.0422549 30 4 24 2
28212 28028 184 28 0.299761 0.273564 0.0261963 25 9 25 9
28519 28418 101 1 0.599765 0.585087 0.0146774 27 7 23 5
28582 28506 76 19 0.599955 0.590935 0.00902022 23 11 19 10
28792 28492 300 26 0.299909 0.261086 0.0388223 27 7 27 6
28857 28536 321 2 0.799777 0.757093 0.0426844 28 6 15 3
28864 28541 323 12 0.499954 0.455985 0.0439694 24 10 20 8
29408 29062 346 27 0.2999 0.254431 0.0454685 26 8 26 7
29470 29251 219 10 0.399962 0.373252 0.0267101 23 11 21 9
29638 29352 286 15 0.49996 0.463271 0.0366894 27 7 22 5
