1479 1381 98 17 0.799942 0.786283 0.0136585 13 1 13 1
1532 1380 152 22 0.799972 0.777939 0.0220334 22 0 22 0
1536 1481 55 24 0.799958 0.792115 0.00784319 12 4 11 2
1540 1459 81 4 0.799979 0.78974 0.0102392 21 2 21 2
1582 1392 190 5 0.799999 0.771236 0.0287629 15 0 15 0
1657 1461 196 25 0.799973 0.775525 0.0244479 22 0 22 0
1713 1389 324 11 0.799946 0.761297 0.0386489 15 0 15 0
2221 2159 62 0 0.699917 0.691157 0.00875951 25 2 25 2
2249 2163 86 6 0.69996 0.688618 0.0113419 21 4 21 4
2282 2137 145 16 0.7 0.675835 0.0241647 22 2 22 2
2290 2148 142 7 0.699979 0.679393 0.0205861 20 5 21 4
2306 2161 145 31 0.699909 0.677295 0.0226146 20 4 20 3
2418 2170 248 21 0.699768 0.657007 0.0427609 28 4 28 4
2443 2195 248 33 0.699808 0.666159 0.0336493 20 3 20 2
2454 2148 306 28 0.699972 0.656024 0.0439485 25 1 25 1
3064 2953 111 23 0.599981 0.585806 0.0141747 24 5 24 4
3082 2918 164 3 0.599895 0.580905 0.0189902 22 3 22 3
3115 2956 159 34 0.599772 0.577725 0.0220469 24 4 24 4
3127 2969 158 13 0.599935 0.577761 0.0221735 27 1 27 1
3141 2871 270 26 0.59997 0.567554 0.032416 25 2 25 2
3290 3083 207 12 0.599895 0.571106 0.0287891 18 6 18 6
3461 2964 497 9 0.59997 0.530556 0.0694135 26 6 26 6
3835 3717 118 14 0.4999 0.484143 0.0157572 23 5 23 5
3839 3555 284 30 0.499904 0.463042 0.0368626 23 4 23 4
3954 3640 314 19 0.499961 0.45519 0.044771 23 9 24 10
4026 3713 313 15 0.499964 0.454351 0.0456129 19 10 19 10
4206 3695 511 10 0.49978 0.428345 0.0714349 21 11 20 9
4376 4225 151 6 0.899952 0.880994 0.0189575 23 4 8 2
4533 4375 158 27 0.399998 0.379049 0.020949 19 12 20 12
4633 4236 397 2 0.399815 0.34677 0.0530451 23 3 23 3
4724 4578 146 24 0.699976 0.679413 0.0205629 18 11 14 10
4738 4427 311 8 0.399917 0.361829 0.0380884 23 5 23 5
4789 4461 328 20 0.399978 0.357749 0.0422292 26 4 26 4
4899 4501 398 1 0.399838 0.32984 0.0699976 24 6 24 6
4904 4648 256 17 0.699961 0.66587 0.0340914 19 5 13 4
4961 4789 172 32 0.399894 0.379009 0.0208845 22 4 22 4
5457 5217 240 29 0.299963 0.269239 0.0307247 24 8 24 8
5584 5528 56 25 0.599966 0.59256 0.00740582 23 7 15 7
5589 5134 455 18 0.299936 0.238291 0.0616454 23 9 23 9
5914 5517 397 5 0.599932 0.544971 0.054961 25 7 23 7
6625 6271 354 22 0.499779 0.449981 0.0497981 25 7 19 7
6800 6571 229 11 0.499966 0.472572 0.0273942 21 10 19 10
6834 6579 255 7 0.599997 0.567748 0.0322495 23 8 16 7
6981 6644 337 16 0.599896 0.554658 0.0452377 19 11 16 10
7027 6644 383 12 0.799924 0.750627 0.049297 22 7 15 7
8060 7884 176 13 0.599929 0.575794 0.0241346 23 9 18 8
8095 7896 199 4 0.299912 0.269843 0.0300693 24 9 22 9
8275 8198 77 31 0.399984 0.388381 0.0116026 22 12 20 12
8395 7996 399 34 0.599892 0.548616 0.0512759 28 4 17 4
8407 7926 481 6 0.599928 0.531637 0.0682911 27 5 21 5
8428 8363 65 9 0.599919 0.591099 0.00881988 20 13 17 11
8453 8021 432 25 0.899902 0.840796 0.0591061 25 7 8 2
8638 8439 199 19 0.699971 0.676652 0.0233191 25 8 12 5
8705 8533 172 15 0.69996 0.678952 0.0210085 26 8 19 4
8786 8433 353 33 0.399921 0.346357 0.0535639 25 9 24 9
8874 8482 392 28 0.399989 0.349711 0.050278 27 6 24 6
8890 8580 310 17 0.699915 0.659626 0.040289 23 9 18 6
8903 8828 75 10 0.695138 0.684979 0.0101587 23 10 14 5
8993 8649 344 23 0.499931 0.455182 0.0447489 23 11 22 10
9075 8855 220 0 0.299937 0.270902 0.0290349 29 5 26 5
9153 9100 53 30 0.599864 0.592202 0.00766265 19 15 16 13
9185 8903 282 14 0.59993 0.555366 0.0445647 26 8 19 4
9245 9048 197 21 0.29997 0.269092 0.0308784 21 13 21 12
9364 8914 450 26 0.499929 0.44036 0.0595684 23 11 19 11
9468 9415 53 3 0.399931 0.393992 0.00593903 20 12 19 12
10311 9855 456 24 0.499983 0.44454 0.0554434 25 10 19 8
11169 10954 215 2 0.499863 0.469242 0.0306216 24 8 19 8
11257 10854 403 27 0.499794 0.443481 0.056313 24 10 22 6
11614 11194 420 8 0.499958 0.446232 0.0537266 29 4 27 2
11667 11293 374 32 0.499982 0.450549 0.0494328 24 9 19 9
11925 11739 186 18 0.599777 0.5766 0.0231775 29 4 21 2
12013 11940 73 11 0.599948 0.590329 0.00961907 21 13 19 10
12019 11878 141 16 0.59994 0.582813 0.0171273 27 6 21 6
12249 11881 368 12 0.499985 0.454146 0.0458398 29 5 27 4
12376 11987 389 20 0.39992 0.347544 0.0523756 26 7 23 7
12463 12129 334 25 0.599933 0.557415 0.0425183 28 6 25 5
12735 12465 270 10 0.699932 0.65928 0.0406522 21 13 18 10
12747 12516 231 17 0.699903 0.669804 0.0300996 26 8 18 7
12849 12583 266 34 0.699921 0.66767 0.0322509 28 6 20 5
12927 12358 569 7 0.499946 0.403531 0.0964145 21 13 17 11
12961 12610 351 6 0.699894 0.652771 0.0471232 29 5 15 4
12973 12863 110 1 0.3 0.284755 0.0152454 22 11 21 10
13092 12921 171 19 0.599948 0.576153 0.023795 23 11 17 11
13206 13081 125 9 0.599898 0.581983 0.0179148 30 4 24 3
13360 13164 196 15 0.599982 0.57451 0.0254712 23 11 20 9
13711 13501 210 4 0.699945 0.676439 0.0235058 25 8 15 3
14135 13856 279 29 0.299915 0.262516 0.0373986 25 9 23 8
14177 13204 973 5 0.299892 0.130557 0.169334 28 5 27 5
14515 13986 529 30 0.599901 0.526894 0.0730072 23 11 19 10
14538 14310 228 22 0.299982 0.26505 0.0349316 21 13 20 13
14758 14349 409 0 0.699903 0.6419 0.0580028 26 8 10 5
15164 14818 346 14 0.499979 0.455339 0.04464 19 15 16 15
15189 14625 564 31 0.499898 0.419808 0.08009 26 8 22 4
15197 15109 88 3 0.599788 0.585902 0.0138861 24 9 15 4
15253 14947 306 27 0.79995 0.755164 0.0447862 26 8 15 5
15703 15410 293 26 0.499965 0.462059 0.0379057 20 14 19 12
15977 15295 682 18 0.79999 0.715891 0.0840991 28 5 8 3
16031 15950 81 16 0.699869 0.688153 0.0117163 30 4 15 3
16203 14952 1251 13 0.299953 0.159798 0.140155 21 13 18 13
16641 16374 267 17 0.699997 0.667069 0.0329285 25 9 13 9
16643 16467 176 2 0.599925 0.572415 0.0275102 25 9 22 7
16904 15849 1055 23 0.399958 0.254027 0.145931 24 10 23 8
17026 16959 67 28 0.29984 0.290161 0.00967889 20 14 19 13
17282 17161 121 8 0.599912 0.585502 0.0144099 24 10 15 6
17313 15297 2016 21 0.599938 0.30056 0.299379 22 12 21 10
17497 16966 531 33 0.299989 0.220289 0.0797001 20 14 19 13
17578 17412 166 4 0.699899 0.678292 0.0216076 30 4 16 1
17651 16542 1109 34 0.699946 0.499617 0.200329 26 8 15 6
17673 15941 1732 6 0.799953 0.490467 0.309486 30 4 14 2
17699 17573 126 20 0.699947 0.683277 0.0166698 22 12 15 9
17787 17385 402 24 0.399954 0.346997 0.0529575 26 8 20 8
18694 18135 559 11 0.399939 0.312546 0.087393 24 10 22 8
18793 18558 235 32 0.399938 0.370267 0.0296717 20 13 19 13
19050 18890 160 25 0.399946 0.375535 0.0244103 20 14 18 14
19768 18692 1076 9 0.499989 0.348634 0.151356 28 6 22 3
19949 19486 463 10 0.299893 0.228274 0.0716192 27 7 25 7
19966 19593 373 30 0.599892 0.550446 0.0494461 26 8 21 4
20298 19984 314 22 0.699962 0.659074 0.0408881 28 6 20 4
20321 18530 1791 12 0.499892 0.236254 0.263637 28 6 25 5
20650 20246 404 19 0.299979 0.251988 0.0479908 24 10 23 9
20746 19940 806 7 0.399794 0.295677 0.104117 25 10 21 9
20789 20547 242 15 0.299957 0.261797 0.0381602 22 12 20 12
21612 21515 97 0 0.29999 0.288464 0.0115254 28 6 25 6
21643 21295 348 20 0.699933 0.652908 0.0470249 26 8 18 3
21719 20611 1108 14 0.599838 0.376297 0.223541 25 9 19 6
21769 21553 216 3 0.399767 0.368116 0.0316511 19 15 18 14
21964 21884 80 17 0.499779 0.489892 0.00988699 24 10 20 8
21964 21727 237 18 0.399883 0.367984 0.0318992 23 11 20 10
22095 21627 468 1 0.299992 0.235494 0.0644976 22 11 17 8
22244 21860 384 16 0.399924 0.351051 0.0488721 25 9 24 8
22551 21782 769 27 0.299978 0.165139 0.13484 25 9 24 9
22622 22262 360 23 0.699912 0.638034 0.0618774 25 9 13 6
22791 22738 53 21 0.699967 0.691115 0.00885207 20 14 8 7
22950 22748 202 24 0.699977 0.673552 0.0264249 25 9 20 9
23032 22417 615 29 0.299921 0.217959 0.0819621 24 10 19 8
23037 22915 122 2 0.399978 0.381938 0.0180401 24 10 19 9
23336 23200 136 31 0.299937 0.278791 0.0211466 20 14 18 12
23392 23037 355 5 0.299943 0.236908 0.0630353 23 11 22 11
23634 23477 157 8 0.399987 0.379625 0.0203621 19 15 14 15
23656 23387 269 26 0.299914 0.265204 0.0347094 28 6 27 6
23794 23500 294 13 0.499923 0.462789 0.0371336 21 13 18 10
24475 23427 1048 34 0.499955 0.305631 0.194324 25 9 21 9
24523 24285 238 4 0.299891 0.271218 0.0286729 27 7 23 7
24675 24339 336 6 0.39996 0.358676 0.0412844 25 9 25 8
24912 24615 297 32 0.599934 0.554728 0.0452062 23 11 17 8
25008 24694 314 11 0.599871 0.562761 0.0371096 23 11 18 9
25556 25362 194 33 0.399914 0.367617 0.0322974 22 12 20 9
25867 25579 288 28 0.299954 0.263229 0.0367252 23 11 23 10
25870 25678 192 30 0.499873 0.473375 0.026498 29 5 19 4
26054 25779 275 12 0.699892 0.666484 0.0334076 19 15 13 12
26066 25720 346 9 0.599932 0.556084 0.0438482 24 10 8 7
26581 26260 321 25 0.399914 0.357461 0.0424527 24 10 20 8
26642 26158 484 10 0.599943 0.535247 0.0646959 22 12 13 9
26733 26101 632 18 0.799956 0.710534 0.0894218 26 8 12 4
27029 26603 426 24 0.699917 0.641738 0.0581793 27 7 14 5
27292 27127 165 22 0.299832 0.274694 0.0251376 23 11 21 11
27297 27092 205 17 0.599929 0.574439 0.0254907 25 9 17 6
27564 27181 383 21 0.599969 0.549964 0.0500051 21 13 17 10
28272 28193 79 16 0.59997 0.589835 0.0101349 25 9 15 4
28436 28100 336 14 0.499972 0.456061 0.0439109 25 9 23 9
28579 28195 384 7 0.399942 0.348469 0.0514729 26 9 24 7
28662 28366 296 20 0.29999 0.25972 0.04027 27 7 26 7
28838 28640 198 2 0.599966 0.576478 0.0234878 21 13 20 10
29021 28783 238 23 0.399953 0.366585 0.0333679 25 9 21 6
29300 28994 306 27 0.599913 0.561385 0.0385282 24 10 22 10
29305 29099 206 15 0.299962 0.264126 0.0358356 27 7 27 6
29379 29194 185 11 0.699964 0.671485 0.0284786 28 6 21 4
29467 29248 219 19 0.299893 0.270918 0.028975 26 8 25 8
29934 29860 74 31 0.490047 0.478433 0.0116135 23 11 20 8
