851 714 137 34 0.899866 0.880624 0.0192427 13 1 13 1
883 667 216 23 0.899996 0.872869 0.0271271 10 0 10 0
1458 1405 53 27 0.799895 0.793368 0.00652723 22 3 23 2
1485 1331 154 11 0.799931 0.778845 0.0210859 10 0 10 0
1560 1312 248 31 0.799872 0.763382 0.0364903 22 2 22 1
1576 1350 226 4 0.799895 0.767094 0.0328005 20 0 20 0
1792 1431 361 7 0.799941 0.752651 0.047289 23 8 22 4
2158 2105 53 35 0.699996 0.692827 0.00716927 23 3 23 2
2165 1964 201 32 0.699924 0.674564 0.0253602 20 3 20 2
2259 2206 53 39 0.69986 0.690297 0.00956292 20 8 20 7
2262 2100 162 28 0.69992 0.678506 0.0214143 25 3 25 3
2284 2143 141 37 0.699966 0.680528 0.0194383 27 2 28 2
2341 2162 179 16 0.69996 0.674661 0.0252981 28 0 28 0
2361 2128 233 0 0.699911 0.664767 0.0351444 25 3 25 3
2388 2093 295 20 0.69996 0.656275 0.043685 27 1 27 1
2462 2094 368 14 0.699912 0.650371 0.0495404 18 1 19 1
2917 2864 53 29 0.599781 0.592538 0.00724223 28 8 28 7
2928 2705 223 12 0.599982 0.575073 0.0249083 29 1 29 1
2980 2850 130 8 0.599938 0.580865 0.0190733 25 7 25 7
2983 2894 89 19 0.599802 0.587744 0.0120586 28 4 28 4
2985 2793 192 2 0.599907 0.574274 0.0256331 30 2 30 2
3183 2888 295 30 0.599994 0.5579 0.042094 31 4 31 4
3199 2861 338 6 0.599946 0.550559 0.0493878 29 2 29 2
3280 2937 343 3 0.599961 0.559772 0.040189 27 4 27 4
3622 3541 81 22 0.499973 0.486932 0.0130408 27 5 27 5
3833 3702 131 1 0.499966 0.482527 0.017439 29 4 29 5
3857 3512 345 21 0.499992 0.454756 0.0452359 32 2 32 1
3878 3574 304 17 0.499983 0.459943 0.0400404 30 2 30 2
3881 3556 325 24 0.49994 0.459431 0.0405087 25 10 25 10
3888 3460 428 9 0.499791 0.440568 0.0592233 26 8 26 7
3960 3556 404 33 0.499917 0.44773 0.0521868 25 3 25 3
4055 3698 357 5 0.4999 0.449746 0.0501538 20 9 20 9
4565 4377 188 13 0.39998 0.373005 0.0269757 29 6 29 6
4590 4297 293 10 0.399892 0.360934 0.0389585 24 8 24 8
4618 4335 283 15 0.399961 0.364032 0.035929 28 9 29 9
4647 4429 218 18 0.399995 0.364609 0.0353863 25 7 25 7
5269 5015 254 36 0.299962 0.270746 0.0292159 26 11 26 11
5352 5062 290 26 0.299921 0.262292 0.0376291 23 11 23 11
5372 4346 1026 34 0.599918 0.430089 0.169829 24 8 20 8
5961 5759 202 7 0.599892 0.575813 0.0240788 23 12 18 8
6250 6193 57 20 0.699909 0.691586 0.00832292 23 13 12 13
6422 5825 597 23 0.399947 0.311282 0.0886652 22 12 21 12
6573 6309 264 14 0.69991 0.657268 0.0426425 25 7 18 7
6604 5225 1379 25 0.299955 0.0512781 0.248677 26 10 26 10
6716 6384 332 4 0.499959 0.453497 0.0464616 26 12 24 12
6731 5023 1708 38 0.299799 0.0270221 0.272777 33 4 33 4
7228 6856 372 27 0.3999 0.352087 0.0478125 27 7 24 6
7246 6554 692 28 0.599896 0.488016 0.11188 29 10 27 9
7725 7425 300 16 0.499913 0.455868 0.0440443 22 15 20 15
7746 7505 241 29 0.59997 0.568223 0.0317476 28 12 23 11
7821 7472 349 32 0.499854 0.453411 0.0464428 28 7 20 6
8089 7083 1006 31 0.399954 0.249183 0.150771 28 9 24 9
8131 7822 309 11 0.299979 0.252293 0.0476864 27 9 26 9
8178 8089 89 12 0.499943 0.486385 0.0135578 27 8 20 8
8597 8538 59 2 0.499997 0.492344 0.00765285 34 5 25 5
8795 8435 360 9 0.699803 0.652647 0.0471567 26 11 22 9
8917 7694 1223 8 0.599937 0.456474 0.143463 28 7 17 5
9359 8609 750 35 0.29999 0.197993 0.101998 26 12 25 12
9390 8732 658 39 0.299932 0.188647 0.111285 27 12 25 11
9456 9025 431 20 0.799844 0.746086 0.0537577 27 10 15 1
9544 9151 393 0 0.299976 0.247374 0.0526023 31 7 27 7
9589 9253 336 19 0.399993 0.35551 0.0444822 29 8 27 7
9688 8946 742 37 0.299969 0.212025 0.0879442 30 8 29 8
9742 9577 165 3 0.399906 0.374377 0.0255298 32 6 27 5
10000 9834 166 21 0.499939 0.476977 0.0229628 25 14 20 14
10188 10106 82 30 0.299904 0.289289 0.0106154 24 15 23 15
10308 10008 300 33 0.499948 0.460739 0.039209 31 5 21 4
10378 10309 69 6 0.299937 0.290262 0.00967462 28 9 24 7
10505 10279 226 13 0.59991 0.566646 0.0332643 23 15 19 13
11005 10439 566 22 0.399933 0.30346 0.0964725 26 12 22 11
11074 10792 282 7 0.599976 0.559442 0.0405342 25 11 17 8
11122 9862 1260 24 0.499911 0.266738 0.233173 30 9 23 7
11183 10657 526 1 0.399948 0.322464 0.0774836 25 13 18 13
11269 11204 65 15 0.477623 0.468561 0.00906215 23 16 20 16
12023 11660 363 28 0.699978 0.653727 0.0462504 25 14 18 13
12112 11437 675 17 0.299949 0.189426 0.110523 31 8 26 8
12245 10879 1366 5 0.399973 0.170462 0.229511 26 10 23 9
12407 11874 533 18 0.399926 0.311635 0.0882914 23 14 19 12
12639 12205 434 27 0.699932 0.643673 0.056259 28 10 19 6
12821 12694 127 10 0.299896 0.282169 0.0177276 24 12 21 11
12892 10614 2278 26 0.699988 0.324475 0.375513 24 13 15 9
12947 12103 844 36 0.499921 0.381685 0.118235 26 12 22 7
13180 13043 137 38 0.699975 0.680794 0.0191814 26 12 14 10
13400 11925 1475 14 0.499982 0.247924 0.252059 24 13 16 12
14122 12763 1359 4 0.499912 0.285403 0.214509 16 23 12 19
14180 13713 467 20 0.599902 0.534448 0.0654543 25 14 17 8
14347 13950 397 32 0.499971 0.437991 0.06198 27 10 17 6
14384 13433 951 29 0.499808 0.372879 0.126929 27 13 21 10
14642 14347 295 21 0.699974 0.662415 0.0375583 26 13 17 8
14711 14606 105 12 0.399952 0.38645 0.0135024 29 9 21 7
14980 14534 446 23 0.299834 0.23627 0.0635639 20 18 19 17
15315 15011 304 11 0.499892 0.458435 0.0414574 26 12 21 11
15544 15288 256 22 0.799839 0.767318 0.0325209 21 17 17 10
15848 15243 605 16 0.299895 0.214833 0.0850621 29 10 23 7
15919 15434 485 13 0.59995 0.531248 0.0687026 29 10 20 8
16001 14309 1692 25 0.49993 0.197772 0.302158 27 12 21 7
16219 15683 536 9 0.299913 0.224605 0.0753079 25 14 22 12
16370 15976 394 2 0.299984 0.245163 0.0548211 25 14 22 12
16571 16518 53 8 0.29988 0.29249 0.00738908 33 6 32 5
16673 16430 243 31 0.299928 0.262959 0.0369698 23 15 23 14
16736 16359 377 35 0.49995 0.448097 0.0518539 28 11 20 6
16931 16302 629 15 0.599909 0.506849 0.0930596 26 13 20 6
17109 16708 401 1 0.599967 0.54423 0.0557372 27 12 22 10
17113 16803 310 37 0.499916 0.457367 0.0425482 31 8 26 8
17310 17198 112 27 0.599984 0.583433 0.0165511 32 7 24 5
17352 17049 303 0 0.399974 0.359872 0.0401023 22 17 18 15
17395 17003 392 7 0.499916 0.445468 0.0544484 28 9 19 4
17590 17328 262 10 0.799848 0.758895 0.0409529 29 7 15 2
17634 16945 689 24 0.599997 0.499531 0.100466 23 16 21 16
17640 17181 459 39 0.399999 0.344257 0.0557415 26 13 19 10
18033 17726 307 6 0.399926 0.356763 0.0431635 23 16 19 13
18127 17576 551 30 0.399963 0.312996 0.0869667 29 10 26 9
18136 16841 1295 3 0.399981 0.188339 0.211641 33 5 28 5
18186 17216 970 28 0.499973 0.376047 0.123926 26 13 18 11
18315 17095 1220 26 0.79994 0.595775 0.204165 25 13 13 5
19085 17894 1191 33 0.299913 0.0998361 0.200077 28 11 22 11
19263 17549 1714 19 0.299946 0.023032 0.276914 26 13 24 12
19585 17999 1586 14 0.799903 0.608251 0.191651 26 13 11 6
20018 19779 239 18 0.399958 0.365186 0.0347719 23 16 21 13
20077 19878 199 38 0.299962 0.271937 0.0280252 22 17 21 16
20215 19635 580 22 0.599919 0.516385 0.0835347 24 15 18 13
20286 19952 334 17 0.399918 0.351454 0.048464 24 15 20 15
20740 20488 252 15 0.799904 0.763541 0.0363634 28 11 16 6
20755 20042 713 13 0.699832 0.595424 0.104408 31 8 15 6
20856 20760 96 20 0.399946 0.387188 0.0127576 21 18 17 14
21072 20921 151 4 0.499835 0.478857 0.0209779 28 11 25 5
21131 20733 398 10 0.699783 0.646003 0.0537804 30 8 17 5
21260 21061 199 36 0.299904 0.273055 0.0268484 28 11 23 11
21432 21202 230 16 0.699988 0.66591 0.0340784 28 11 19 8
21640 21413 227 32 0.399897 0.37257 0.0273269 26 13 20 10
21649 21401 248 37 0.699922 0.66959 0.0303322 28 11 15 5
21735 21440 295 21 0.299881 0.26161 0.0382706 31 8 29 6
22050 21686 364 2 0.699912 0.653943 0.0459687 30 9 18 3
22051 19446 2605 5 0.499852 0.0415033 0.458349 21 17 16 16
22118 21706 412 8 0.699993 0.636554 0.0634382 33 6 22 3
22184 22022 162 35 0.599919 0.573787 0.0261325 24 15 21 14
22290 21828 462 7 0.699979 0.641643 0.0583357 29 8 20 4
22382 22106 276 25 0.599962 0.5626 0.0373625 27 12 21 7
22501 22353 148 9 0.599893 0.580242 0.0196512 30 9 21 7
22748 22662 86 23 0.399887 0.385353 0.0145341 22 16 20 9
22768 22256 512 29 0.299928 0.237932 0.0619966 29 10 28 9
22879 22616 263 27 0.499973 0.466347 0.0336266 27 12 18 10
23079 22806 273 11 0.299972 0.264181 0.0357905 25 14 21 14
23116 22721 395 31 0.599913 0.549417 0.0504955 28 10 19 3
23209 22802 407 1 0.499975 0.444105 0.0558706 25 14 19 11
23438 23378 60 24 0.499989 0.492144 0.00784465 28 11 21 7
24049 22572 1477 12 0.299836 0.0556197 0.244216 26 13 22 9
24283 23669 614 3 0.699795 0.605083 0.0947118 31 8 18 7
24615 23869 746 0 0.49992 0.384539 0.115382 24 15 17 11
24675 24284 391 39 0.499929 0.446245 0.0536834 29 10 24 5
24987 24783 204 13 0.699949 0.673249 0.0267005 27 12 17 8
25103 24705 398 30 0.499903 0.443911 0.055992 30 9 21 6
25353 24729 624 4 0.799813 0.718989 0.0808244 28 11 15 8
25415 24441 974 26 0.399915 0.240272 0.159643 27 12 20 12
25623 25085 538 16 0.699926 0.617959 0.0819662 30 9 21 7
26072 25692 380 32 0.799944 0.741494 0.0584502 25 14 13 5
26406 26080 326 28 0.299965 0.238038 0.0619272 25 14 23 14
26414 26243 171 14 0.299924 0.279009 0.0209152 23 16 20 16
26537 25859 678 33 0.599928 0.484378 0.11555 30 9 22 7
26845 25937 908 22 0.499977 0.337639 0.162338 22 17 18 10
26846 26512 334 8 0.599993 0.558168 0.0418249 27 12 17 9
26874 25646 1228 18 0.599977 0.398017 0.201961 24 15 17 10
27450 25808 1642 6 0.299912 0.0788067 0.221105 33 6 31 5
27575 27176 399 2 0.499865 0.443304 0.056561 26 13 20 13
27621 27548 73 21 0.599967 0.588351 0.0116164 25 14 11 9
27627 27491 136 7 0.499846 0.477946 0.0218995 28 12 24 10
27686 27139 547 15 0.299935 0.215955 0.0839804 30 9 26 6
27792 27588 204 17 0.399819 0.365908 0.0339117 27 12 20 8
27839 27697 142 19 0.399984 0.379324 0.0206606 26 13 21 9
28200 28117 83 5 0.69984 0.687195 0.0126454 23 16 16 9
28238 27745 493 24 0.699965 0.631495 0.0684699 29 10 15 5
28524 27913 611 10 0.299989 0.221313 0.0786756 28 10 27 10
28598 28425 173 38 0.299876 0.266212 0.0336644 29 10 26 9
28681 27859 822 20 0.399976 0.276827 0.123149 25 14 21 7
28704 28544 160 3 0.599922 0.576021 0.0239004 25 14 14 11
28756 28387 369 11 0.699893 0.641733 0.0581591 29 10 18 4
28838 28297 541 35 0.399883 0.317722 0.0821613 26 13 23 11
28909 28756 153 27 0.499985 0.478429 0.0215561 28 11 24 6
29222 28300 922 37 0.299945 0.198154 0.101791 29 10 26 9
29277 29061 216 23 0.499906 0.470687 0.0292188 19 19 17 16
29529 29369 160 32 0.699914 0.677564 0.0223501 23 16 18 10
29603 28652 951 36 0.399904 0.247075 0.152829 24 15 17 11
29731 28963 768 1 0.499958 0.379366 0.120593 27 12 21 8
29795 28746 1049 4 0.699936 0.544559 0.155376 29 10 18 6
29905 29838 67 29 0.49993 0.489057 0.0108732 26 13 22 12
