771 667 104 33 0.899899 0.885155 0.0147442 16 2 17 2
809 677 132 1 0.899912 0.880403 0.0195085 9 0 9 0
887 698 189 28 0.899952 0.869872 0.0300798 18 3 17 1
925 650 275 34 0.899846 0.857819 0.0420277 9 0 9 0
1442 1362 80 22 0.799891 0.787909 0.0119827 20 3 23 3
1473 1303 170 16 0.799948 0.776607 0.023341 15 2 15 2
1634 1419 215 12 0.799961 0.76846 0.031501 16 0 19 0
1659 1377 282 6 0.799972 0.761254 0.0387174 22 0 22 0
1666 1426 240 9 0.799935 0.766024 0.0339106 16 5 15 4
1702 1457 245 37 0.799955 0.76684 0.0331144 20 3 20 3
1762 1455 307 20 0.79997 0.757439 0.0425313 21 1 21 1
2302 2081 221 32 0.699919 0.673331 0.0265883 25 2 25 2
2324 2111 213 24 0.699907 0.67025 0.0296572 25 2 25 2
2365 2099 266 8 0.699989 0.669476 0.030514 25 4 25 4
2438 2145 293 17 0.699991 0.660407 0.0395844 30 4 28 3
2544 2107 437 3 0.699948 0.637889 0.0620591 20 4 20 4
2592 2249 343 14 0.699906 0.653544 0.0463617 19 9 20 9
2972 2823 149 31 0.599958 0.57554 0.0244181 25 2 25 2
3011 2887 124 5 0.599987 0.582523 0.0174639 24 7 24 7
3062 2683 379 19 0.599975 0.545229 0.0547459 23 4 22 3
3537 3468 69 38 0.49996 0.489783 0.0101767 26 6 26 6
3548 3399 149 33 0.699937 0.677169 0.0227683 28 7 21 6
3573 2879 694 2 0.599923 0.509493 0.0904298 26 4 26 4
3733 3647 86 26 0.499879 0.486213 0.0136664 27 5 27 5
3746 3499 247 4 0.499997 0.469776 0.030221 25 6 25 6
3747 3520 227 29 0.499997 0.466866 0.0331318 30 4 31 3
3808 3588 220 18 0.499912 0.465221 0.0346913 30 4 30 4
3926 3600 326 11 0.49999 0.458686 0.0413033 30 5 30 5
4000 3847 153 34 0.699957 0.677025 0.022932 16 10 15 10
4122 3529 593 15 0.499975 0.412152 0.0878234 30 3 30 3
4133 3498 635 21 0.499973 0.407965 0.0920079 28 4 28 4
4211 3676 535 36 0.499937 0.415955 0.0839817 26 8 26 8
4489 4429 60 30 0.399915 0.390983 0.00893216 24 12 24 12
4541 4223 318 25 0.399934 0.357519 0.0424157 25 7 25 7
4579 4244 335 1 0.599791 0.556199 0.0435918 29 3 29 3
4730 4424 306 28 0.599959 0.563986 0.0359733 32 5 25 4
5168 5115 53 35 0.299957 0.293253 0.00670418 25 14 25 14
5198 4463 735 13 0.399916 0.280121 0.119795 34 3 34 3
5223 5062 161 7 0.299931 0.278709 0.021222 25 12 25 12
5282 5107 175 23 0.299949 0.276793 0.0231553 25 10 25 10
5318 4372 946 0 0.399945 0.243045 0.1569 20 12 20 12
5425 4395 1030 10 0.399972 0.226772 0.1732 23 12 23 12
5445 5080 365 27 0.29987 0.256566 0.0433041 24 13 24 13
6344 5404 940 16 0.599947 0.484367 0.115581 21 12 18 11
6346 5635 711 9 0.599965 0.47283 0.127135 20 13 17 13
6576 6469 107 6 0.499947 0.484551 0.0153959 24 15 21 15
6718 3613 3105 39 0.499959 0.0280665 0.471893 28 4 28 4
7127 6834 293 17 0.599909 0.558264 0.0416452 26 11 15 10
7219 7056 163 3 0.59999 0.577461 0.0225293 22 15 18 13
7228 7175 53 19 0.699882 0.691608 0.0082743 22 12 16 12
7729 6331 1398 12 0.499952 0.260585 0.239367 21 17 19 17
7804 7019 785 22 0.399795 0.303551 0.0962446 19 14 19 13
7867 7610 257 24 0.499943 0.469425 0.0305172 25 10 21 10
8177 7822 355 33 0.59984 0.550657 0.0491828 27 10 21 10
8341 7575 766 8 0.499933 0.347302 0.152631 30 8 27 8
8372 7941 431 14 0.499974 0.437818 0.0621561 29 9 24 7
8427 7933 494 37 0.299933 0.229346 0.0705862 29 10 27 10
8569 8172 397 20 0.299792 0.230755 0.069037 28 8 24 8
9134 9073 61 11 0.599889 0.593078 0.00681188 29 9 23 9
9154 8902 252 21 0.699897 0.666816 0.033081 27 9 16 7
9257 9204 53 32 0.299953 0.293123 0.00682989 23 11 9 9
9448 7780 1668 5 0.599934 0.330134 0.2698 25 10 17 7
9493 9313 180 31 0.39992 0.376671 0.0232489 28 8 23 6
9627 9511 116 38 0.499898 0.482627 0.0172708 28 9 20 8
9887 9638 249 7 0.79995 0.767276 0.0326736 28 11 14 3
9922 9571 351 28 0.599968 0.555718 0.0442505 32 7 21 4
9962 9876 86 34 0.399939 0.389959 0.00997982 25 9 14 1
10082 9891 191 18 0.499833 0.466262 0.0335707 30 8 25 8
10086 9700 386 29 0.499964 0.439923 0.0600415 31 8 24 7
10192 10105 87 2 0.399784 0.386766 0.0130181 30 8 26 8
10639 10342 297 35 0.699983 0.658709 0.0412742 31 8 20 3
10686 10411 275 26 0.399993 0.368159 0.0318338 24 13 15 10
10928 10808 120 19 0.699983 0.684325 0.0156579 28 8 20 4
11426 11158 268 1 0.399905 0.365407 0.0344981 33 5 28 5
11589 11107 482 4 0.299939 0.238629 0.0613107 28 10 26 10
11656 11601 55 15 0.299966 0.291165 0.00880065 25 14 21 14
11867 10840 1027 27 0.699909 0.496118 0.203791 31 8 21 1
11872 10953 919 36 0.399892 0.28829 0.111602 21 16 18 14
11898 11526 372 30 0.399981 0.350834 0.0491468 23 16 22 14
12442 11815 627 25 0.399984 0.312045 0.0879391 26 11 23 9
12553 12325 228 10 0.499934 0.469099 0.0308343 27 11 23 9
12706 12653 53 13 0.399978 0.392278 0.00770033 24 15 21 15
12739 12320 419 16 0.499894 0.443136 0.0567584 27 10 24 9
12741 12648 93 3 0.499976 0.48497 0.0150057 26 13 19 11
12758 12680 78 17 0.499866 0.487055 0.0128106 23 16 18 15
12908 12406 502 33 0.699953 0.627129 0.0728246 26 12 23 12
13272 12479 793 6 0.499913 0.360708 0.139206 30 9 22 5
14125 13054 1071 0 0.399922 0.213004 0.186918 23 14 22 13
14261 14035 226 7 0.599997 0.57177 0.0282271 24 15 20 11
14376 13776 600 14 0.599969 0.520222 0.0797466 30 9 23 7
14382 13166 1216 11 0.699941 0.492718 0.207223 30 9 21 5
14841 13633 1208 21 0.599905 0.425378 0.174527 33 5 18 3
14918 13733 1185 23 0.299945 0.147903 0.152043 27 12 24 11
14929 14471 458 18 0.69997 0.628633 0.071337 29 10 8 4
15330 15239 91 39 0.399944 0.386797 0.013147 24 15 19 14
15347 15015 332 5 0.599929 0.537043 0.0628863 23 14 15 8
15503 15450 53 37 0.499979 0.491274 0.00870466 24 15 5 11
15694 13977 1717 24 0.499899 0.175079 0.32482 26 10 18 7
15709 15387 322 32 0.599903 0.555887 0.0440156 28 9 12 5
15767 14032 1735 9 0.299969 0.00493658 0.295033 25 13 23 9
15820 15523 297 20 0.499896 0.456729 0.0431668 30 8 25 6
15825 15629 196 8 0.399982 0.37288 0.0271015 30 9 22 7
15922 15829 93 2 0.599959 0.585018 0.0149413 25 13 15 11
16376 16236 140 38 0.399929 0.379967 0.0199628 28 11 23 10
16512 14486 2026 22 0.499922 0.200514 0.299408 28 9 26 8
16906 16575 331 16 0.799934 0.75404 0.0458935 24 13 9 5
16925 16568 357 31 0.399791 0.348102 0.051689 29 9 24 9
16991 15219 1772 12 0.399886 0.0681396 0.331747 27 12 23 12
17014 16547 467 35 0.399941 0.336123 0.0638182 29 10 24 10
17208 16972 236 29 0.399976 0.366869 0.0331069 30 9 27 8
17283 17056 227 1 0.599931 0.571649 0.0282819 26 12 21 12
17335 17054 281 26 0.49999 0.460293 0.039697 25 14 22 10
17455 17142 313 28 0.299986 0.24636 0.0536267 25 14 22 13
17702 17106 596 34 0.399947 0.326456 0.0734907 32 7 26 4
17733 17544 189 30 0.599972 0.573579 0.0263931 25 14 19 10
18786 18343 443 15 0.499812 0.4227 0.0771121 27 12 20 10
18793 18661 132 3 0.499994 0.477859 0.0221349 19 20 17 17
19077 17502 1575 33 0.599934 0.292147 0.307787 26 13 20 11
19551 19274 277 17 0.399941 0.361488 0.0384529 28 11 22 11
19716 19368 348 10 0.399767 0.353306 0.0464615 26 13 22 11
19794 19508 286 0 0.699934 0.662971 0.0369639 25 12 20 10
20039 19701 338 6 0.499926 0.452644 0.0472825 30 9 23 9
20151 18824 1327 25 0.499855 0.260184 0.239671 24 15 22 14
20206 20019 187 4 0.299926 0.273038 0.0268873 22 17 19 16
20417 19786 631 13 0.399901 0.294424 0.105477 25 14 20 13
20495 19140 1355 27 0.299939 0.0738151 0.226124 16 23 15 22
20603 20016 587 36 0.299914 0.221044 0.0788693 24 15 22 13
20741 20129 612 14 0.499998 0.409069 0.0909296 28 11 19 7
20887 20664 223 8 0.699906 0.669071 0.0308352 30 9 17 5
21315 21025 290 5 0.499948 0.462234 0.0377145 24 15 19 10
21347 20751 596 2 0.599905 0.510561 0.0893439 29 10 22 9
21489 19531 1958 11 0.599903 0.294033 0.30587 30 9 12 3
21642 21140 502 18 0.399937 0.335212 0.0647251 23 16 20 15
22270 21884 386 22 0.69992 0.649368 0.050552 26 12 20 8
22325 20546 1779 7 0.399969 0.132274 0.267695 26 13 21 9
22694 22385 309 39 0.39993 0.358865 0.0410649 26 13 21 10
23048 22658 390 31 0.599951 0.546978 0.0529729 23 16 18 14
23118 23040 78 16 0.299789 0.287514 0.0122748 28 10 23 9
23139 22721 418 21 0.299979 0.230155 0.0698232 27 12 15 10
23155 22840 315 28 0.699978 0.647185 0.0527932 23 16 13 10
23240 23126 114 20 0.299942 0.282097 0.0178456 25 14 23 14
23296 22704 592 38 0.499989 0.421971 0.0780172 24 15 18 13
23415 22963 452 1 0.499936 0.442931 0.0570051 27 12 21 9
23482 22857 625 37 0.299946 0.185464 0.114482 22 17 21 16
23490 23133 357 32 0.299932 0.251008 0.0489245 30 8 23 7
23679 23487 192 29 0.499857 0.474083 0.0257731 25 14 17 13
24135 23249 886 12 0.69995 0.59537 0.10458 28 11 19 5
24418 23886 532 23 0.299972 0.223135 0.0768374 29 10 24 9
24483 23917 566 3 0.599883 0.52221 0.0776724 26 13 22 9
24926 24125 801 26 0.399913 0.284653 0.11526 26 13 20 11
25108 24438 670 24 0.29998 0.227522 0.0724579 26 13 23 11
25241 24616 625 10 0.699918 0.605427 0.0944909 25 14 15 6
25411 24941 470 30 0.299941 0.231331 0.0686096 30 9 27 9
25518 25338 180 6 0.599909 0.573533 0.0263754 27 12 20 11
25769 25042 727 15 0.499982 0.403887 0.0960948 27 12 22 10
25956 24835 1121 35 0.299813 0.127833 0.17198 30 9 26 8
26065 26010 55 8 0.499879 0.490818 0.00906081 25 14 16 13
26099 25228 871 9 0.299958 0.168706 0.131252 27 12 20 7
26180 25858 322 34 0.299936 0.259211 0.0407253 26 13 18 12
26614 26561 53 4 0.599945 0.591916 0.00802827 25 14 5 1
26970 25833 1137 33 0.49995 0.305521 0.194428 27 12 17 8
27174 26722 452 36 0.599896 0.541772 0.0581233 28 11 19 7
27224 27030 194 25 0.499834 0.470828 0.0290052 24 15 21 9
27295 27242 53 13 0.5 0.493194 0.00680616 24 15 22 13
27523 26718 805 17 0.399991 0.268504 0.131486 27 12 23 10
28239 28046 193 18 0.499971 0.474757 0.0252143 25 14 23 11
28275 27871 404 31 0.599808 0.546281 0.0535272 29 10 20 5
28362 28006 356 2 0.399899 0.352564 0.0473353 30 9 25 8
28525 28470 55 21 0.69989 0.690457 0.00943337 28 11 11 4
28638 28371 267 16 0.699951 0.654047 0.0459032 28 10 17 9
28681 28156 525 22 0.399766 0.336954 0.0628114 25 14 21 10
29327 29274 53 11 0.370684 0.363338 0.00734595 26 13 13 9
29722 28445 1277 14 0.29995 0.13455 0.1654 29 10 27 8
29889 29634 255 3 0.599881 0.561162 0.0387193 27 12 21 8
