823 710 113 33 0.899952 0.883771 0.0161806 17 2 16 1
921 694 227 23 0.89976 0.865822 0.0339381 10 0 10 0
1474 1420 54 6 0.79982 0.793021 0.00679876 21 2 21 2
1507 1366 141 11 0.799952 0.776529 0.0234234 19 1 19 1
1528 1356 172 4 0.799769 0.773756 0.026013 20 0 20 0
1598 1359 239 34 0.7999 0.766276 0.033624 12 1 12 1
1651 1347 304 1 0.799908 0.759197 0.0407113 12 0 12 0
2223 2038 185 13 0.699863 0.677574 0.0222891 28 2 28 2
2265 2186 79 3 0.699819 0.689559 0.01026 27 1 27 1
2343 2169 174 19 0.699962 0.679773 0.020189 25 0 25 0
2385 2147 238 24 0.699984 0.667061 0.0329234 24 3 24 1
2386 2190 196 14 0.69992 0.673784 0.0261364 19 0 19 0
2442 2200 242 12 0.699972 0.664615 0.0353574 25 0 25 0
2528 2130 398 36 0.6999 0.647332 0.0525678 24 1 24 1
2755 2702 53 33 0.799873 0.791687 0.00818537 22 4 16 4
3073 2863 210 18 0.599944 0.575502 0.0244422 30 4 30 4
3073 2866 207 27 0.599911 0.574533 0.0253771 29 4 29 4
3116 2792 324 25 0.599982 0.556902 0.0430801 27 3 27 3
3188 2850 338 5 0.599904 0.558523 0.0413808 25 0 25 0
3200 2916 284 29 0.599908 0.563803 0.0361052 32 4 32 4
3224 2866 358 26 0.599816 0.549549 0.0502665 24 7 24 6
3290 2836 454 0 0.599969 0.534063 0.0659054 27 2 27 2
3654 3579 75 35 0.499989 0.489496 0.010493 34 2 33 1
3798 3708 90 31 0.499828 0.484806 0.0150216 26 9 26 9
3823 3601 222 17 0.499901 0.470909 0.028992 24 12 23 10
3868 3535 333 37 0.499944 0.457794 0.0421496 23 6 23 6
3875 3593 282 7 0.499984 0.462416 0.0375677 23 7 23 7
4515 4351 164 30 0.399975 0.379102 0.0208731 29 5 29 5
4540 4330 210 21 0.399873 0.373058 0.0268149 28 8 28 8
4540 4404 136 28 0.399975 0.379857 0.0201184 30 6 30 6
4633 4460 173 10 0.399933 0.376439 0.0234936 28 6 28 6
4673 4243 430 2 0.399762 0.335553 0.0642091 26 7 26 7
4685 4433 252 39 0.399993 0.365681 0.0343121 30 9 30 9
4702 4333 369 38 0.399824 0.350215 0.0496087 33 2 34 1
4784 4334 450 22 0.399938 0.34035 0.0595883 32 8 31 7
5351 5246 105 16 0.299939 0.283645 0.0162939 28 10 28 10
5393 5005 388 15 0.299925 0.253407 0.0465177 28 10 28 10
5420 4968 452 32 0.299942 0.237103 0.062839 25 10 25 10
5708 5026 682 20 0.299872 0.183021 0.116851 22 13 22 13
5993 5185 808 23 0.499954 0.374626 0.125328 26 11 26 11
6280 3541 2739 9 0.499804 0.0248962 0.474907 27 3 27 3
6422 5273 1149 8 0.299904 0.143106 0.156798 30 8 30 8
6480 4293 2187 3 0.899951 0.494292 0.405659 30 1 11 1
6847 6139 708 6 0.499922 0.38653 0.113392 27 10 22 10
6895 5933 962 33 0.699963 0.539315 0.160649 21 10 9 9
7411 7341 70 36 0.569866 0.558952 0.0109139 19 12 13 11
7467 7139 328 29 0.699988 0.650523 0.0494657 33 6 16 6
7543 5362 2181 11 0.599952 0.21488 0.385072 24 8 20 8
7933 7680 253 37 0.799988 0.76366 0.0363277 31 6 17 4
8300 8005 295 1 0.299923 0.261649 0.0382744 29 10 29 10
8326 7586 740 4 0.299973 0.21581 0.0841626 19 18 19 18
8446 8299 147 0 0.599965 0.579326 0.0206385 20 15 15 15
8447 8108 339 35 0.699935 0.651325 0.0486099 35 3 19 3
8581 7853 728 34 0.299818 0.179424 0.120394 22 10 21 10
8602 8423 179 12 0.399978 0.372904 0.0270748 20 19 18 19
8778 8408 370 14 0.399925 0.355349 0.0445761 25 13 23 13
8913 8608 305 13 0.299933 0.259197 0.0407359 27 12 20 10
9092 8976 116 7 0.599867 0.581919 0.0179476 29 9 21 9
9239 8093 1146 17 0.699933 0.528093 0.17184 29 9 19 6
9459 9120 339 24 0.299982 0.255197 0.0447853 20 17 20 17
9566 8861 705 19 0.299835 0.198543 0.101292 28 9 21 9
9770 9309 461 27 0.399896 0.322642 0.077254 23 16 22 16
9939 9717 222 38 0.699982 0.668008 0.0319733 28 9 23 9
10078 9547 531 25 0.399989 0.322323 0.0776663 25 13 20 11
10224 10106 118 18 0.299921 0.279503 0.0204179 31 8 29 8
10463 10221 242 26 0.299915 0.26842 0.0314948 28 9 28 9
11017 10227 790 5 0.299896 0.206865 0.0930311 28 10 27 10
11033 10890 143 28 0.499925 0.479275 0.02065 26 12 21 10
11094 10776 318 15 0.699907 0.661148 0.0387595 28 10 15 4
11210 10806 404 36 0.799963 0.748306 0.0516568 27 8 15 3
11618 11442 176 23 0.599902 0.573622 0.02628 27 11 21 9
11634 10280 1354 10 0.599956 0.361926 0.23803 27 9 19 6
11708 10395 1313 2 0.599918 0.367175 0.232743 31 7 23 6
12128 10945 1183 30 0.49996 0.286438 0.213522 27 10 17 9
12253 11177 1076 31 0.299979 0.129277 0.170702 24 15 20 14
12511 12458 53 0 0.699936 0.690284 0.00965234 23 14 11 8
12531 11838 693 39 0.39998 0.286999 0.112981 24 15 23 15
12707 12331 376 21 0.299942 0.247139 0.0528026 26 13 21 11
12877 12027 850 20 0.599994 0.450001 0.149992 23 14 17 10
13075 12397 678 6 0.599975 0.502496 0.0974789 23 16 17 16
13153 12219 934 22 0.399932 0.226623 0.173309 30 11 24 10
13795 13543 252 37 0.399837 0.364669 0.035168 27 11 24 10
13822 12379 1443 3 0.499787 0.251511 0.248276 29 8 23 8
13944 13891 53 1 0.673534 0.665904 0.00762963 23 16 5 7
14157 13518 639 16 0.299952 0.214526 0.0854259 31 8 24 6
14472 14346 126 12 0.599901 0.580521 0.0193797 25 14 17 6
14528 14165 363 33 0.299911 0.247979 0.0519318 25 12 24 12
14603 14535 68 13 0.699926 0.689857 0.0100691 26 13 8 4
14723 14670 53 8 0.399958 0.391822 0.00813553 35 4 18 3
15029 13958 1071 32 0.299924 0.128243 0.171681 28 11 24 10
15130 14757 373 24 0.699967 0.651535 0.0484315 29 10 26 7
15177 14815 362 9 0.399986 0.347664 0.0523222 28 8 21 8
15360 14984 376 17 0.49985 0.440351 0.0594987 28 11 17 6
15455 14305 1150 29 0.299892 0.111964 0.187927 26 13 22 13
15556 14598 958 4 0.599897 0.470222 0.129675 28 10 17 6
15579 15440 139 35 0.299802 0.279998 0.0198042 27 12 25 12
15923 14344 1579 25 0.799962 0.606395 0.193567 28 10 15 5
16114 16007 107 7 0.299953 0.284363 0.0155901 22 17 17 15
16115 15852 263 26 0.699912 0.662874 0.037038 29 8 19 7
16141 15753 388 38 0.399923 0.348658 0.0512644 23 16 19 16
16269 16189 80 11 0.299894 0.286907 0.0129873 27 11 25 11
16477 15635 842 23 0.699997 0.572481 0.127516 24 15 15 11
16633 15866 767 2 0.799981 0.70247 0.097511 28 10 14 6
16990 16913 77 28 0.499942 0.488456 0.0114861 29 10 23 9
17130 16847 283 14 0.299785 0.262073 0.0377117 32 7 29 6
17203 16831 372 36 0.399921 0.344347 0.0555734 25 14 24 12
17311 17179 132 34 0.299892 0.280682 0.0192105 25 13 23 13
17519 17281 238 5 0.599999 0.569498 0.0305016 26 13 21 11
17784 17586 198 19 0.39979 0.368858 0.0309321 29 9 21 8
18111 17873 238 15 0.299991 0.263368 0.036623 24 15 23 14
18374 18101 273 10 0.499899 0.464421 0.035478 27 11 23 8
18433 18074 359 24 0.799775 0.757359 0.0424168 31 8 18 7
18805 18462 343 18 0.299905 0.255011 0.0448938 23 16 20 15
18857 18749 108 37 0.699995 0.68344 0.0165549 26 12 19 9
18901 17884 1017 27 0.299927 0.135595 0.164332 29 10 28 10
18954 18791 163 30 0.499963 0.473526 0.0264376 29 9 20 8
19060 18178 882 6 0.599938 0.487852 0.112086 28 11 20 6
19369 19314 55 17 0.799838 0.791736 0.00810159 30 9 8 0
19663 19248 415 39 0.499995 0.439198 0.0607966 26 13 21 9
20110 18948 1162 20 0.499902 0.304408 0.195495 25 14 22 13
20195 20085 110 1 0.399965 0.384609 0.0153559 29 10 23 8
20327 19960 367 33 0.699912 0.648168 0.0517441 23 15 15 12
20429 20156 273 22 0.499924 0.461838 0.0380861 30 11 22 9
20582 20098 484 31 0.399999 0.327225 0.072774 25 14 21 10
20642 19200 1442 0 0.29993 0.0731293 0.2268 27 12 27 12
20720 20643 77 13 0.369705 0.357742 0.0119634 28 11 24 10
20795 20553 242 23 0.699982 0.662309 0.0376732 30 9 17 1
21087 20724 363 3 0.499857 0.454003 0.0458541 28 11 22 11
21342 21289 53 7 0.699787 0.69097 0.00881679 24 15 8 2
21374 21053 321 21 0.299896 0.25827 0.041626 22 17 20 16
21438 20917 521 8 0.499945 0.426349 0.0735961 26 13 18 11
22289 21714 575 9 0.499955 0.405605 0.09435 26 12 21 11
22302 20878 1424 12 0.399931 0.189757 0.210174 30 9 21 7
22382 22063 319 25 0.399896 0.354078 0.0458186 26 13 25 13
22392 22339 53 14 0.699973 0.691235 0.00873756 29 10 9 5
22392 22127 265 32 0.599957 0.561987 0.0379708 28 11 11 6
22435 22170 265 26 0.399901 0.362742 0.0371594 28 11 26 11
22942 22602 340 16 0.299934 0.254065 0.0458688 31 8 27 8
23086 23011 75 35 0.39599 0.383189 0.012801 23 16 14 13
23174 22941 233 28 0.499995 0.465171 0.0348248 23 16 21 13
23274 22993 281 29 0.49979 0.45894 0.0408499 25 14 23 13
23299 22639 660 19 0.699931 0.593796 0.106134 30 8 22 3
23302 23105 197 5 0.499944 0.475344 0.0246003 23 16 17 13
23429 22330 1099 4 0.399961 0.273414 0.126547 31 8 28 7
23493 23240 253 17 0.599941 0.564004 0.035937 29 10 22 8
23517 22289 1228 11 0.599948 0.412393 0.187555 25 13 21 10
23708 23596 112 36 0.499894 0.485249 0.0146451 28 11 23 9
23709 23244 465 33 0.79991 0.70842 0.0914897 23 15 16 6
24204 24061 143 38 0.299922 0.276911 0.0230106 19 20 18 17
25037 23335 1702 24 0.499934 0.271812 0.228122 31 8 23 6
25130 24134 996 6 0.599946 0.450222 0.149724 26 13 13 8
25249 25156 93 10 0.399922 0.387222 0.0127001 24 15 19 15
25506 24819 687 34 0.399939 0.320629 0.0793107 26 12 22 11
25833 24034 1799 37 0.499766 0.227527 0.272238 30 9 22 7
26039 25752 287 7 0.599958 0.556104 0.0438537 28 11 18 7
26310 25979 331 23 0.499999 0.454938 0.0450611 26 13 22 12
26486 26315 171 20 0.599972 0.578489 0.0214833 26 13 10 5
26564 26377 187 31 0.599944 0.569215 0.030729 23 16 19 10
26622 26569 53 18 0.299779 0.292334 0.00744529 29 10 24 7
26688 26336 352 32 0.699941 0.649515 0.0504255 28 11 14 4
26752 26543 209 30 0.299914 0.270553 0.0293603 27 12 24 11
26956 26388 568 15 0.299923 0.218007 0.0819158 24 15 24 14
26994 26941 53 39 0.299943 0.29122 0.00872333 24 15 21 14
27012 26513 499 0 0.699989 0.613504 0.0864853 27 12 19 6
27174 26442 732 22 0.499939 0.409935 0.0900042 32 9 23 4
27213 27085 128 29 0.799925 0.783805 0.0161202 31 8 22 5
27228 27107 121 19 0.7 0.678162 0.0218384 28 10 17 9
27498 27089 409 13 0.499821 0.445744 0.0540768 34 5 25 3
27689 27452 237 11 0.799915 0.765819 0.0340965 31 8 21 4
28203 27836 367 27 0.299976 0.254179 0.0457966 28 11 21 10
28224 26897 1327 8 0.599924 0.425603 0.174321 25 14 19 10
28233 27909 324 35 0.699934 0.660681 0.0392533 27 12 22 7
28398 27967 431 1 0.29994 0.23574 0.0642008 28 11 25 8
28645 28273 372 17 0.599814 0.551652 0.048162 27 12 15 11
29000 28766 234 25 0.499944 0.471461 0.0284833 33 6 26 3
29059 28677 382 3 0.29995 0.25059 0.0493593 28 11 27 11
29197 29132 65 31 0.899994 0.889892 0.0101015 28 11 10 2
29487 29182 305 5 0.499957 0.459638 0.040319 24 15 23 12
29770 28182 1588 14 0.399927 0.0758868 0.32404 24 15 20 14
29915 28692 1223 36 0.599983 0.395967 0.204016 26 13 22 12
29942 29517 425 26 0.399975 0.330827 0.0691485 27 12 25 11
29949 29735 214 21 0.299935 0.269137 0.030798 27 12 25 11
