711 658 53 11 0.899903 0.893044 0.00685853 16 0 16 0
827 597 230 24 0.899891 0.869353 0.0305385 13 0 13 0
1558 1340 218 3 0.799819 0.771636 0.0281828 17 2 17 2
1559 1379 180 17 0.799773 0.770969 0.0288037 15 0 15 0
1581 1332 249 25 0.799973 0.765978 0.033995 24 3 25 2
1624 1421 203 33 0.799931 0.76582 0.034111 22 1 22 1
1639 1461 178 20 0.799891 0.770882 0.0290091 24 1 24 0
1727 1378 349 31 0.799909 0.753509 0.0463999 21 0 21 0
1770 1461 309 28 0.799794 0.757799 0.0419943 15 3 15 2
1850 1454 396 34 0.799953 0.747124 0.0528296 19 2 19 1
2167 1892 275 36 0.699815 0.661137 0.0386781 20 2 20 2
2324 2129 195 35 0.69981 0.675592 0.0242178 32 2 31 1
2328 2055 273 37 0.699974 0.662284 0.0376903 29 3 29 3
2366 1996 370 9 0.69994 0.656017 0.0439228 22 2 22 2
2552 2187 365 18 0.699992 0.652466 0.0475253 24 2 24 2
2959 2751 208 2 0.599942 0.572236 0.027706 23 7 23 7
3007 2800 207 19 0.599957 0.574292 0.0256658 24 4 24 3
3040 2973 67 4 0.580081 0.569323 0.010758 27 8 27 8
3090 2785 305 12 0.5999 0.560504 0.0393963 29 3 29 3
3132 2865 267 22 0.599891 0.56188 0.0380117 27 4 27 4
3255 2966 289 7 0.599893 0.560791 0.0391018 27 6 27 6
3679 3498 181 29 0.499988 0.47645 0.023538 28 8 27 7
3804 3707 97 39 0.49983 0.48605 0.0137797 27 9 27 9
3807 3547 260 32 0.499955 0.466295 0.0336605 25 7 25 7
3827 3497 330 1 0.499897 0.456015 0.0438815 27 3 27 3
3867 3565 302 24 0.699897 0.655298 0.0445992 24 5 21 5
3894 3519 375 30 0.49983 0.450384 0.0494458 25 4 25 4
3931 3521 410 38 0.499949 0.440534 0.0594149 30 5 30 5
3976 3420 556 14 0.499998 0.427326 0.0726726 25 11 25 11
4217 3863 354 5 0.499925 0.451084 0.0488404 30 3 30 3
4454 4084 370 3 0.799902 0.749887 0.050015 26 7 19 6
4460 3647 813 6 0.49983 0.382938 0.116892 28 4 28 4
4806 4340 466 27 0.399985 0.32977 0.0702148 29 4 29 4
4916 4387 529 10 0.399944 0.319454 0.0804902 29 7 29 7
4982 4477 505 0 0.399918 0.323002 0.0769161 27 7 27 7
5418 5146 272 23 0.299969 0.265477 0.0344922 20 18 20 18
5523 5203 320 13 0.299978 0.259484 0.0404938 24 11 24 11
5583 4320 1263 15 0.399985 0.154337 0.245648 28 9 28 9
6110 4259 1851 11 0.599944 0.261894 0.33805 25 11 23 11
6185 6132 53 9 0.699938 0.693723 0.00621554 19 14 15 14
6430 5177 1253 26 0.299953 0.0725139 0.227439 25 12 25 12
6479 5186 1293 16 0.299963 0.0672398 0.232723 28 9 28 9
6485 5178 1307 21 0.299826 0.133843 0.165983 28 11 28 11
6524 6013 511 28 0.599996 0.517216 0.0827805 20 10 12 8
6574 5250 1324 8 0.299962 0.0557825 0.24418 25 10 25 10
7046 6756 290 35 0.599997 0.562691 0.0373058 27 11 21 11
7160 6787 373 36 0.599913 0.550393 0.0495206 23 6 12 4
7347 7213 134 25 0.399914 0.381602 0.0183123 22 15 18 15
7402 7265 137 20 0.399796 0.378327 0.0214692 27 10 27 10
7424 5642 1782 33 0.599944 0.288462 0.311482 22 11 16 11
7750 7477 273 34 0.399935 0.361883 0.0380519 19 17 18 17
7832 7020 812 18 0.599919 0.468155 0.131764 23 12 18 12
7955 6549 1406 31 0.499933 0.244022 0.255911 25 11 23 11
7984 6982 1002 19 0.699809 0.566566 0.133243 24 10 16 10
7985 7733 252 2 0.599888 0.564473 0.0354155 25 14 19 12
8050 7873 177 4 0.599964 0.572953 0.0270104 20 18 15 17
8082 7848 234 17 0.299897 0.268038 0.0318585 25 11 24 11
8878 8541 337 3 0.599987 0.557782 0.0422052 29 9 19 8
9253 8869 384 22 0.499979 0.448223 0.0517564 32 6 26 6
9589 9219 370 30 0.599974 0.552198 0.0477755 28 6 17 6
9696 9311 385 6 0.699782 0.647921 0.0518606 28 7 16 7
9966 9029 937 37 0.299924 0.14184 0.158084 22 13 16 12
9973 9644 329 7 0.399989 0.354487 0.0455022 23 15 17 15
10196 9850 346 27 0.69996 0.647246 0.0527144 27 10 17 9
10460 9677 783 9 0.699955 0.578708 0.121247 23 11 15 3
10543 10275 268 12 0.299946 0.267752 0.0321939 22 17 19 16
10792 10475 317 35 0.799787 0.756534 0.0432529 31 8 16 4
10849 10557 292 24 0.299932 0.26075 0.0391821 24 13 21 13
10937 9871 1066 32 0.499933 0.317846 0.182087 30 9 22 8
11014 10129 885 14 0.499906 0.352865 0.147041 26 11 18 7
11158 10988 170 5 0.399983 0.375766 0.0242168 26 12 21 12
11500 11163 337 29 0.299921 0.255749 0.0441728 26 13 23 13
11625 11329 296 39 0.299947 0.262017 0.0379303 27 12 26 10
11711 11551 160 38 0.299975 0.275908 0.0240664 19 20 19 20
11747 11403 344 28 0.599909 0.555115 0.0447941 21 13 16 10
11877 11409 468 11 0.69997 0.640826 0.0591446 29 9 19 3
12470 12389 81 13 0.499962 0.488939 0.0110227 28 11 24 8
12518 12249 269 10 0.399994 0.364457 0.0355374 27 12 25 11
12679 11457 1222 1 0.29997 0.162046 0.137925 28 9 28 8
13062 12828 234 36 0.499907 0.467195 0.0327121 22 14 20 11
13093 12646 447 8 0.699979 0.634173 0.0658064 25 13 20 11
13307 13052 255 23 0.399921 0.368131 0.0317905 26 13 22 12
13591 13280 311 26 0.599923 0.559617 0.0403063 26 11 19 6
13797 13118 679 0 0.299917 0.196485 0.103432 30 8 29 8
13806 13573 233 19 0.49999 0.467205 0.0327845 27 12 26 11
13887 13715 172 20 0.499893 0.477923 0.02197 29 10 26 8
13939 12261 1678 25 0.699971 0.407244 0.292727 31 7 18 1
14354 14136 218 16 0.499948 0.469518 0.0304298 26 13 20 11
14397 14096 301 35 0.699927 0.661783 0.0381446 27 12 19 9
14519 14234 285 2 0.399871 0.36129 0.0385813 26 13 24 13
14620 13302 1318 33 0.599944 0.45466 0.145284 25 12 16 6
14685 14632 53 21 0.399935 0.391625 0.00830968 25 14 19 12
14963 14332 631 15 0.299965 0.204203 0.095762 35 4 33 3
15026 14569 457 30 0.59993 0.536048 0.0638827 25 12 20 12
15066 14721 345 27 0.599901 0.55487 0.0450308 25 13 18 12
15151 14950 201 34 0.399873 0.368253 0.0316196 26 12 23 10
15332 15056 276 4 0.299936 0.261998 0.0379376 27 11 23 11
15421 15208 213 9 0.599948 0.56912 0.0308286 24 12 16 8
15579 14534 1045 3 0.499992 0.327007 0.172986 29 9 26 8
16087 14183 1904 17 0.599816 0.269699 0.330116 27 12 24 10
16212 14945 1267 6 0.499878 0.305774 0.194104 28 10 21 10
16343 15303 1040 18 0.299978 0.147322 0.152656 24 14 20 13
16852 15888 964 31 0.399857 0.240345 0.159512 25 14 19 12
17439 16973 466 38 0.699905 0.636325 0.0635795 27 12 13 4
17567 16904 663 5 0.5999 0.499221 0.10068 32 7 24 6
17833 17335 498 11 0.499967 0.431548 0.0684189 29 10 21 7
17854 17801 53 29 0.599899 0.59317 0.0067293 25 14 12 6
18073 16949 1124 22 0.299903 0.0990418 0.200861 28 11 26 11
18168 17639 529 1 0.799912 0.708999 0.0909123 26 12 17 7
18210 17776 434 7 0.299785 0.227046 0.0727391 25 14 23 13
18472 17822 650 39 0.599883 0.51526 0.0846234 25 14 18 8
18580 18453 127 24 0.399969 0.381571 0.018398 22 16 20 13
18636 18294 342 36 0.599951 0.556263 0.0436875 28 10 17 6
18696 18049 647 37 0.399929 0.295638 0.104291 29 9 25 9
19120 18768 352 28 0.299958 0.252414 0.0475437 29 9 28 7
19158 18783 375 10 0.499999 0.447917 0.0520819 30 9 22 6
19183 19030 153 14 0.299995 0.275042 0.0249534 25 14 24 13
19290 18162 1128 12 0.399961 0.231931 0.168031 31 8 26 4
19368 17648 1720 26 0.699912 0.433997 0.265915 29 10 21 6
19458 19161 297 13 0.399999 0.352768 0.0472307 23 16 21 15
19569 19257 312 8 0.399981 0.349662 0.0503188 29 10 21 9
19732 19647 85 9 0.672828 0.659393 0.0134347 23 15 16 10
19944 19677 267 19 0.499763 0.46169 0.0380723 28 11 22 11
20014 19604 410 21 0.699966 0.638806 0.0611601 24 15 16 8
20312 18258 2054 32 0.399818 0.12401 0.275808 24 15 20 14
20591 19712 879 20 0.499901 0.386131 0.113771 25 14 21 12
20594 19997 597 25 0.499981 0.408291 0.0916903 30 9 18 7
20849 20314 535 35 0.399976 0.32101 0.0789666 23 16 22 14
21364 21206 158 23 0.299987 0.276068 0.023919 23 16 23 15
21419 21032 387 16 0.399912 0.345639 0.0542726 25 14 18 11
21751 19931 1820 27 0.599881 0.285355 0.314526 25 13 19 11
21889 21601 288 30 0.399908 0.359768 0.0401398 29 10 26 10
21978 21617 361 34 0.499925 0.443811 0.0561145 27 12 23 8
22393 22218 175 0 0.299946 0.272722 0.0272246 33 6 30 6
22498 22132 366 18 0.699894 0.637905 0.0619887 20 18 13 11
22509 22303 206 2 0.299892 0.272367 0.0275247 28 11 21 8
22622 21813 809 29 0.699901 0.558842 0.14106 26 13 20 9
22790 22149 641 3 0.499946 0.387924 0.112023 28 11 21 11
22975 22742 233 6 0.499992 0.470466 0.0295265 28 11 25 11
23000 22215 785 4 0.499997 0.364429 0.135568 26 13 22 12
23184 22719 465 39 0.699762 0.622972 0.0767901 27 12 18 7
23325 23127 198 1 0.499916 0.473798 0.0261179 24 15 19 14
23455 22395 1060 33 0.299911 0.0904118 0.209499 26 13 24 12
23470 23350 120 38 0.39995 0.383687 0.0162628 31 8 26 6
23837 23574 263 15 0.299903 0.262875 0.0370274 26 13 23 12
23983 22081 1902 17 0.599976 0.28075 0.319226 26 13 17 10
24552 23824 728 31 0.499965 0.390588 0.109377 27 12 21 8
24641 23276 1365 5 0.499872 0.310984 0.188889 23 16 19 15
25348 24806 542 11 0.399983 0.318561 0.0814218 21 18 18 17
25412 25357 55 22 0.499966 0.490538 0.0094285 26 13 23 11
25489 25436 53 16 0.799957 0.792083 0.00787474 24 15 9 4
25510 24930 580 9 0.499907 0.419256 0.0806504 28 11 18 7
25833 25389 444 21 0.499884 0.442238 0.0576464 32 7 26 5
26024 23993 2031 26 0.699912 0.330782 0.36913 24 15 15 11
26058 25846 212 7 0.399951 0.369331 0.0306196 27 12 24 10
26159 26092 67 10 0.399936 0.392205 0.00773151 25 14 21 13
26282 26027 255 25 0.599831 0.56517 0.0346605 34 5 14 1
26383 25881 502 36 0.299961 0.230098 0.0698624 25 14 23 13
26412 26066 346 19 0.499955 0.453318 0.0466365 28 11 19 9
26944 26771 173 8 0.399989 0.376394 0.0235951 32 7 30 7
27011 26510 501 24 0.299933 0.230477 0.0694567 26 13 23 8
27034 26853 181 30 0.699982 0.670626 0.0293566 34 5 25 2
27050 26967 83 39 0.699878 0.68613 0.0137488 30 9 12 4
27086 26964 122 20 0.499985 0.480574 0.0194108 23 16 16 8
27156 26744 412 35 0.599938 0.545403 0.0545355 31 8 25 5
27161 26743 418 13 0.399968 0.344563 0.0554051 27 12 25 10
27558 27309 249 28 0.299819 0.269261 0.030558 21 18 18 13
27640 27445 195 32 0.499899 0.476432 0.0234675 26 13 24 10
27644 27551 93 18 0.499915 0.48706 0.0128553 25 13 24 9
27807 27635 172 12 0.299986 0.275785 0.0242001 29 10 26 10
28227 28067 160 34 0.499923 0.476315 0.0236083 23 16 18 13
28260 26186 2074 37 0.399914 0.0186087 0.381306 32 7 26 6
28852 27474 1378 14 0.299991 0.044078 0.255912 25 14 20 12
29175 28734 441 4 0.599992 0.543533 0.0564589 26 13 22 9
29468 28628 840 1 0.599892 0.470972 0.12892 29 10 20 8
29474 29339 135 16 0.599916 0.57729 0.0226261 25 14 18 8
29987 28483 1504 2 0.6 0.332773 0.267227 31 8 18 7
