755 693 62 38 0.899897 0.891207 0.00868953 13 4 13 2
928 694 234 23 0.899933 0.864287 0.0356462 10 0 10 0
1484 1394 90 8 0.799996 0.787724 0.0122726 22 1 22 1
1515 1368 147 7 0.799859 0.778867 0.0209921 20 1 20 1
1536 1328 208 0 0.799974 0.771124 0.0288497 11 1 11 1
1551 1359 192 27 0.79996 0.771666 0.0282933 16 0 16 0
1619 1483 136 21 0.799961 0.782597 0.0173643 18 5 18 3
1671 1366 305 32 0.799844 0.757494 0.0423492 17 3 18 2
1674 1380 294 4 0.799835 0.756295 0.0435408 18 2 18 2
1685 1464 221 9 0.799934 0.769335 0.0305994 16 2 16 2
1714 1326 388 29 0.799983 0.742528 0.0574545 21 0 21 0
2163 1970 193 35 0.699974 0.676463 0.0235112 19 2 19 2
2187 2108 79 12 0.699918 0.690623 0.00929475 18 4 18 4
2248 2132 116 19 0.699966 0.68451 0.0154558 23 2 23 2
2271 2007 264 16 0.699917 0.667696 0.0322202 21 2 21 2
2305 2058 247 30 0.699783 0.666821 0.0329618 25 5 25 5
2360 2006 354 11 0.699855 0.645549 0.0543061 23 6 24 6
2372 2040 332 1 0.699928 0.652656 0.0472724 22 6 22 6
2380 1987 393 26 0.699943 0.642805 0.057138 18 8 17 7
2404 2049 355 33 0.699956 0.653334 0.0466219 24 2 25 1
2535 2095 440 18 0.699932 0.641009 0.0589228 24 3 24 3
2961 2877 84 24 0.599851 0.586678 0.0131733 23 3 23 3
2967 2914 53 28 0.599841 0.592343 0.00749782 26 5 26 5
3120 2670 450 14 0.599999 0.538289 0.0617102 19 6 19 6
3990 3295 695 38 0.699923 0.60251 0.0974128 22 9 15 7
3997 2770 1227 10 0.59991 0.414151 0.185759 24 8 24 8
4094 3925 169 7 0.799973 0.775394 0.0245788 21 3 10 3
4426 4197 229 13 0.399919 0.371088 0.0288308 28 6 27 4
4525 4453 72 6 0.399953 0.390563 0.00938967 26 6 26 6
4559 4368 191 3 0.399938 0.376749 0.0231896 32 5 32 5
4604 4347 257 20 0.39997 0.360463 0.0395071 30 5 30 5
4606 4440 166 25 0.399928 0.378284 0.0216439 36 3 36 3
4847 4301 546 31 0.399969 0.319983 0.0799869 25 6 25 6
4917 4593 324 8 0.699952 0.6553 0.0446521 30 4 20 4
4952 4295 657 2 0.3999 0.303175 0.0967251 28 4 28 4
5153 4643 510 21 0.699766 0.629416 0.0703499 21 8 15 4
5180 5028 152 15 0.299958 0.277847 0.0221116 26 11 26 10
5230 4967 263 17 0.299991 0.266861 0.0331299 29 8 29 8
5262 5022 240 5 0.299914 0.260961 0.0389529 31 7 31 7
5328 5158 170 36 0.299893 0.272132 0.0277613 24 13 24 12
5407 5038 369 34 0.299969 0.24892 0.0510495 23 13 23 13
5473 5274 199 39 0.299994 0.276557 0.0234369 33 5 33 5
5551 5400 151 0 0.599988 0.578424 0.0215632 25 8 24 8
5555 5169 386 37 0.299975 0.247689 0.0522856 29 9 29 9
5862 5635 227 19 0.699986 0.66772 0.0322653 28 8 17 8
6292 6221 71 28 0.799932 0.789862 0.0100706 23 11 16 9
6532 6357 175 4 0.499954 0.474061 0.0258928 32 6 27 6
6961 6697 264 23 0.299912 0.257018 0.0428947 30 8 30 8
7566 7122 444 35 0.49996 0.440956 0.0590041 21 16 21 16
7651 7493 158 16 0.499963 0.480231 0.0197321 23 8 18 8
7809 7704 105 27 0.299811 0.284917 0.0148944 19 15 16 15
7851 5732 2119 9 0.599868 0.279915 0.319953 25 11 24 11
7999 7646 353 1 0.499911 0.454923 0.0449878 30 7 23 6
8250 6872 1378 11 0.599945 0.394029 0.205915 23 15 20 13
8261 8072 189 30 0.399999 0.372116 0.0278837 25 11 19 9
8788 8138 650 29 0.299961 0.202439 0.0975221 21 17 20 17
8858 8008 850 38 0.699997 0.556562 0.143434 22 11 10 4
8930 8381 549 26 0.399801 0.314102 0.085699 19 16 19 16
8981 8923 58 12 0.28437 0.276163 0.00820716 22 15 18 15
9052 8716 336 8 0.699906 0.657938 0.0419681 33 4 16 3
9527 9261 266 6 0.699952 0.667447 0.0325051 30 4 18 3
9633 9323 310 33 0.29999 0.256618 0.0433724 34 5 33 5
9647 9195 452 18 0.29999 0.238337 0.0616523 27 11 23 11
9690 9527 163 7 0.399805 0.377055 0.02275 26 7 20 6
9691 9541 150 28 0.69993 0.680338 0.0195921 27 11 16 7
9762 9677 85 14 0.399938 0.386737 0.0132018 26 13 20 13
9972 9888 84 24 0.299792 0.289211 0.0105806 26 13 23 13
10459 10114 345 2 0.699792 0.656662 0.0431303 26 9 19 9
10984 10596 388 21 0.499899 0.448175 0.0517244 26 11 18 7
11134 10693 441 5 0.699944 0.636992 0.0629525 30 9 16 5
11261 11092 169 17 0.599824 0.57336 0.0264646 28 10 19 7
11666 11584 82 34 0.599916 0.589861 0.0100549 26 12 20 8
11833 11438 395 13 0.399957 0.344405 0.0555517 19 21 13 19
11862 11501 361 39 0.599956 0.550095 0.0498611 28 11 19 10
11864 11022 842 20 0.499934 0.374262 0.125673 26 12 20 10
12090 11469 621 36 0.599919 0.519884 0.080035 31 7 23 4
12196 11492 704 10 0.299783 0.179312 0.120471 26 12 21 9
12473 11474 999 3 0.399952 0.271269 0.128682 27 12 21 11
12486 12086 400 11 0.799959 0.746148 0.0538116 30 10 13 3
12586 12272 314 23 0.699983 0.654524 0.0454599 25 14 15 11
12689 12544 145 0 0.299929 0.279659 0.0202704 22 17 18 17
13130 12884 246 35 0.599972 0.566706 0.0332661 28 11 18 4
13226 11825 1401 19 0.399959 0.178287 0.221671 26 13 23 13
13226 13005 221 31 0.299961 0.26624 0.0337211 28 11 24 10
13460 13219 241 28 0.699945 0.669591 0.0303546 25 13 15 8
13657 13400 257 15 0.299875 0.266798 0.0330765 27 12 23 10
13690 13150 540 4 0.399961 0.335969 0.0639925 30 9 21 8
14105 13100 1005 30 0.699874 0.53675 0.163124 30 9 21 2
14398 14233 165 12 0.699915 0.676993 0.0229219 27 11 18 4
14443 14060 383 37 0.299948 0.252062 0.0478855 27 12 21 11
14462 13258 1204 26 0.799996 0.645828 0.154168 25 12 15 4
14499 14317 182 9 0.499909 0.471404 0.0285047 28 11 22 9
14543 14318 225 2 0.699902 0.672066 0.0278364 23 15 15 11
14637 14472 165 7 0.699884 0.67658 0.0233047 31 7 19 7
14909 14598 311 27 0.499947 0.458896 0.0410511 23 16 21 12
15515 15177 338 8 0.399892 0.357338 0.0425548 24 15 17 15
15783 15508 275 1 0.299989 0.258744 0.0412454 31 7 18 5
15858 14262 1596 29 0.699927 0.386997 0.31293 24 14 18 10
16181 16032 149 38 0.299975 0.280052 0.0199229 21 16 16 15
16266 16196 70 21 0.599944 0.586611 0.013333 20 17 7 8
16647 14589 2058 16 0.39989 0.0587994 0.341091 27 6 19 1
16998 16642 356 18 0.499913 0.454012 0.0459008 24 14 18 12
17078 15599 1479 6 0.399958 0.148275 0.251683 26 12 21 11
17243 16155 1088 14 0.499939 0.349755 0.150184 36 3 24 2
17359 17306 53 11 0.499967 0.491959 0.00800775 22 18 16 16
17376 17065 311 34 0.499933 0.457715 0.0422178 24 15 18 15
17383 17205 178 23 0.599946 0.57607 0.023876 26 13 20 8
17872 17755 117 10 0.699928 0.684197 0.0157301 26 12 18 7
18229 16934 1295 17 0.499931 0.242681 0.257249 28 11 16 6
18310 17393 917 33 0.399943 0.253809 0.146134 32 7 23 6
18356 17840 516 35 0.599982 0.527903 0.0720786 26 13 19 9
18486 17938 548 5 0.299917 0.217235 0.0826827 25 14 20 13
18541 18475 66 0 0.599801 0.589874 0.0099276 20 19 12 13
18559 18314 245 24 0.299897 0.269769 0.0301284 25 14 21 13
18788 18670 118 28 0.499769 0.483676 0.0160928 26 12 22 7
19059 18391 668 20 0.499947 0.40991 0.090037 19 20 13 14
19092 18739 353 4 0.699901 0.647574 0.0523274 29 10 16 8
19282 19149 133 3 0.499933 0.480528 0.0194044 29 10 21 7
19384 18172 1212 39 0.399866 0.227133 0.172733 29 10 15 5
19652 18123 1529 7 0.699924 0.454008 0.245916 30 8 17 5
19804 19298 506 13 0.399932 0.327088 0.072844 26 15 19 12
19857 19771 86 9 0.599971 0.586991 0.0129805 32 7 14 4
20078 19822 256 29 0.799907 0.765186 0.0347206 26 12 10 1
20306 19491 815 36 0.29996 0.176466 0.123494 25 14 22 10
20330 20093 237 37 0.699946 0.667881 0.0320643 29 10 12 3
20877 19452 1425 12 0.499951 0.29797 0.201981 27 11 20 11
21316 20941 375 30 0.299929 0.246122 0.0538067 25 14 20 12
21355 21142 213 8 0.599985 0.570174 0.0298109 25 14 14 11
21388 21057 331 27 0.499951 0.454221 0.0457297 28 11 22 9
21634 21027 607 19 0.299939 0.200383 0.0995562 23 16 10 10
21655 21294 361 2 0.299946 0.243416 0.0565298 22 16 20 13
21944 21216 728 31 0.299856 0.18755 0.112306 25 14 19 12
21961 21473 488 38 0.699874 0.632382 0.0674914 23 14 11 7
22481 22270 211 10 0.599906 0.571139 0.028767 30 9 20 7
22810 22613 197 1 0.499933 0.474533 0.0254001 29 10 18 8
22817 22382 435 21 0.399928 0.346604 0.053324 28 11 20 6
22846 21980 866 15 0.299974 0.161541 0.138434 29 10 23 6
22952 21282 1670 26 0.299914 0.0180364 0.281878 26 13 24 10
23807 23751 56 28 0.599817 0.588322 0.0114947 26 13 16 9
23886 23414 472 14 0.499939 0.4355 0.0644388 28 11 14 11
23983 23351 632 33 0.69993 0.606143 0.0937866 29 10 15 9
24044 23749 295 0 0.499897 0.458215 0.0416823 26 13 23 10
24077 23858 219 18 0.399952 0.365834 0.0341179 28 11 22 8
24509 24179 330 34 0.399872 0.356665 0.0432063 28 11 21 9
24619 24280 339 39 0.699902 0.652993 0.0469088 28 11 11 6
24879 24413 466 23 0.299967 0.225744 0.0742229 29 10 24 6
25040 23851 1189 20 0.699898 0.465944 0.233954 23 16 16 4
25273 25191 82 35 0.299951 0.28649 0.0134617 28 11 19 9
25425 25090 335 7 0.599927 0.554479 0.0454476 28 11 15 9
25668 22487 3181 11 0.599781 0.13156 0.468221 27 13 18 8
25687 25456 231 9 0.49992 0.464489 0.035431 30 9 19 8
25843 25416 427 6 0.299766 0.242126 0.05764 26 12 20 8
25894 25841 53 16 0.299875 0.293138 0.0067373 26 11 24 10
26067 26014 53 3 0.399987 0.392431 0.00755597 31 8 22 7
26298 26012 286 4 0.299826 0.26225 0.0375758 28 11 21 8
26341 26099 242 37 0.399947 0.36833 0.0316176 25 14 22 14
26696 26259 437 5 0.399807 0.316865 0.0829419 26 13 21 12
26786 26363 423 13 0.499932 0.44145 0.0584819 30 11 19 7
26840 26549 291 38 0.599967 0.557484 0.0424828 26 11 21 9
27092 26893 199 36 0.499985 0.471734 0.0282509 25 14 12 6
27136 26555 581 29 0.299944 0.224027 0.0759171 23 15 20 13
27184 26889 295 12 0.599811 0.558809 0.0410019 28 10 22 8
27240 26843 397 17 0.299941 0.252611 0.0473298 29 10 23 6
27470 26898 572 24 0.299936 0.208786 0.0911494 25 14 21 11
28152 27138 1014 8 0.499972 0.285234 0.214738 30 9 24 7
28158 28103 55 1 0.599926 0.591101 0.00882499 29 10 19 6
28545 28201 344 10 0.499966 0.447431 0.0525346 28 11 17 8
28907 28529 378 15 0.699802 0.651974 0.0478281 24 15 15 13
29136 27837 1299 33 0.699983 0.44301 0.256973 30 9 12 6
29179 29038 141 18 0.699904 0.679273 0.0206315 26 13 12 8
29230 27354 1876 27 0.499936 0.222229 0.277707 28 11 18 7
29240 29085 155 30 0.399891 0.377564 0.0223266 24 15 22 11
29386 27242 2144 19 0.699956 0.337393 0.362563 28 11 17 6
29587 28533 1054 21 0.6 0.436848 0.163152 26 13 18 8
