742 689 53 32 0.899773 0.892045 0.00772814 9 0 9 0
757 704 53 34 0.899907 0.892826 0.00708105 16 5 16 3
807 638 169 16 0.899949 0.875737 0.0242114 13 0 13 0
819 741 78 20 0.899762 0.889349 0.0104136 14 0 14 0
1044 659 385 25 0.899911 0.845669 0.0542422 10 0 10 0
1420 1367 53 36 0.799972 0.793133 0.00683871 18 4 18 3
1445 1370 75 7 0.799811 0.786763 0.0130472 17 1 17 1
1711 1426 285 3 0.799938 0.759526 0.0404126 16 1 16 1
1823 1411 412 17 0.799828 0.744349 0.0554793 17 1 17 1
2198 2044 154 0 0.699924 0.680608 0.0193161 24 2 24 2
2214 2158 56 27 0.699979 0.692955 0.00702457 24 5 25 5
2241 2115 126 21 0.699979 0.683084 0.0168944 26 1 26 1
2269 1876 393 32 0.899959 0.847457 0.0525022 16 0 7 0
2277 2179 98 22 0.69981 0.687384 0.0124264 24 3 24 3
2287 2076 211 23 0.7 0.671302 0.0286983 22 2 22 2
2309 2045 264 13 0.69995 0.661387 0.0385633 26 1 26 1
2320 2191 129 24 0.699981 0.680389 0.019592 27 4 27 4
2354 2087 267 28 0.699956 0.665249 0.0347066 32 2 33 3
2401 2176 225 35 0.699976 0.66571 0.0342653 34 1 34 0
2436 2132 304 29 0.699997 0.659546 0.0404515 23 2 23 2
3128 2806 322 37 0.599894 0.559501 0.0403932 26 1 26 1
3140 2836 304 6 0.6 0.555937 0.0440625 27 2 27 2
3240 2850 390 26 0.599907 0.54941 0.050497 25 7 24 6
3303 2885 418 19 0.599912 0.545479 0.054432 27 3 27 3
3669 3577 92 9 0.499819 0.487324 0.0124944 25 6 25 5
3799 3547 252 5 0.499896 0.464213 0.0356828 27 10 28 9
3842 3649 193 2 0.499893 0.472119 0.027774 25 10 25 10
3921 3575 346 18 0.499915 0.453115 0.0468003 24 4 24 4
3934 3595 339 12 0.499973 0.454968 0.0450055 29 2 29 2
3937 3604 333 11 0.499902 0.451486 0.0484161 21 10 21 10
4376 3676 700 30 0.499992 0.411687 0.0883046 22 8 22 8
4529 4232 297 4 0.399976 0.36248 0.0374955 26 8 26 8
4572 4136 436 10 0.399922 0.334205 0.0657172 25 8 26 7
4575 4348 227 1 0.399943 0.364337 0.0356063 26 11 26 11
4575 4308 267 38 0.399989 0.362252 0.0377366 23 14 23 14
4621 4326 295 8 0.399949 0.360848 0.0391013 23 13 23 13
5210 5143 67 39 0.299934 0.291124 0.0088099 23 14 23 14
5273 5141 132 31 0.29994 0.28065 0.0192899 23 15 23 15
5320 5005 315 15 0.299921 0.257012 0.0429092 28 6 28 6
5456 4935 521 16 0.499993 0.420955 0.0790379 29 8 24 8
5755 5208 547 17 0.699909 0.608235 0.0916738 23 10 20 10
5826 4918 908 34 0.499996 0.357453 0.142543 25 11 23 9
6296 5288 1008 25 0.499971 0.328451 0.17152 25 7 23 7
6430 6185 245 28 0.699956 0.668314 0.0316426 27 8 13 6
6450 4235 2215 20 0.599934 0.232502 0.367432 26 6 23 6
6573 4285 2288 33 0.399925 0.01528 0.384645 25 14 25 14
6780 5233 1547 14 0.299912 0.030202 0.26971 23 12 23 12
6927 6107 820 7 0.499913 0.360608 0.139305 19 16 17 16
7277 6755 522 13 0.599943 0.523952 0.0759912 22 9 9 8
7480 7255 225 27 0.499921 0.469482 0.0304394 24 14 17 11
7573 7340 233 21 0.49999 0.468998 0.0309921 30 6 24 6
7717 7343 374 0 0.499959 0.446881 0.0530784 29 6 26 6
7731 7521 210 36 0.29977 0.266641 0.0331289 23 11 14 9
7781 7448 333 3 0.39996 0.350936 0.0490246 25 10 20 10
8064 7548 516 32 0.39995 0.325567 0.0743828 27 10 25 10
8216 7976 240 6 0.599968 0.569215 0.0307525 29 7 19 6
8907 8548 359 29 0.399979 0.3534 0.0465787 28 10 25 10
8991 8937 54 23 0.299903 0.291917 0.00798605 27 11 24 11
9038 8293 745 22 0.399944 0.300834 0.0991106 28 8 23 7
9284 9052 232 24 0.299955 0.260864 0.0390905 29 7 25 6
9293 9222 71 11 0.584766 0.576131 0.00863556 26 10 20 10
9313 8932 381 2 0.599882 0.535345 0.0645372 24 12 20 11
9621 9256 365 18 0.599998 0.548291 0.0517076 30 7 22 7
9630 9322 308 12 0.599925 0.556854 0.0430714 26 11 22 11
9653 9392 261 9 0.499977 0.464723 0.0352533 30 8 20 6
9670 9546 124 37 0.399976 0.37982 0.0201558 29 9 24 9
9832 9735 97 19 0.39989 0.383897 0.0159931 23 14 21 14
10092 9777 315 31 0.799956 0.75723 0.0427252 28 11 12 3
10381 8977 1404 5 0.59994 0.336094 0.263846 29 10 21 6
10676 9032 1644 35 0.299917 0.0542774 0.24564 25 14 24 14
11176 11042 134 10 0.499904 0.481728 0.018176 28 11 23 10
11314 10941 373 28 0.599932 0.551674 0.0482589 27 10 21 7
11363 10570 793 26 0.299961 0.192926 0.107035 19 19 15 19
11688 11233 455 39 0.599992 0.541171 0.0588205 20 19 16 13
11767 11669 98 16 0.499969 0.486182 0.013787 22 17 16 15
11970 11708 262 38 0.399917 0.364443 0.0354738 32 7 29 5
12076 11578 498 4 0.399945 0.318796 0.0811491 30 8 22 8
12155 12068 87 15 0.499951 0.487108 0.012843 24 14 18 14
12236 10214 2022 1 0.599974 0.298181 0.301793 30 9 22 8
12561 12321 240 34 0.499891 0.466906 0.032985 24 13 20 11
12596 11959 637 30 0.299974 0.203411 0.0965636 32 6 28 5
12804 12651 153 8 0.299896 0.280106 0.0197904 34 4 30 3
12946 12734 212 17 0.299925 0.275034 0.0248905 26 13 24 11
13076 12875 201 21 0.599985 0.571675 0.0283095 30 9 21 7
13662 13403 259 23 0.799967 0.765152 0.0348145 31 7 13 1
13701 13407 294 7 0.499942 0.459475 0.0404668 24 15 22 11
13864 13496 368 20 0.499935 0.450429 0.0495061 30 7 23 5
14412 14047 365 6 0.499963 0.452352 0.0476106 33 6 23 5
14669 14594 75 36 0.499818 0.484908 0.0149106 29 10 22 8
14689 14320 369 25 0.299917 0.249166 0.0507517 28 10 25 8
14831 13766 1065 0 0.499906 0.311572 0.188334 26 12 19 11
14868 14510 358 13 0.299905 0.252294 0.0476114 26 12 25 12
15073 14318 755 3 0.499894 0.36859 0.131304 25 14 22 11
15158 14931 227 11 0.49998 0.470433 0.0295476 23 15 17 11
15362 14983 379 27 0.299845 0.24954 0.050305 28 11 25 7
15431 15340 91 29 0.499954 0.488132 0.0118219 26 13 24 12
15508 15239 269 18 0.499909 0.465567 0.0343419 26 13 25 12
15655 15360 295 14 0.399775 0.359893 0.0398816 26 13 25 12
15689 15375 314 32 0.399942 0.36087 0.0390717 29 10 28 9
16257 16099 158 19 0.499917 0.474263 0.0256543 29 9 24 4
16280 15992 288 33 0.29999 0.254763 0.0452267 24 15 18 14
16769 16330 439 31 0.299937 0.238609 0.0613285 29 10 24 9
16856 16278 578 2 0.299953 0.218312 0.081641 28 11 25 11
16886 16778 108 12 0.299911 0.282714 0.0171971 22 17 19 17
16956 16590 366 9 0.399973 0.348668 0.0513047 30 9 25 8
17126 17059 67 26 0.669735 0.659113 0.0106221 23 16 15 8
17132 17037 95 10 0.499903 0.484693 0.0152096 25 14 21 13
17323 17163 160 22 0.299992 0.279499 0.0204928 23 15 22 15
17476 17045 431 34 0.699907 0.639503 0.0604039 29 10 18 6
17504 17409 95 1 0.699928 0.685136 0.0147926 28 11 18 5
17814 17480 334 7 0.799906 0.757778 0.0421289 29 10 11 2
17867 16237 1630 37 0.49992 0.221742 0.278177 23 16 17 11
18072 17566 506 24 0.299933 0.227479 0.0724534 29 10 27 10
18251 18184 67 39 0.399902 0.390137 0.00976474 22 17 18 11
18537 17727 810 5 0.399998 0.303555 0.0964427 32 7 30 5
18655 17839 816 21 0.599981 0.491564 0.108418 27 12 21 11
18840 18507 333 28 0.299905 0.252373 0.0475322 21 17 20 17
18935 17888 1047 38 0.599999 0.440951 0.159048 25 14 10 10
19205 19152 53 20 0.599261 0.591728 0.0075332 27 11 7 7
19405 19153 252 23 0.399986 0.35747 0.0425161 28 11 22 6
20091 19647 444 15 0.299852 0.236706 0.0631464 25 14 19 14
20115 19000 1115 17 0.599906 0.4403 0.159606 31 8 18 4
20119 19072 1047 36 0.699968 0.544529 0.155439 26 13 18 9
20394 18505 1889 16 0.399919 0.082248 0.317671 25 14 19 10
21484 21249 235 6 0.399909 0.366368 0.0335418 25 14 20 14
21487 21434 53 25 0.499961 0.491664 0.00829762 25 14 10 10
21512 20144 1368 4 0.299973 0.0435032 0.256469 16 23 14 23
21580 21392 188 12 0.799926 0.77679 0.0231359 28 11 15 4
21707 21414 293 0 0.499893 0.459205 0.0406884 22 17 20 14
21778 21178 600 30 0.299898 0.199322 0.100575 31 8 23 8
22192 20897 1295 19 0.699946 0.47686 0.223086 30 9 22 5
22244 19776 2468 29 0.699975 0.270755 0.42922 28 11 14 3
22263 21229 1034 8 0.299939 0.153639 0.1463 31 8 23 8
22274 21934 340 1 0.599963 0.557912 0.0420507 30 9 22 7
22329 22276 53 33 0.599939 0.592594 0.00734453 22 17 15 12
22352 21860 492 7 0.599973 0.522173 0.0778005 29 10 25 7
22357 22161 196 11 0.399896 0.369485 0.0304108 23 15 16 8
22549 22109 440 14 0.499789 0.442006 0.0577832 29 10 28 9
22764 22348 416 27 0.499969 0.44162 0.0583485 28 11 17 7
22927 22684 243 34 0.49999 0.46711 0.0328796 29 10 15 4
23224 23106 118 39 0.699979 0.685751 0.0142289 28 11 16 5
23430 23220 210 2 0.599898 0.574552 0.0253454 31 8 25 4
23434 22348 1086 3 0.399911 0.198703 0.201208 30 9 19 7
23484 22747 737 32 0.399976 0.270823 0.129152 26 13 18 12
23545 23116 429 18 0.299972 0.24222 0.0577512 26 13 23 13
23684 23195 489 26 0.399925 0.33875 0.0611752 22 17 18 15
25068 23399 1669 10 0.499806 0.199404 0.300403 23 16 14 8
25138 25011 127 22 0.399841 0.380619 0.0192215 26 13 20 11
25245 25005 240 31 0.299781 0.265957 0.033825 26 13 21 11
25600 25282 318 5 0.499932 0.456959 0.0429733 24 15 16 13
25669 25598 71 28 0.49996 0.488419 0.0115409 24 15 19 13
25720 24159 1561 9 0.399949 0.123296 0.276653 33 6 29 5
25926 24622 1304 36 0.699934 0.480568 0.219366 28 11 11 2
26062 25832 230 24 0.399771 0.367844 0.0319275 26 13 18 11
26108 25782 326 37 0.399965 0.35266 0.0473045 25 14 22 11
26669 26455 214 6 0.699806 0.668832 0.0309743 29 10 19 7
26711 26628 83 39 0.699876 0.686401 0.0134753 20 19 12 15
26744 26327 417 38 0.29991 0.241277 0.0586334 27 12 24 10
26758 25347 1411 21 0.399839 0.155216 0.244623 28 11 22 10
26780 26594 186 30 0.799868 0.776479 0.0233895 33 6 10 2
27356 27071 285 17 0.399988 0.362936 0.037052 27 12 21 11
27632 27349 283 7 0.599929 0.561614 0.0383153 30 9 20 7
27718 27476 242 23 0.299952 0.26425 0.0357025 30 9 26 9
27727 27225 502 16 0.599981 0.523684 0.0762974 32 7 27 4
27924 27446 478 25 0.499843 0.434293 0.0655507 32 7 23 4
28401 28116 285 19 0.499936 0.463381 0.0365551 24 15 15 9
28464 28096 368 34 0.599987 0.553195 0.0467917 26 13 17 10
28482 28076 406 12 0.299992 0.241439 0.0585538 30 9 17 5
28669 26798 1871 0 0.599893 0.384702 0.215191 29 10 24 6
28951 28590 361 15 0.299986 0.240498 0.0594877 28 11 25 11
29273 29044 229 18 0.699993 0.668666 0.0313271 24 15 14 8
29430 28746 684 8 0.5998 0.496819 0.102981 28 11 9 4
29709 28753 956 33 0.399982 0.243893 0.156089 28 11 20 7
29723 29010 713 2 0.499949 0.378034 0.121915 28 11 20 9
29997 29509 488 1 0.299916 0.233848 0.0660679 31 8 29 7
