734 645 89 34 0.899998 0.88634 0.0136573 13 4 13 2
1002 590 412 17 0.899769 0.846684 0.053085 12 2 11 1
1737 1345 392 26 0.799978 0.746565 0.0534131 18 0 16 0
2171 2098 73 10 0.699964 0.688751 0.0112126 32 0 32 0
2218 2100 118 16 0.699967 0.685595 0.0143716 26 1 26 1
2259 2116 143 36 0.699904 0.682365 0.0175388 25 3 26 2
2318 2090 228 24 0.699965 0.671315 0.0286498 24 0 24 0
2376 2165 211 22 0.699938 0.666885 0.0330536 29 2 29 2
2385 2079 306 13 0.699998 0.660558 0.0394399 28 0 28 0
2394 2120 274 5 0.699954 0.663094 0.0368602 28 1 28 1
2563 2149 414 7 0.699961 0.642747 0.0572145 25 1 25 1
2940 2745 195 19 0.599951 0.575863 0.0240883 26 6 26 6
2948 2823 125 28 0.59994 0.585415 0.0145244 26 2 26 2
2962 2837 125 31 0.599972 0.58539 0.0145815 30 4 30 4
2980 2882 98 35 0.599938 0.585871 0.0140677 25 7 25 7
3037 2766 271 0 0.599962 0.561199 0.0387629 28 0 28 0
3069 2961 108 15 0.599879 0.583316 0.0165629 27 6 27 6
3097 2887 210 27 0.599984 0.570898 0.0290866 28 1 28 1
3146 2782 364 4 0.599945 0.550898 0.049047 27 6 27 6
3218 2853 365 14 0.599887 0.554084 0.0458034 33 0 33 0
3323 2782 541 2 0.599786 0.514282 0.0855049 30 0 30 0
3628 2923 705 8 0.599967 0.491184 0.108783 32 3 32 3
3817 3557 260 21 0.499944 0.464559 0.0353846 26 5 26 5
3878 3586 292 18 0.499912 0.464864 0.0350474 31 5 31 5
3879 3580 299 37 0.499914 0.461597 0.0383173 26 8 26 8
3905 3631 274 6 0.499937 0.462946 0.0369913 25 5 25 5
3985 3577 408 29 0.499925 0.449149 0.0507754 28 7 28 7
4214 4054 160 34 0.599976 0.578276 0.0217009 20 16 19 16
4497 4324 173 11 0.399892 0.378044 0.0218476 23 14 23 14
4679 4394 285 30 0.399914 0.363523 0.0363905 19 12 18 11
4740 3572 1168 20 0.4999 0.316384 0.183515 24 6 24 6
4874 3592 1282 32 0.499979 0.331938 0.168041 31 7 31 6
4961 3618 1343 39 0.499905 0.273005 0.2269 22 16 22 16
4991 4226 765 3 0.39998 0.276758 0.123222 19 15 19 15
5034 3514 1520 9 0.499895 0.26096 0.238935 27 9 27 9
5287 5067 220 25 0.299801 0.269307 0.0304936 22 15 22 15
5365 4291 1074 23 0.399953 0.207485 0.192467 25 4 25 4
5561 5222 339 12 0.299908 0.258867 0.0410404 24 10 23 9
5765 4252 1513 38 0.399936 0.163684 0.236251 24 8 24 8
6148 3477 2671 33 0.499845 0.0457534 0.454092 28 2 28 2
6477 5110 1367 1 0.299927 0.110551 0.189376 24 13 24 13
6746 6361 385 7 0.699833 0.631762 0.0680715 28 5 17 5
7107 6945 162 17 0.299981 0.274909 0.0250711 20 10 19 10
7107 7042 65 26 0.387182 0.376812 0.0103704 22 14 18 14
7159 6817 342 14 0.799944 0.754006 0.0459387 33 3 13 3
7178 7047 131 10 0.499933 0.478983 0.0209495 29 7 17 7
7274 7061 213 16 0.499892 0.470311 0.0295808 27 9 20 9
7921 7699 222 5 0.499876 0.46627 0.033606 25 10 19 10
8043 6984 1059 31 0.69994 0.514081 0.185859 33 3 19 3
8187 7004 1183 36 0.499835 0.27126 0.228575 28 7 21 6
8405 8173 232 4 0.599983 0.568883 0.0310996 26 11 8 8
8937 7710 1227 15 0.599926 0.387866 0.21206 29 9 19 7
8939 7497 1442 24 0.49997 0.246603 0.253366 23 8 18 8
8985 7816 1169 28 0.599925 0.408013 0.191913 27 8 22 8
8988 8433 555 19 0.49997 0.420844 0.0791253 25 13 19 13
9205 8993 212 22 0.299991 0.275017 0.0249746 30 9 23 9
9231 9168 63 34 0.599916 0.590553 0.00936333 24 15 8 6
9339 9136 203 18 0.599909 0.572795 0.0271147 32 7 21 6
9394 9062 332 13 0.299823 0.261957 0.0378663 25 12 22 12
9444 9146 298 21 0.599948 0.564702 0.0352461 26 13 18 13
9569 8377 1192 35 0.499925 0.31294 0.186985 24 15 17 15
9627 9454 173 27 0.39991 0.3768 0.0231104 26 13 21 12
9824 9604 220 30 0.699982 0.670728 0.0292541 23 11 19 7
9955 9356 599 29 0.599988 0.515063 0.0849249 24 15 15 13
9989 9874 115 37 0.499895 0.48144 0.0184551 27 11 20 10
10428 9663 765 6 0.499823 0.408838 0.0909846 28 9 24 9
10494 10309 185 8 0.399968 0.370614 0.029354 26 13 24 12
11023 8545 2478 0 0.499993 0.13549 0.364503 29 7 24 7
11058 10842 216 11 0.499913 0.469934 0.0299792 30 7 25 1
11189 10780 409 32 0.599901 0.548568 0.0513331 31 8 21 6
11244 10684 560 2 0.299976 0.211993 0.087983 26 13 23 13
11263 11018 245 3 0.599914 0.567517 0.0323963 23 14 20 12
11487 11239 248 9 0.599984 0.566623 0.0333609 28 9 16 6
11810 11348 462 7 0.599904 0.535692 0.0642118 30 8 18 7
12180 12015 165 25 0.499911 0.475109 0.0248026 26 13 24 12
12273 12220 53 31 0.699865 0.691854 0.00801047 30 8 18 8
12352 12000 352 20 0.399994 0.348861 0.0511325 26 12 20 10
13136 13083 53 4 0.599928 0.592785 0.00714348 25 13 13 8
13657 13409 248 39 0.299916 0.268185 0.0317316 32 7 25 4
13739 13442 297 36 0.699903 0.661649 0.0382544 33 5 22 4
13906 13459 447 26 0.499882 0.44255 0.0573313 26 13 24 9
14000 13518 482 14 0.299908 0.230913 0.0689951 29 10 26 9
14008 13880 128 33 0.499818 0.481939 0.0178791 34 4 28 4
14013 13771 242 38 0.399832 0.364203 0.0356294 34 5 32 2
14132 13869 263 1 0.499926 0.461307 0.038619 25 14 24 12
14201 14041 160 12 0.299917 0.271884 0.0280338 24 17 22 16
14381 14181 200 16 0.399951 0.376 0.0239508 30 9 26 7
14419 14014 405 23 0.299989 0.239885 0.0601041 28 9 26 7
14774 14403 371 37 0.699979 0.650371 0.0496076 31 8 20 5
14830 14423 407 22 0.699964 0.647853 0.0521116 31 8 19 6
14913 14666 247 29 0.599858 0.561526 0.0383317 25 14 15 10
14916 14478 438 10 0.299789 0.236875 0.0629136 31 7 29 7
15029 14743 286 18 0.499776 0.451838 0.0479383 28 11 24 11
15083 14833 250 30 0.499978 0.46508 0.0348981 26 12 24 11
15431 15368 63 5 0.287012 0.278929 0.00808297 28 10 23 9
15690 15384 306 34 0.399919 0.358623 0.0412953 26 13 25 12
15805 15472 333 9 0.699937 0.654907 0.0450305 31 7 17 3
15988 15799 189 21 0.399962 0.375074 0.0248876 25 14 23 13
16059 15796 263 24 0.499993 0.461611 0.0383818 26 13 25 12
16321 15763 558 6 0.599906 0.522385 0.0775218 30 9 25 6
16518 16090 428 32 0.599953 0.546376 0.0535768 29 10 21 6
16557 15745 812 19 0.39998 0.275989 0.123991 27 12 27 10
16575 16269 306 11 0.599951 0.557499 0.0424521 30 8 17 4
16853 16032 821 8 0.599889 0.46232 0.13757 28 11 19 4
16988 16547 441 27 0.399908 0.331813 0.068095 22 17 21 16
17040 16727 313 15 0.299996 0.257637 0.0423596 21 18 19 17
17224 16098 1126 35 0.499919 0.317683 0.182235 29 10 27 5
17310 17171 139 4 0.699915 0.681267 0.0186477 24 14 12 7
17351 14521 2830 17 0.399985 0.0333593 0.366626 31 6 26 6
17541 16636 905 28 0.299953 0.162899 0.137054 21 17 20 15
17707 17340 367 31 0.49993 0.451284 0.0486456 24 15 19 14
17864 16772 1092 3 0.499943 0.343429 0.156514 24 15 17 10
18455 16843 1612 13 0.399986 0.11741 0.282576 23 16 22 14
18827 16111 2716 7 0.699984 0.282363 0.417621 24 15 16 12
19161 18956 205 2 0.399959 0.371934 0.0280246 21 18 17 13
19180 18839 341 25 0.399981 0.354521 0.0454596 24 15 22 13
19578 19389 189 14 0.699954 0.675242 0.0247126 28 11 22 9
19621 19460 161 26 0.599998 0.577563 0.0224359 24 15 20 10
19660 19417 243 37 0.59999 0.556606 0.0433843 25 14 21 9
19900 19468 432 1 0.59998 0.542542 0.0574371 31 8 20 1
20186 19739 447 20 0.399912 0.342424 0.0574878 29 10 23 10
20455 19910 545 0 0.299894 0.23811 0.0617836 27 12 23 11
20473 20173 300 22 0.499917 0.459011 0.040906 32 7 27 7
20600 20323 277 12 0.599932 0.562638 0.0372942 32 9 24 5
20611 20352 259 30 0.599848 0.562655 0.0371934 31 7 23 4
20806 20313 493 10 0.69998 0.637255 0.0627251 29 9 20 7
20901 20744 157 16 0.499918 0.475273 0.0246454 29 10 23 9
20920 20494 426 36 0.299782 0.244175 0.0556077 31 8 27 8
21130 20770 360 33 0.399997 0.352295 0.0477013 29 9 26 9
21478 21218 260 39 0.39989 0.365578 0.0343115 26 13 20 11
21662 21129 533 38 0.399959 0.328016 0.0719439 25 14 21 13
21674 21490 184 4 0.599967 0.572956 0.0270105 30 8 22 5
21841 21415 426 32 0.599901 0.544809 0.0550912 31 8 23 4
22096 21324 772 23 0.49997 0.355713 0.144257 24 14 23 13
22204 22047 157 24 0.499939 0.473552 0.0263868 23 16 20 15
22226 22127 99 34 0.499906 0.487522 0.0123843 24 15 22 12
22292 21643 649 9 0.399988 0.299979 0.100009 20 19 14 19
22425 22062 363 6 0.499811 0.44784 0.0519713 22 17 16 14
22430 22117 313 5 0.499897 0.457764 0.0421324 25 14 22 12
22440 21623 817 21 0.599911 0.476074 0.123837 23 16 20 12
22651 20582 2069 29 0.499787 0.15016 0.349626 26 13 21 10
23784 23506 278 17 0.699971 0.662739 0.0372325 28 10 17 7
23803 23397 406 19 0.499912 0.444582 0.0553305 25 14 24 12
24109 23814 295 11 0.299964 0.262809 0.0371544 31 8 26 8
24226 22343 1883 8 0.599892 0.227684 0.372208 24 15 11 12
24230 24072 158 2 0.69994 0.677283 0.0226565 22 17 15 10
24330 23937 393 35 0.49991 0.443222 0.0566876 31 8 20 5
24420 24290 130 27 0.399962 0.380552 0.0194099 22 17 20 16
24596 24543 53 15 0.399831 0.3928 0.00703023 27 12 25 10
24634 24381 253 26 0.599921 0.564441 0.0354802 29 10 20 4
24846 24420 426 3 0.499933 0.438652 0.0612816 23 16 20 15
24876 24731 145 30 0.699835 0.680241 0.0195947 27 12 21 11
24921 24751 170 28 0.499906 0.473441 0.0264655 28 10 23 8
24988 24538 450 37 0.599951 0.543101 0.0568497 27 12 20 6
25809 25555 254 14 0.399971 0.361164 0.0388072 28 11 23 11
25895 25320 575 31 0.29991 0.214635 0.0852752 31 8 29 8
25896 25373 523 10 0.599932 0.527416 0.072516 29 10 21 7
25907 25792 115 13 0.499795 0.481859 0.0179358 23 16 20 15
26092 25832 260 4 0.699856 0.652528 0.0473282 26 12 16 11
26112 26014 98 21 0.799983 0.786382 0.0136011 27 12 14 4
26175 25762 413 7 0.499911 0.439555 0.0603558 24 15 19 12
26739 26435 304 39 0.699968 0.656968 0.0429997 27 12 15 6
26788 26655 133 0 0.599894 0.58133 0.0185642 25 14 16 8
26877 26686 191 25 0.39993 0.376556 0.0233744 23 16 21 11
27432 27136 296 2 0.799893 0.756952 0.0429404 30 9 12 3
27474 26903 571 36 0.599958 0.523644 0.0763138 27 12 13 8
27629 26920 709 1 0.299955 0.190327 0.109628 30 9 23 8
27840 27540 300 34 0.599828 0.559312 0.0405159 34 5 25 3
28054 27630 424 33 0.499984 0.440593 0.0593907 26 13 23 9
28243 27833 410 12 0.299972 0.244349 0.0556225 31 10 25 8
28379 25578 2801 22 0.599862 0.173137 0.426725 26 13 16 11
28479 28308 171 16 0.299968 0.277531 0.0224368 24 15 23 13
28750 28168 582 20 0.299924 0.209779 0.0901448 26 13 23 12
28949 28805 144 17 0.499999 0.481911 0.0180882 29 10 22 8
28978 28792 186 26 0.699882 0.673579 0.0263029 33 6 21 4
29224 28968 256 32 0.299931 0.262022 0.037909 28 11 23 11
29670 29399 271 23 0.399787 0.367505 0.0322823 32 7 25 5
29670 29406 264 38 0.299873 0.262753 0.0371196 26 13 18 10
29810 29626 184 9 0.399935 0.376676 0.0232589 30 9 28 8
29864 29325 539 11 0.699955 0.62304 0.0769143 32 7 14 1
29954 29901 53 5 0.299913 0.29239 0.00752313 30 9 28 9
