903 629 274 33 0.899906 0.862914 0.0369915 16 0 16 0
1019 748 271 15 0.899805 0.863166 0.0366395 14 0 14 0
1370 1290 80 5 0.795729 0.783236 0.0124925 11 0 11 0
1450 1397 53 29 0.799882 0.791639 0.00824241 12 6 13 5
1494 1334 160 24 0.799946 0.773754 0.0261913 15 3 16 3
1494 1441 53 36 0.799832 0.793788 0.00604372 23 1 23 0
1577 1367 210 35 0.799979 0.774066 0.0259122 22 0 22 0
1674 1371 303 34 0.8 0.758215 0.0417844 21 2 20 1
1767 1453 314 3 0.799933 0.754022 0.0459107 19 0 19 0
1770 1420 350 14 0.799962 0.752386 0.0475756 23 0 23 0
2135 2082 53 13 0.690899 0.68128 0.00961873 20 3 20 3
2135 2082 53 38 0.69553 0.6846 0.0109301 18 5 19 5
2308 2144 164 17 0.699997 0.675838 0.024158 28 4 28 4
2311 2121 190 11 0.699801 0.675736 0.0240653 26 1 26 1
2365 2168 197 19 0.699909 0.67385 0.0260593 24 5 24 5
2369 2071 298 37 0.699933 0.660317 0.0396161 27 0 27 0
2590 2034 556 6 0.699984 0.618848 0.0811351 21 0 21 0
2987 2889 98 7 0.599961 0.586827 0.013134 32 5 32 5
2999 2800 199 20 0.599901 0.572621 0.02728 18 4 18 4
3018 2899 119 27 0.599899 0.584998 0.014901 23 5 22 4
3056 2807 249 26 0.599896 0.565751 0.0341451 28 6 28 6
3118 2781 337 12 0.599947 0.554905 0.0450419 29 7 28 6
3118 2949 169 18 0.599945 0.576133 0.0238122 23 3 23 3
3175 3046 129 0 0.599917 0.582729 0.0171879 26 8 26 8
3178 2936 242 39 0.599915 0.566794 0.0331214 19 7 18 6
3624 3467 157 2 0.499895 0.476824 0.0230706 29 3 29 3
3669 3616 53 8 0.499963 0.492807 0.00715664 20 14 20 14
3705 3652 53 21 0.499786 0.492182 0.00760385 26 12 26 12
3709 3595 114 25 0.499979 0.482925 0.0170539 33 3 33 3
3844 3569 275 32 0.499916 0.459492 0.0404238 26 6 25 5
3930 3528 402 9 0.499827 0.437189 0.0626384 32 1 32 1
4074 3683 391 33 0.699999 0.6454 0.0545998 26 8 21 8
4081 3520 561 16 0.499906 0.415466 0.0844401 30 3 30 4
4776 4437 339 28 0.399768 0.354118 0.0456492 32 1 32 1
4894 3610 1284 22 0.49999 0.324504 0.175486 29 2 29 2
5387 5072 315 4 0.29988 0.260975 0.0389053 19 12 19 12
5429 4428 1001 30 0.399872 0.221502 0.178369 28 5 28 5
5434 5112 322 10 0.29996 0.256871 0.0430887 30 7 30 7
5522 4452 1070 23 0.399921 0.26089 0.139031 28 9 28 9
5528 5160 368 1 0.299836 0.251666 0.0481701 28 8 28 8
5730 5119 611 31 0.299918 0.216994 0.0829238 29 5 29 5
6145 5825 320 14 0.599926 0.555323 0.0446026 23 9 16 9
6179 6061 118 15 0.399914 0.383474 0.0164402 30 8 30 8
6322 6267 55 35 0.499821 0.491587 0.00823487 30 6 28 6
6456 6376 80 18 0.799922 0.788587 0.0113343 33 0 17 0
6555 5520 1035 24 0.599926 0.410147 0.189779 27 10 21 8
6618 6439 179 34 0.499899 0.476469 0.02343 30 8 30 8
6943 6740 203 19 0.599947 0.575196 0.0247509 28 10 22 10
7008 6618 390 3 0.499821 0.445658 0.0541638 27 10 25 10
7021 6662 359 5 0.399995 0.351701 0.0482938 24 7 21 7
7333 7037 296 33 0.799972 0.76013 0.0398413 32 5 20 3
7408 7164 244 0 0.699977 0.665652 0.0343246 32 7 22 4
7459 7186 273 8 0.799905 0.762866 0.0370397 25 10 19 4
7511 7016 495 20 0.69995 0.639122 0.0608284 30 5 21 5
7729 6938 791 27 0.699959 0.555273 0.144685 29 8 22 7
7805 7519 286 37 0.499974 0.453851 0.0461222 27 10 19 10
7842 7583 259 36 0.299968 0.266625 0.0333433 30 8 26 8
8179 7290 889 17 0.499913 0.34033 0.159582 25 11 14 10
8245 7598 647 29 0.299901 0.196238 0.103663 24 12 22 12
8792 7927 865 6 0.499881 0.376124 0.123757 30 6 25 6
8827 7873 954 13 0.399969 0.237445 0.162525 23 16 21 16
8960 7836 1124 26 0.599938 0.406117 0.193821 26 12 20 12
9173 9097 76 11 0.299971 0.290027 0.00994359 21 16 18 16
9187 8650 537 38 0.299958 0.218927 0.0810315 19 18 18 18
9505 8400 1105 32 0.699877 0.51015 0.189727 29 6 18 4
9520 9284 236 7 0.399984 0.369371 0.0306136 29 9 24 8
9708 8707 1001 16 0.699983 0.518716 0.181267 27 12 13 10
9760 9428 332 2 0.499997 0.457787 0.0422096 22 17 17 15
9763 9285 478 9 0.599819 0.538589 0.0612293 26 11 19 11
9805 9605 200 21 0.499954 0.471527 0.028427 28 10 20 7
10420 10348 72 39 0.299977 0.288464 0.0115129 29 9 25 8
10548 10328 220 12 0.299912 0.268451 0.0314613 27 14 23 13
10602 10212 390 25 0.399943 0.348696 0.0512475 31 8 26 8
11587 10458 1129 31 0.799968 0.610704 0.189264 30 6 11 3
11774 11424 350 8 0.599921 0.551199 0.0487216 32 7 21 2
11807 11606 201 22 0.499958 0.469309 0.0306494 30 7 22 6
11985 11649 336 19 0.599971 0.55538 0.0445916 30 9 19 6
12521 11865 656 18 0.399942 0.308559 0.0913832 36 2 30 2
12601 12504 97 28 0.299999 0.285992 0.0140065 27 12 22 12
12664 12352 312 4 0.499903 0.455871 0.0440323 30 9 28 8
12681 12402 279 23 0.499976 0.460523 0.0394527 33 6 29 5
12857 12536 321 15 0.49995 0.459818 0.0401322 29 10 23 7
12979 12683 296 5 0.599908 0.560435 0.0394726 25 10 22 9
13010 12929 81 33 0.399957 0.387731 0.0122254 28 11 27 11
13220 12868 352 26 0.799957 0.751703 0.0482534 32 7 18 4
13258 12786 472 20 0.499882 0.433865 0.0660168 33 6 27 6
13291 13168 123 0 0.399871 0.383045 0.0168259 29 10 23 10
13303 12908 395 6 0.799933 0.74533 0.054603 31 6 16 4
13437 13100 337 1 0.399975 0.352345 0.0476305 31 6 29 6
13629 13228 401 16 0.799835 0.744411 0.0554242 30 9 18 4
14055 13599 456 10 0.299907 0.241461 0.0584458 27 12 21 11
14171 13969 202 17 0.599894 0.56933 0.0305639 28 9 24 4
14191 13910 281 36 0.599804 0.56071 0.0390935 31 7 24 5
14207 14084 123 34 0.29984 0.281778 0.0180612 27 11 25 11
14424 14025 399 30 0.299893 0.249224 0.0506689 36 3 35 2
14425 14271 154 21 0.699917 0.679086 0.0208312 29 9 20 5
14574 13138 1436 14 0.299956 0.0931756 0.20678 27 10 25 8
14680 13638 1042 35 0.299962 0.126086 0.173876 25 14 23 14
14704 14464 240 29 0.599972 0.568574 0.0313987 23 14 18 9
14757 14579 178 3 0.299929 0.269449 0.0304795 29 10 27 10
15194 14933 261 27 0.2999 0.267085 0.0328149 26 13 23 13
15967 15324 643 37 0.299905 0.202343 0.0975612 24 15 21 14
16048 15856 192 11 0.499917 0.472774 0.0271433 24 15 20 12
16057 15903 154 2 0.499916 0.475637 0.0242785 22 17 20 11
16305 15848 457 7 0.499958 0.434022 0.065936 22 17 18 16
16643 16558 85 26 0.699801 0.687891 0.0119102 25 14 14 12
16750 16371 379 25 0.599931 0.550709 0.0492226 29 10 24 9
17007 16135 872 32 0.399952 0.283461 0.116491 34 4 32 3
17164 16794 370 38 0.39998 0.340506 0.0594741 32 7 27 6
17251 17100 151 22 0.59991 0.578385 0.021525 33 6 19 5
17493 17348 145 13 0.299977 0.279643 0.0203336 30 9 27 8
17574 17261 313 6 0.599939 0.559031 0.0409073 32 7 20 7
17767 17411 356 8 0.499893 0.45252 0.0473731 25 14 22 12
17904 17715 189 31 0.399896 0.370662 0.0292339 34 5 32 5
17992 17849 143 20 0.69996 0.680493 0.0194667 27 12 15 8
18346 17946 400 23 0.599964 0.541818 0.058146 28 11 19 9
18720 18517 203 19 0.399942 0.369574 0.0303678 31 8 24 7
18837 18463 374 18 0.599978 0.53724 0.0627373 30 9 16 8
18879 17728 1151 33 0.699938 0.510204 0.189733 28 11 20 9
18938 18702 236 39 0.299909 0.264692 0.0352173 24 15 23 15
19200 18712 488 29 0.699891 0.636532 0.0633592 31 7 17 3
19201 18792 409 21 0.599779 0.544338 0.0554408 28 11 23 7
19435 19293 142 28 0.499898 0.480754 0.0191437 29 10 24 9
19470 18842 628 15 0.499918 0.408389 0.0915286 31 8 23 6
19698 18540 1158 16 0.499915 0.312754 0.187161 26 13 20 12
19909 19470 439 4 0.399776 0.339424 0.0603517 30 9 17 7
20065 18743 1322 12 0.299948 0.0464742 0.253474 27 14 24 11
20120 20041 79 3 0.699836 0.688068 0.0117685 21 18 13 15
20305 19744 561 17 0.499962 0.41641 0.0835521 25 14 19 10
20881 20499 382 11 0.699855 0.644698 0.0551568 25 14 12 5
21022 19431 1591 5 0.39996 0.122472 0.277489 27 12 25 10
21287 21160 127 35 0.599949 0.582602 0.0173468 26 13 7 7
21337 21233 104 36 0.299963 0.284383 0.0155798 26 13 20 12
21448 21389 59 32 0.799981 0.790575 0.00940614 33 6 16 5
21456 21249 207 2 0.599975 0.569368 0.0306067 27 12 16 6
22023 21828 195 26 0.499953 0.470883 0.0290705 24 15 20 13
22189 21995 194 27 0.499973 0.476471 0.0235025 27 12 23 6
22272 21058 1214 1 0.299893 0.0810247 0.218868 16 22 15 20
22414 22238 176 37 0.599815 0.577879 0.0219361 28 11 14 3
22472 19767 2705 30 0.699968 0.201409 0.498559 27 12 11 11
22499 22252 247 38 0.699998 0.664861 0.0351368 26 13 17 10
22628 22199 429 25 0.499932 0.438545 0.0613876 30 9 20 7
22707 22487 220 10 0.299994 0.268829 0.0311645 29 10 24 9
22813 22339 474 7 0.499988 0.418027 0.0819611 27 12 22 9
22851 22212 639 8 0.699926 0.613001 0.0869246 29 10 18 6
23145 22531 614 34 0.299979 0.203917 0.0960614 25 14 24 12
23187 23132 55 33 0.699925 0.690734 0.00919042 29 10 14 6
23206 22847 359 13 0.699892 0.647433 0.0524591 29 10 20 7
23317 23163 154 6 0.499928 0.477955 0.0219732 32 7 26 6
23363 23166 197 14 0.299981 0.266325 0.0336555 23 15 20 13
23586 23531 55 19 0.699919 0.690554 0.00936475 29 10 16 8
23670 23294 376 23 0.599908 0.547338 0.0525707 26 13 19 11
24181 23927 254 20 0.399926 0.366429 0.0334967 27 12 14 7
24396 23825 571 22 0.399975 0.329017 0.0709576 28 11 24 10
24420 24105 315 18 0.599987 0.557451 0.0425362 27 12 17 7
24808 24518 290 29 0.499936 0.463769 0.0361665 23 15 16 11
25465 25299 166 16 0.599793 0.577822 0.0219709 26 13 17 9
25948 25633 315 4 0.599945 0.555974 0.0439717 28 11 18 9
25991 25673 318 37 0.799838 0.760077 0.0397615 32 7 16 4
26014 25831 183 31 0.299957 0.273088 0.0268689 25 14 22 13
26094 25754 340 26 0.799929 0.755759 0.0441702 29 10 18 4
26216 25779 437 15 0.49994 0.433993 0.065947 29 10 22 7
26351 26158 193 32 0.499921 0.473172 0.0267488 31 8 21 7
26824 26771 53 3 0.299977 0.291676 0.0083009 32 7 27 6
26860 26395 465 12 0.69986 0.63682 0.0630402 28 13 8 2
26873 26682 191 8 0.699958 0.673478 0.0264805 29 10 14 5
26899 25418 1481 21 0.399937 0.151294 0.248643 28 11 22 9
27125 26078 1047 35 0.599938 0.477943 0.121995 27 12 18 6
27262 27175 87 39 0.299941 0.289373 0.010568 29 10 25 8
27313 27054 259 2 0.499976 0.461697 0.038279 23 16 15 12
27472 26979 493 28 0.29994 0.227461 0.0724792 25 14 22 13
28030 26598 1432 27 0.699943 0.448131 0.251813 25 14 18 7
28049 27808 241 17 0.299769 0.265517 0.034252 32 7 26 5
28104 27728 376 11 0.299914 0.248028 0.0518859 28 11 25 6
28571 28239 332 33 0.499935 0.45604 0.0438951 31 8 25 6
28658 28069 589 36 0.499942 0.400712 0.0992294 31 8 22 4
28710 28433 277 5 0.499897 0.459556 0.0403419 27 12 21 7
28758 28705 53 10 0.59982 0.59113 0.00868996 29 10 20 8
28867 28651 216 25 0.499864 0.464741 0.0351229 35 4 28 0
29288 28486 802 37 0.799911 0.671623 0.128288 31 8 15 6
29541 29426 115 16 0.699947 0.68438 0.0155679 28 11 15 6
29639 29301 338 38 0.299894 0.250824 0.0490695 28 11 24 8
29679 29626 53 19 0.399787 0.392639 0.00714763 31 8 12 4
29701 29595 106 30 0.499932 0.485372 0.0145598 27 12 17 11
29832 29475 357 14 0.599896 0.5558 0.0440957 29 9 21 4
