787 637 150 6 0.899999 0.879595 0.0204034 8 0 8 0
822 693 129 37 0.899901 0.884093 0.0158078 15 0 15 0
878 683 195 15 0.899958 0.872533 0.0274253 9 0 9 0
914 684 230 8 0.899881 0.869564 0.030317 7 0 7 0
1026 694 332 27 0.899923 0.857937 0.0419862 10 2 9 1
1427 1352 75 29 0.799979 0.788615 0.0113644 15 4 15 3
1499 1387 112 19 0.799938 0.782879 0.0170592 19 5 19 8
1545 1439 106 34 0.799936 0.786386 0.0135505 19 3 19 2
1586 1391 195 13 0.79988 0.774951 0.0249293 19 4 18 2
1621 1360 261 20 0.799916 0.764539 0.0353769 18 3 19 2
2131 2046 85 39 0.699945 0.687454 0.0124903 21 3 21 3
2179 2119 60 0 0.699915 0.692003 0.0079112 26 3 26 3
2238 2143 95 22 0.699921 0.685796 0.0141247 23 7 24 7
2246 2173 73 3 0.699923 0.686841 0.0130814 25 2 25 2
2295 2160 135 31 0.699807 0.683882 0.0159244 31 2 30 1
2313 2000 313 14 0.699802 0.659709 0.040093 22 0 22 0
2358 2147 211 38 0.699944 0.673054 0.0268892 22 1 22 1
2377 2180 197 33 0.699966 0.671743 0.0282232 21 6 22 5
2413 2016 397 18 0.699765 0.644416 0.0553494 20 3 20 2
2535 2205 330 26 0.699969 0.656975 0.0429935 26 2 26 1
3021 2914 107 23 0.599976 0.585527 0.0144492 27 2 27 2
3062 2767 295 35 0.599938 0.560569 0.0393689 26 6 26 5
3219 2850 369 30 0.599891 0.550501 0.0493901 29 5 28 4
3620 3544 76 2 0.499996 0.488897 0.0110993 26 7 26 7
3646 3559 87 21 0.49977 0.487712 0.0120584 20 7 20 7
3792 3594 198 36 0.499906 0.472555 0.0273511 29 6 29 6
3821 3555 266 11 0.499976 0.464481 0.0354953 20 8 20 8
3826 3647 179 25 0.499931 0.473491 0.02644 29 8 29 8
3880 3467 413 5 0.499943 0.441357 0.0585861 26 4 26 4
3885 3527 358 37 0.699785 0.645394 0.0543908 27 8 24 8
3952 3614 338 7 0.499921 0.455658 0.0442633 25 6 25 6
4072 3534 538 4 0.499958 0.422073 0.0778853 29 4 29 4
4412 4359 53 32 0.399732 0.390733 0.00899841 29 5 29 5
4417 4231 186 12 0.399998 0.374315 0.0256836 27 9 27 9
4443 4363 80 29 0.699924 0.687431 0.012493 23 6 16 5
4600 4372 228 15 0.599889 0.567236 0.0326533 27 5 26 5
4693 4427 266 6 0.599915 0.562846 0.0370687 24 10 23 10
4741 4634 107 34 0.699988 0.686629 0.0133598 23 11 20 11
5119 3757 1362 1 0.499968 0.288085 0.211882 27 8 27 8
5238 4998 240 9 0.299939 0.259907 0.040032 29 7 29 7
5290 4926 364 20 0.699911 0.653061 0.0468504 23 11 17 9
5417 5084 333 10 0.29994 0.260659 0.0392804 21 15 21 15
5763 5125 638 24 0.299992 0.18752 0.112473 25 11 25 11
5975 3718 2257 17 0.499966 0.120853 0.379113 26 8 26 8
6033 5249 784 16 0.299993 0.148096 0.151897 26 11 26 11
6038 5559 479 27 0.49994 0.435211 0.0647291 22 14 19 14
6217 4842 1375 13 0.69981 0.469189 0.230621 27 7 18 5
6297 6030 267 14 0.699995 0.664731 0.035264 21 13 12 13
6638 5179 1459 8 0.499982 0.305771 0.194211 22 9 21 9
7027 6504 523 39 0.599931 0.512213 0.0877182 22 14 18 14
7576 7523 53 30 0.699972 0.691965 0.00800681 29 7 8 4
7717 7372 345 26 0.599882 0.555736 0.0441461 26 8 14 7
7816 7628 188 11 0.799956 0.771644 0.0283113 26 6 14 4
7830 7117 713 23 0.699819 0.564506 0.135312 27 8 16 6
8070 7544 526 38 0.499939 0.41468 0.085259 20 13 16 13
8260 8165 95 2 0.699918 0.686798 0.0131199 23 11 11 10
8360 7805 555 19 0.299924 0.232524 0.0674005 21 18 18 18
8373 8205 168 32 0.799966 0.775079 0.0248866 30 7 11 3
8751 8356 395 36 0.699965 0.63788 0.0620845 30 8 23 7
8798 8416 382 18 0.399943 0.346383 0.0535599 23 11 18 11
8823 8659 164 0 0.299896 0.278128 0.0217682 27 12 19 12
8858 8754 104 34 0.699914 0.683805 0.0161088 25 10 7 2
8908 8835 73 22 0.299768 0.288526 0.0112421 28 10 25 9
9146 8892 254 21 0.599929 0.562954 0.0369743 22 12 19 10
9268 8883 385 3 0.299892 0.246973 0.0529187 23 15 22 15
9285 8956 329 31 0.299923 0.258404 0.0415193 20 18 19 18
9327 9041 286 25 0.599927 0.56385 0.0360776 28 11 18 9
9552 7665 1887 12 0.899997 0.569597 0.330399 30 7 11 2
9686 9154 532 37 0.499908 0.412941 0.0869668 30 9 24 8
9746 9088 658 33 0.299938 0.199767 0.100171 26 13 20 13
10404 10323 81 35 0.299835 0.288124 0.0117113 28 10 23 9
10444 10272 172 15 0.499794 0.473648 0.0261468 32 7 24 6
10666 10148 518 29 0.399784 0.331823 0.0679602 27 8 24 8
10736 10505 231 5 0.399946 0.366847 0.0330993 26 11 22 10
11426 10982 444 1 0.599909 0.538817 0.0610924 26 13 13 9
11432 11044 388 4 0.399956 0.348501 0.0514546 32 6 28 6
11748 11396 352 20 0.399972 0.352949 0.0470223 29 9 24 7
11995 11541 454 7 0.299943 0.230213 0.06973 27 12 26 12
12919 12625 294 23 0.599937 0.55478 0.0451571 23 15 17 14
12925 10799 2126 13 0.699994 0.41436 0.285634 29 10 19 8
13316 12890 426 24 0.499991 0.438678 0.0613134 23 14 12 9
13334 12367 967 8 0.599937 0.46784 0.132097 24 11 15 9
13458 13177 281 32 0.499896 0.458685 0.0412104 32 7 24 6
13480 12727 753 30 0.499873 0.361533 0.13834 30 6 17 4
13504 12979 525 27 0.399981 0.320852 0.0791289 24 13 13 8
13725 13194 531 14 0.299926 0.21806 0.0818662 30 9 28 7
14000 13211 789 26 0.499891 0.36668 0.133211 29 10 25 10
14175 14009 166 11 0.299998 0.273508 0.0264894 32 7 29 6
14381 14046 335 36 0.499904 0.454816 0.0450882 28 11 22 9
14507 14304 203 38 0.499834 0.468465 0.0313688 23 16 18 9
14595 14348 247 19 0.599948 0.568789 0.0311595 23 16 18 13
14625 13776 849 9 0.299796 0.179898 0.119899 26 13 23 13
14683 14247 436 16 0.399851 0.336298 0.063553 25 13 14 12
14907 14854 53 17 0.29998 0.2901 0.00987988 26 12 21 12
15066 14894 172 12 0.499891 0.47552 0.0243717 27 11 17 8
15170 14941 229 2 0.299923 0.271359 0.0285644 22 17 21 16
15260 14816 444 0 0.599998 0.537598 0.0624004 23 16 17 11
15283 14138 1145 39 0.29994 0.124915 0.175025 23 16 22 15
15361 15220 141 18 0.499874 0.477592 0.0222818 21 16 21 14
16078 13487 2591 22 0.799892 0.340983 0.458909 30 9 11 3
16080 15174 906 33 0.699992 0.567071 0.132921 26 13 12 9
16871 14669 2202 21 0.499982 0.123449 0.376533 23 15 17 11
17328 17166 162 1 0.499996 0.478205 0.0217907 19 20 13 18
17432 17157 275 37 0.299868 0.261429 0.0384387 24 15 19 14
17646 17096 550 35 0.499939 0.425948 0.073991 26 13 13 10
17717 17213 504 15 0.39997 0.321512 0.0784572 32 7 24 6
18049 17955 94 29 0.399905 0.386806 0.0130993 26 11 20 11
18175 17758 417 3 0.299943 0.240707 0.0592358 27 12 24 9
18243 16783 1460 31 0.399933 0.133722 0.266211 29 10 21 8
18733 18487 246 13 0.599929 0.565573 0.0343557 33 8 19 7
19197 18731 466 5 0.299955 0.235129 0.0648255 23 16 17 10
19307 18739 568 8 0.59993 0.490421 0.109509 25 12 16 9
19490 19437 53 19 0.580476 0.570675 0.00980071 29 10 17 5
19681 19473 208 32 0.499946 0.470358 0.0295883 30 9 13 7
19962 18836 1126 38 0.699981 0.498689 0.201292 26 13 17 9
20210 19607 603 24 0.499808 0.403146 0.096662 28 11 21 7
20273 20220 53 30 0.499903 0.491055 0.00884716 25 11 6 6
20305 19400 905 17 0.799997 0.66385 0.136146 28 10 17 6
20508 19054 1454 20 0.399884 0.188518 0.211366 24 15 18 13
20842 20120 722 27 0.499902 0.395672 0.104231 24 14 17 11
20913 18973 1940 23 0.399924 0.092755 0.307169 25 14 17 9
21389 20513 876 7 0.29994 0.146471 0.153469 21 18 18 16
21470 21347 123 36 0.399916 0.382632 0.0172848 32 7 21 5
21741 21688 53 26 0.299906 0.29173 0.00817602 19 20 5 12
21986 21595 391 22 0.499897 0.44542 0.054477 26 13 10 8
22018 21024 994 0 0.49991 0.328092 0.171818 25 14 16 9
22643 22550 93 33 0.399958 0.386248 0.01371 27 12 21 9
22821 22668 153 12 0.299959 0.277387 0.0225724 28 11 20 6
22939 22675 264 18 0.299945 0.260615 0.0393304 23 14 20 9
22991 22910 81 16 0.272543 0.260535 0.0120079 23 16 15 11
23067 22912 155 11 0.29999 0.277081 0.0229092 28 11 16 8
23588 23477 111 2 0.299859 0.284951 0.0149086 24 15 18 13
23591 21406 2185 14 0.399968 0.022348 0.37762 22 17 17 15
23767 23424 343 1 0.499955 0.45684 0.0431145 24 15 16 8
24189 24024 165 17 0.69989 0.678077 0.021813 25 13 14 6
24478 24207 271 21 0.499845 0.463311 0.0365346 22 16 14 10
24727 23728 999 13 0.599932 0.441513 0.15842 26 15 12 11
24770 23555 1215 9 0.299919 0.0809553 0.218964 26 13 21 9
24795 24462 333 35 0.399973 0.356242 0.0437303 31 8 20 7
24837 24404 433 29 0.499908 0.428774 0.071134 26 11 18 5
25015 24314 701 19 0.599985 0.487184 0.112801 28 11 15 7
25223 23985 1238 39 0.299881 0.0912919 0.20859 21 18 5 8
25445 25287 158 8 0.49985 0.477753 0.0220963 19 19 13 15
26109 25599 510 27 0.699952 0.615664 0.0842883 20 19 12 13
26153 25986 167 15 0.299792 0.27641 0.0233824 25 14 14 12
26332 25944 388 38 0.499908 0.440298 0.0596101 25 14 13 5
26625 26293 332 36 0.699903 0.652478 0.0474253 25 14 16 10
26874 24846 2028 31 0.599972 0.267466 0.332507 30 9 15 7
27071 26573 498 32 0.399966 0.333286 0.0666791 30 9 20 7
27215 26511 704 30 0.299896 0.21786 0.0820357 25 13 10 7
27558 27282 276 24 0.399895 0.363276 0.0366193 27 12 20 8
27752 27699 53 0 0.599893 0.591684 0.0082082 23 16 11 8
28233 27905 328 5 0.299964 0.25482 0.045144 28 11 20 4
28669 28616 53 22 0.399907 0.388633 0.011274 22 17 4 9
28811 28591 220 20 0.399995 0.369502 0.0304936 28 11 22 3
28819 27767 1052 26 0.39983 0.182546 0.217284 18 21 4 7
28870 28657 213 17 0.599922 0.572573 0.0273492 26 12 13 5
28900 28847 53 12 0.599965 0.591124 0.00884054 22 17 16 14
29413 29342 71 23 0.399939 0.390797 0.00914206 25 14 20 5
29815 29718 97 7 0.399882 0.386604 0.0132777 29 10 23 5
29881 28980 901 33 0.499963 0.344328 0.155635 27 12 17 7
29891 29764 127 11 0.499976 0.482553 0.0174236 31 8 19 4
29926 29576 350 36 0.799975 0.746922 0.0530523 29 10 15 3
