750 697 53 31 0.899996 0.893624 0.00637209 16 2 16 1
944 620 324 26 0.899943 0.852131 0.0478112 12 2 12 1
1524 1410 114 3 0.799817 0.783865 0.0159529 22 1 22 1
1573 1359 214 22 0.799928 0.774563 0.0253653 19 1 19 1
1613 1357 256 27 0.799974 0.761405 0.0385691 24 2 24 1
1673 1409 264 20 0.79993 0.76148 0.0384504 15 0 15 0
2089 2016 73 28 0.699938 0.690707 0.0092316 23 2 24 2
2127 2036 91 39 0.699839 0.687817 0.0120222 23 4 23 4
2151 2098 53 36 0.699774 0.691437 0.00833743 21 5 22 5
2208 2032 176 35 0.699908 0.677366 0.022542 25 0 25 0
2216 2135 81 8 0.699945 0.68694 0.0130047 31 2 31 2
2239 2150 89 13 0.69979 0.687702 0.0120884 28 3 28 3
2245 2017 228 23 0.699996 0.668002 0.0319939 24 2 23 1
2332 2011 321 21 0.699903 0.660717 0.0391858 25 3 25 2
2340 2183 157 10 0.699881 0.678557 0.0213244 27 2 27 1
2381 2067 314 6 0.699977 0.654437 0.0455401 31 3 31 3
2393 2086 307 9 0.699904 0.659427 0.040477 26 2 26 2
2447 2060 387 14 0.699899 0.648565 0.0513345 31 1 31 1
2452 2053 399 5 0.699945 0.644674 0.0552707 22 1 22 1
2457 2044 413 24 0.699817 0.637071 0.0627465 21 2 21 2
3020 2900 120 4 0.599998 0.583801 0.0161968 28 7 28 7
3032 2841 191 7 0.599962 0.575407 0.0245544 29 5 28 3
3034 2706 328 30 0.599954 0.561167 0.0387866 25 8 25 7
3200 2828 372 33 0.599938 0.548982 0.0509559 29 5 29 5
3233 2826 407 11 0.599831 0.546854 0.0529765 26 1 26 1
3245 2941 304 37 0.599786 0.555679 0.0441069 26 5 26 5
3445 2621 824 31 0.7999 0.69487 0.105031 24 2 11 1
3845 3581 264 32 0.499934 0.461769 0.0381651 24 10 24 10
3904 3541 363 34 0.49995 0.452086 0.0478639 23 13 23 13
3939 3518 421 19 0.499904 0.445435 0.0544696 24 9 23 9
3945 3434 511 0 0.499979 0.431748 0.0682308 23 10 23 10
4040 3676 364 25 0.499996 0.451227 0.0487689 26 2 26 2
4188 3527 661 38 0.499902 0.40765 0.0922522 29 6 29 5
4753 4252 501 18 0.399785 0.325427 0.0743576 27 10 27 10
5195 5060 135 35 0.799904 0.785062 0.0148411 23 6 10 6
5268 5113 155 15 0.299915 0.280347 0.0195673 26 11 26 11
5375 5069 306 29 0.299924 0.26089 0.0390339 27 11 27 11
5436 4893 543 16 0.299895 0.211077 0.0888181 24 11 24 11
5449 4417 1032 17 0.399893 0.209871 0.190022 25 11 25 11
5808 4280 1528 2 0.399966 0.174816 0.225151 26 9 26 9
5857 5065 792 1 0.299971 0.167075 0.132896 26 9 26 9
6004 5788 216 27 0.599976 0.57124 0.028736 24 10 20 8
6155 6050 105 6 0.699909 0.68456 0.0153491 25 11 14 11
6190 5545 645 22 0.599989 0.51217 0.0878181 28 7 24 7
6240 5194 1046 3 0.599964 0.414028 0.185936 24 8 17 8
6604 6329 275 9 0.699955 0.660146 0.0398091 26 7 14 5
6604 6551 53 13 0.583789 0.574088 0.00970057 24 8 10 6
6761 6414 347 20 0.499908 0.454848 0.0450595 32 4 30 4
6950 6382 568 28 0.599981 0.511853 0.0881278 23 9 19 8
7435 6821 614 26 0.299959 0.207211 0.0927478 25 9 25 9
7442 7092 350 7 0.699934 0.650742 0.0491919 32 8 18 5
7471 7368 103 23 0.499944 0.484856 0.015088 27 10 23 10
7806 7011 795 4 0.699911 0.568922 0.130989 25 14 17 13
7883 7830 53 8 0.387671 0.37782 0.00985153 24 14 19 14
7961 7906 55 36 0.399954 0.391702 0.00825191 27 10 21 10
8030 7587 443 32 0.799963 0.739429 0.0605339 25 11 13 6
8562 8506 56 14 0.399946 0.390501 0.00944411 26 13 18 13
8791 8388 403 31 0.499998 0.444659 0.0553391 24 13 21 12
8881 7600 1281 21 0.499923 0.345426 0.154498 24 12 18 11
8888 8629 259 39 0.299999 0.26572 0.0342786 29 9 28 9
8951 8461 490 34 0.699886 0.628657 0.0712291 24 13 15 5
8985 8800 185 10 0.299937 0.275564 0.024373 29 10 28 10
8997 8497 500 24 0.399983 0.334283 0.0657001 29 9 23 8
9114 8811 303 37 0.499937 0.457836 0.0421014 24 11 20 10
9483 9430 53 33 0.46804 0.46065 0.00738992 25 10 10 7
9500 9173 327 5 0.299944 0.255342 0.0446025 25 12 20 12
9754 9496 258 30 0.399909 0.365094 0.0348142 26 13 22 11
9802 9636 166 38 0.599838 0.577182 0.0226566 29 10 23 9
10204 9796 408 6 0.699972 0.646013 0.0539593 30 7 19 3
10290 10063 227 27 0.699937 0.669074 0.0308631 30 7 17 4
10466 10171 295 0 0.499903 0.459059 0.0408432 27 11 25 8
10574 10507 67 11 0.293706 0.28461 0.00909583 25 12 20 12
10606 10189 417 17 0.799917 0.741964 0.0579534 27 10 16 5
10834 10567 267 18 0.59998 0.561662 0.0383185 30 9 24 7
10936 10649 287 2 0.799918 0.763928 0.0359906 25 12 15 7
10985 10718 267 19 0.399909 0.362218 0.0376909 27 11 24 11
11458 11182 276 15 0.599948 0.563332 0.0366157 28 11 19 9
11773 10468 1305 22 0.699976 0.506364 0.193612 29 8 21 5
11786 11575 211 35 0.299968 0.269191 0.0307775 28 10 24 9
12162 10842 1320 25 0.399996 0.176069 0.223927 24 12 22 12
12233 12180 53 29 0.499781 0.48914 0.0106417 32 7 24 4
12350 12015 335 28 0.599843 0.551852 0.0479905 26 10 20 9
12597 11546 1051 1 0.699976 0.518357 0.18162 22 16 15 15
12906 12254 652 13 0.499847 0.397281 0.102566 23 14 19 13
13086 12576 510 9 0.399915 0.315658 0.084257 27 11 18 10
14025 13739 286 26 0.599964 0.566577 0.0333863 33 4 21 2
14070 13780 290 3 0.299885 0.262022 0.0378629 27 10 23 8
14213 12500 1713 4 0.599892 0.334447 0.265445 31 8 23 3
14237 14074 163 23 0.399822 0.376488 0.0233342 26 13 20 12
14298 13878 420 2 0.699985 0.636771 0.0632141 25 14 13 7
14357 14167 190 7 0.299928 0.274358 0.0255701 28 12 23 11
14395 12869 1526 32 0.499934 0.249885 0.250048 27 11 22 8
14536 14291 245 10 0.699969 0.666189 0.0337798 28 11 17 6
14614 14288 326 34 0.499981 0.457927 0.042053 28 10 22 9
14691 13183 1508 16 0.399769 0.14025 0.259519 24 15 24 14
14748 14695 53 33 0.599891 0.592154 0.0077362 34 3 23 2
14843 14320 523 37 0.599956 0.52082 0.0791361 28 10 20 7
14962 14569 393 30 0.699942 0.651437 0.0485054 25 14 17 7
15040 14843 197 39 0.599934 0.569245 0.0306895 26 13 13 8
15043 14754 289 27 0.599928 0.56117 0.0387579 28 11 23 9
15060 14924 136 0 0.699905 0.680838 0.0190669 26 13 16 7
15143 14226 917 20 0.299941 0.140457 0.159484 28 11 21 10
15150 14836 314 18 0.699823 0.66157 0.038253 29 10 19 7
15577 15235 342 38 0.499906 0.456639 0.0432667 29 10 22 8
15649 15445 204 24 0.499902 0.47268 0.0272215 24 15 20 13
15945 15602 343 14 0.399992 0.355691 0.0443014 30 9 27 7
16037 15832 205 8 0.299791 0.272886 0.0269049 22 17 19 15
16373 16021 352 5 0.499938 0.444623 0.0553151 23 15 13 9
16533 16165 368 17 0.399898 0.349514 0.0503839 26 13 22 12
16565 16495 70 19 0.599897 0.586879 0.0130187 21 17 12 13
16576 14900 1676 36 0.399895 0.102774 0.29712 29 10 21 9
16970 16564 406 31 0.299964 0.240541 0.0594229 30 9 27 7
17158 16785 373 21 0.299974 0.252971 0.0470031 16 22 12 16
17176 16764 412 22 0.576469 0.498672 0.0777968 17 21 12 18
17400 17048 352 6 0.299974 0.257025 0.0429484 25 14 24 12
18170 17796 374 15 0.399967 0.350023 0.0499434 26 13 21 13
18615 18454 161 27 0.799997 0.779822 0.0201744 29 10 15 3
18997 18593 404 33 0.699909 0.644149 0.0557592 32 5 16 5
19116 18870 246 11 0.299975 0.265192 0.0347838 23 15 18 12
19249 19051 198 10 0.599979 0.566576 0.0334023 31 8 15 5
19329 18833 496 29 0.399899 0.331675 0.0682245 26 13 20 11
19344 19024 320 37 0.6999 0.654552 0.0453483 29 9 7 1
19437 19188 249 34 0.699959 0.662391 0.0375682 32 7 18 3
19730 19196 534 13 0.499933 0.425528 0.0744051 26 13 20 9
19945 19735 210 9 0.499919 0.472194 0.027725 30 9 23 6
19951 19665 286 26 0.499896 0.461347 0.0385492 33 5 24 5
19984 19649 335 7 0.699924 0.653788 0.0461368 27 13 21 9
20024 19741 283 1 0.299891 0.260582 0.0393097 22 17 19 14
20148 19477 671 28 0.299955 0.212415 0.0875397 27 12 25 11
20216 20123 93 38 0.699952 0.68492 0.0150321 24 15 16 12
20335 20008 327 35 0.299959 0.252082 0.0478774 25 14 21 13
20394 19467 927 30 0.599863 0.434507 0.165355 30 9 24 6
20755 20322 433 32 0.59996 0.5427 0.0572602 27 12 19 6
20779 20519 260 19 0.699989 0.668743 0.0312465 28 11 19 9
21072 20932 140 0 0.399847 0.375754 0.0240932 23 16 22 12
21160 20789 371 22 0.799911 0.744793 0.0551177 25 14 13 0
21266 20752 514 39 0.499776 0.42321 0.0765663 28 11 24 8
21886 21807 79 18 0.29991 0.290808 0.00910173 27 12 18 10
22400 21674 726 20 0.599916 0.482488 0.117428 27 12 17 10
22420 20826 1594 25 0.29985 0.0218196 0.27803 32 6 30 6
22440 22253 187 4 0.29987 0.27205 0.0278201 27 12 25 8
22540 21735 805 23 0.399963 0.273814 0.126149 29 10 19 4
22679 22459 220 27 0.599939 0.573432 0.0265076 18 21 17 20
22727 21222 1505 2 0.299997 0.0431291 0.256868 30 9 23 8
22736 22486 250 5 0.49999 0.469598 0.0303921 30 8 21 5
23046 22551 495 3 0.299949 0.226933 0.0730156 23 16 20 15
23187 22869 318 8 0.499987 0.450775 0.0492124 25 14 21 8
23499 20873 2626 14 0.699921 0.223725 0.476196 28 11 14 6
23604 20716 2888 24 0.599904 0.20615 0.393753 27 13 19 11
23841 23716 125 38 0.69991 0.68226 0.0176504 23 16 13 7
23907 23064 843 17 0.499772 0.375033 0.124739 28 11 16 7
24062 23823 239 34 0.59994 0.568705 0.0312353 29 10 17 7
24096 23890 206 37 0.599937 0.573763 0.0261739 25 14 18 11
24497 24444 53 15 0.499921 0.491923 0.00799754 21 18 7 11
25129 24848 281 33 0.399927 0.361252 0.0386747 25 14 15 12
25446 25304 142 19 0.599771 0.57953 0.0202403 27 12 19 11
25736 25400 336 31 0.299939 0.253416 0.0465236 27 12 23 11
25748 25568 180 6 0.299989 0.276024 0.0239648 26 13 26 10
25792 25593 199 35 0.699788 0.672512 0.0272763 25 14 17 10
25923 25536 387 36 0.299896 0.248056 0.05184 27 12 24 7
26118 25897 221 0 0.699933 0.669786 0.0301472 24 15 20 10
26219 25910 309 11 0.499954 0.458673 0.0412807 26 12 24 10
26347 25955 392 7 0.399893 0.346952 0.0529407 27 13 20 9
26388 26058 330 26 0.499785 0.454737 0.0450482 26 13 20 11
26560 26345 215 32 0.499942 0.472495 0.0274463 25 14 18 11
26639 25786 853 13 0.499894 0.36443 0.135464 24 15 19 10
26659 24147 2512 21 0.499943 0.0406396 0.459303 25 14 22 10
26739 26264 475 22 0.499988 0.426691 0.0732971 20 19 11 9
26978 26653 325 29 0.399998 0.353049 0.0469489 25 14 20 11
27084 26881 203 1 0.499791 0.471549 0.0282425 27 12 21 8
28613 28350 263 27 0.499812 0.464449 0.0353631 24 15 21 7
28650 28398 252 20 0.49982 0.467669 0.0321507 23 16 18 11
28735 28556 179 3 0.699917 0.67167 0.0282473 25 14 14 8
28907 28854 53 28 0.269782 0.259604 0.0101774 25 14 21 10
29124 28116 1008 38 0.599938 0.441859 0.158079 26 13 16 8
29224 28647 577 5 0.499943 0.41174 0.0882038 25 13 22 12
29289 27764 1525 30 0.299978 0.0395151 0.260463 26 13 22 12
29651 29459 192 23 0.499902 0.47375 0.0261518 20 19 16 14
29681 28914 767 39 0.299943 0.171579 0.128365 28 11 23 8
29823 29721 102 34 0.499866 0.484882 0.0149843 31 8 22 7
29958 29775 183 0 0.699803 0.670486 0.0293165 26 13 17 6
