834 781 53 3 0.899899 0.892651 0.00724791 6 0 6 0
937 764 173 6 0.89995 0.878472 0.0214782 4 0 4 0
1682 1508 174 0 0.799996 0.780865 0.0191311 7 1 7 1
1904 1597 307 9 0.799924 0.761453 0.038471 8 0 8 0
3272 3211 61 4 0.59992 0.591912 0.00800828 8 1 8 1
3524 3290 234 7 0.599906 0.570639 0.0292666 8 1 8 1
4003 3950 53 6 0.699946 0.694134 0.00581154 8 1 8 1
4280 4028 252 1 0.499989 0.466686 0.0333025 8 1 8 1
4402 4092 310 8 0.499976 0.461763 0.0382123 7 2 7 2
4625 4515 110 3 0.599989 0.584759 0.01523 9 0 9 0
5122 4844 278 2 0.399934 0.367604 0.0323297 7 2 7 2
7292 7062 230 9 0.499965 0.473383 0.0265816 6 3 5 3
7471 7405 66 5 0.0999142 0.0902564 0.00965783 6 3 6 3
7798 7638 160 0 0.399949 0.379072 0.0208766 7 2 7 2
7982 7813 169 7 0.699952 0.680288 0.0196648 8 1 7 1
8199 7997 202 4 0.599935 0.577612 0.0223224 7 2 6 1
8704 8496 208 6 0.599977 0.575737 0.0242398 9 0 9 0
9204 9149 55 8 0.699899 0.689754 0.0101444 4 5 2 3
10784 10513 271 3 0.499964 0.468016 0.0319481 7 2 7 2
11800 11437 363 1 0.399925 0.356348 0.0435771 6 3 6 3
12035 11810 225 7 0.699977 0.67445 0.0255273 8 1 7 1
12271 12106 165 8 0.799962 0.781082 0.0188798 8 1 7 1
12930 12738 192 2 0.399995 0.375696 0.0242985 6 3 6 3
13173 12811 362 9 0.599898 0.555615 0.0442832 5 4 5 3
13923 13625 298 0 0.599931 0.566039 0.0338922 8 1 6 1
14025 13793 232 6 0.599896 0.573354 0.0265417 8 1 7 1
15785 15732 53 4 0.299841 0.293158 0.0066829 6 3 6 3
16270 16151 119 1 0.799923 0.785225 0.0146977 8 1 6 0
16795 16439 356 8 0.599838 0.559339 0.0404994 9 0 6 0
17407 17139 268 3 0.499926 0.468574 0.0313524 8 1 8 1
18509 18193 316 6 0.699948 0.661813 0.038135 6 3 6 3
18673 18587 86 5 0.0998617 0.0864805 0.0133812 8 1 8 1
19618 19240 378 7 0.299926 0.256524 0.0434026 7 2 7 2
19936 19694 242 2 0.499983 0.46953 0.0304523 7 2 7 2
19974 19897 77 0 0.499904 0.488334 0.0115695 6 3 6 3
20217 20151 66 9 0.399948 0.390059 0.00988946 6 3 6 2
22155 22051 104 1 0.399953 0.386125 0.0138276 7 2 7 2
22310 21965 345 4 0.599996 0.55697 0.043026 6 3 5 3
22976 22922 54 3 0.599896 0.591708 0.00818714 8 1 8 1
23771 23661 110 8 0.399906 0.384727 0.0151791 6 3 5 3
24450 24141 309 6 0.499993 0.464146 0.0358475 5 4 5 4
24768 24556 212 0 0.699899 0.673841 0.0260581 6 3 5 3
26074 25992 82 7 0.599843 0.588872 0.0109709 7 2 7 1
26352 26255 97 2 0.499956 0.487103 0.0128537 6 3 5 3
26975 26805 170 9 0.499906 0.478435 0.0214708 7 2 7 2
27199 27146 53 3 0.699883 0.692936 0.00694735 7 2 5 2
28164 27948 216 8 0.799961 0.772385 0.0275764 6 3 5 2
28603 28312 291 6 0.79982 0.763167 0.0366535 6 3 4 2
29341 29133 208 4 0.399905 0.373151 0.0267531 4 5 4 5
29911 29786 125 5 0.0998935 0.0853271 0.0145664 8 1 8 1
29994 29654 340 1 0.399961 0.36003 0.0399308 7 2 7 2
30527 30293 234 0 0.499944 0.4703 0.0296439 7 2 7 2
31858 31615 243 9 0.699978 0.666909 0.0330695 8 1 7 1
32154 31910 244 7 0.499912 0.471105 0.0288069 5 4 5 4
33685 33343 342 8 0.499994 0.45841 0.0415836 5 4 5 3
34074 33798 276 6 0.499956 0.465279 0.0346777 7 2 6 2
34575 34240 335 3 0.299927 0.258872 0.0410548 6 3 6 3
36157 36060 97 0 0.599961 0.587333 0.0126275 7 2 7 2
36276 36118 158 4 0.499913 0.479827 0.0200866 7 2 7 2
36285 35958 327 2 0.0999029 0.062371 0.0375319 6 3 6 3
37034 36816 218 1 0.499993 0.473414 0.0265788 7 2 6 2
37589 37421 168 9 0.499944 0.479354 0.0205902 7 2 5 2
38640 38542 98 7 0.499909 0.488007 0.0119026 3 6 3 6
39963 39591 372 6 0.599916 0.55392 0.0459955 6 3 5 3
40207 40067 140 8 0.499938 0.482198 0.0177398 6 3 6 2
40975 40683 292 1 0.799965 0.764501 0.0354637 6 3 3 2
41244 41180 64 5 0.0999955 0.0929643 0.00703111 9 0 9 0
41976 41892 84 0 0.499966 0.489379 0.0105867 5 4 5 3
42009 41698 311 3 0.499921 0.460905 0.0390153 8 1 8 1
42510 42226 284 9 0.699939 0.665827 0.0341115 6 3 5 3
43699 43414 285 4 0.399957 0.367266 0.0326907 8 1 8 1
45383 45197 186 2 0.399907 0.376363 0.0235439 7 2 7 2
46146 45848 298 6 0.499989 0.466915 0.0330732 5 4 5 4
47264 46943 321 1 0.39997 0.362307 0.0376638 8 1 8 1
47801 47341 460 7 0.199908 0.144377 0.055531 5 4 5 4
49112 48997 115 0 0.399921 0.38609 0.0138305 8 1 8 1
49524 49164 360 3 0.399929 0.357087 0.0428425 8 1 8 1
49934 49739 195 8 0.0999289 0.0765274 0.0234015 6 3 6 3
50642 50467 175 4 0.49992 0.478341 0.0215788 6 3 5 3
50716 50613 103 5 0.299892 0.286007 0.0138852 5 4 4 4
50810 50503 307 9 0.199964 0.161616 0.0383481 8 1 8 1
53052 52791 261 2 0.399911 0.37018 0.0297312 7 2 6 2
53949 53657 292 4 0.899901 0.866332 0.0335691 6 3 1 1
54395 54206 189 6 0.299941 0.274798 0.0251426 6 3 6 3
55943 55552 391 1 0.299956 0.2517 0.0482561 8 1 8 1
55971 55723 248 0 0.499965 0.467607 0.0323588 6 3 6 3
56348 56295 53 7 0.39982 0.391929 0.00789107 6 3 6 3
58879 58604 275 8 0.399912 0.365615 0.0342964 6 3 6 3
59027 58756 271 4 0.499919 0.468211 0.0317077 5 4 5 4
59433 59373 60 5 0.299895 0.291425 0.0084698 6 3 6 3
