1666 1587 79 5 0.782462 0.771664 0.0107975 4 0 4 0
1670 1617 53 6 0.799919 0.793993 0.00592598 7 0 7 0
2026 1643 383 1 0.799909 0.75528 0.0446292 8 0 8 0
2548 2443 105 8 0.699946 0.684836 0.0151101 7 1 7 1
2563 2339 224 0 0.699956 0.67453 0.0254268 7 1 7 1
2582 2293 289 2 0.699954 0.664732 0.0352224 6 1 6 1
2697 2423 274 9 0.69995 0.666542 0.0334076 8 0 8 0
3646 3319 327 4 0.59993 0.55841 0.0415204 7 2 8 2
5132 4960 172 7 0.399939 0.378669 0.0212693 9 0 9 0
5197 4923 274 3 0.399989 0.368371 0.0316185 8 1 8 1
6730 6529 201 6 0.499962 0.472157 0.0278044 7 2 7 2
7185 7054 131 1 0.499994 0.482853 0.0171409 8 1 7 1
7559 7199 360 2 0.599943 0.55745 0.0424926 7 2 6 2
8360 8251 109 9 0.49992 0.487215 0.0127045 5 4 5 4
8707 8409 298 5 0.299999 0.262574 0.0374254 7 2 7 2
10180 10127 53 7 0.699908 0.69141 0.00849813 5 4 4 4
10184 9787 397 0 0.299767 0.251254 0.0485133 6 3 6 3
11400 11213 187 8 0.099938 0.0771633 0.0227746 7 2 7 2
11420 11301 119 4 0.299982 0.284395 0.0155869 8 1 8 1
12345 11987 358 3 0.499918 0.457491 0.0424269 5 4 4 4
13610 13510 100 2 0.499911 0.485553 0.014358 6 3 6 3
15382 14996 386 5 0.599902 0.55185 0.0480513 6 3 6 3
15412 15010 402 1 0.299914 0.247807 0.0521066 6 3 6 3
15755 15544 211 6 0.199953 0.176325 0.0236283 7 2 7 2
17241 17188 53 7 0.299923 0.29199 0.00793297 7 2 7 2
17771 17443 328 0 0.49996 0.460354 0.0396059 5 4 5 4
18158 17882 276 9 0.0999199 0.0695688 0.0303511 7 2 7 2
19340 19286 54 8 0.49999 0.491343 0.00864706 5 4 5 4
20246 20072 174 4 0.299968 0.276263 0.0237048 6 3 6 3
20778 20715 63 2 0.399893 0.392972 0.00692111 6 3 6 3
21491 21217 274 3 0.199999 0.168616 0.031383 6 3 6 3
24362 24052 310 0 0.499996 0.46037 0.0396261 6 3 6 3
24444 24168 276 7 0.499983 0.466508 0.0334753 8 1 8 1
24766 24273 493 1 0.29993 0.241202 0.0587275 7 2 7 2
24998 24618 380 5 0.099799 0.052677 0.0471221 7 2 7 2
25128 24944 184 6 0.299921 0.277052 0.0228688 7 2 7 2
25332 25115 217 9 0.599934 0.571533 0.0284003 7 2 6 2
27097 27042 55 8 0.29999 0.291722 0.00826785 5 4 5 4
27340 27287 53 4 0.499915 0.492304 0.00761189 5 4 5 4
29141 29025 116 3 0.499994 0.485569 0.0144254 8 1 7 1
29216 29114 102 0 0.699953 0.686644 0.0133093 7 2 5 1
29890 29553 337 9 0.699978 0.659991 0.0399871 8 1 7 1
30048 29786 262 2 0.19996 0.167885 0.0320747 7 2 7 2
30200 30027 173 7 0.599948 0.577621 0.0223267 7 2 5 2
32417 32245 172 5 0.599946 0.578643 0.0213025 8 1 8 1
33309 33039 270 6 0.399969 0.367778 0.0321913 7 2 6 2
34593 34421 172 7 0.699975 0.679292 0.020683 9 0 9 0
34682 34447 235 1 0.1999 0.167359 0.0325417 7 2 7 2
36101 35935 166 3 0.399966 0.378155 0.0218109 7 2 7 2
37173 36895 278 4 0.0997846 0.0673083 0.0324763 5 4 5 4
37312 37083 229 0 0.199925 0.174744 0.0251811 6 3 6 3
37765 37454 311 8 0.099944 0.0655622 0.0343818 7 2 7 2
39014 38721 293 9 0.099973 0.0667647 0.0332083 5 4 5 4
40294 40105 189 2 0.199994 0.177108 0.0228856 7 2 7 2
41218 40981 237 7 0.399937 0.371392 0.0285452 7 2 7 2
41954 41682 272 5 0.0999794 0.066183 0.0337965 5 4 5 4
42082 42007 75 3 0.599893 0.590829 0.00906387 8 1 6 1
43384 43186 198 1 0.399968 0.375956 0.024012 6 3 6 3
43506 43380 126 6 0.0999807 0.085515 0.0144657 6 3 6 3
43524 43188 336 0 0.69999 0.658619 0.0413702 6 3 4 2
44703 44493 210 9 0.799839 0.775126 0.0247124 5 4 4 4
44805 44656 149 7 0.899898 0.878264 0.0216342 5 4 1 2
45918 45740 178 8 0.499894 0.477822 0.0220718 6 3 6 3
46925 46834 91 4 0.299895 0.288988 0.010907 7 2 7 2
47225 46976 249 2 0.599978 0.569245 0.0307332 9 0 7 0
47688 47419 269 0 0.699929 0.665265 0.0346647 9 0 8 0
49186 48961 225 6 0.799911 0.772668 0.0272434 7 2 4 2
49289 49032 257 5 0.599919 0.569376 0.0305428 5 4 4 3
49616 49262 354 1 0.599934 0.560292 0.0396418 5 4 5 3
49882 49573 309 3 0.299998 0.263514 0.0364838 7 2 7 2
49922 49789 133 9 0.499909 0.480834 0.0190742 5 4 5 4
50627 50356 271 7 0.399897 0.369052 0.0308443 9 0 8 0
51800 51441 359 8 0.599955 0.555638 0.044318 4 5 4 4
53188 53135 53 4 0.599928 0.592643 0.00728431 7 2 5 1
53423 53163 260 0 0.499963 0.468909 0.0310543 7 2 7 2
54482 54276 206 6 0.499893 0.477162 0.0227307 6 3 5 3
54840 54713 127 1 0.599985 0.584272 0.0157131 7 2 7 1
55999 55679 320 2 0.199944 0.161833 0.0381105 6 3 6 3
57911 57707 204 8 0.499978 0.473755 0.0262236 7 2 7 1
58119 57876 243 9 0.299902 0.271257 0.0286445 7 2 7 2
58304 58216 88 4 0.599907 0.589864 0.0100433 7 2 7 1
58528 58230 298 7 0.399996 0.362902 0.037094 8 1 8 1
58646 58411 235 5 0.099997 0.0717225 0.0282745 8 1 8 1
