929 750 179 7 0.899805 0.879118 0.0206867 7 0 7 0
1143 816 327 0 0.899931 0.861736 0.0381953 4 0 4 0
1584 1511 73 3 0.799975 0.78959 0.0103846 8 0 8 0
2395 2317 78 9 0.699987 0.688543 0.0114438 7 1 7 1
2532 2479 53 8 0.699936 0.692653 0.00728337 7 1 7 1
3222 3163 59 1 0.599893 0.592314 0.00757916 7 1 7 1
3306 3213 93 2 0.599988 0.587616 0.0123728 7 2 7 2
4249 4193 56 0 0.699932 0.692559 0.00737287 7 1 6 1
4365 3999 366 6 0.49992 0.457206 0.0427143 6 3 6 3
5929 5649 280 5 0.299944 0.266767 0.0331765 6 3 6 3
6190 6052 138 9 0.699944 0.683143 0.0168008 9 0 7 0
6428 6252 176 7 0.399974 0.376768 0.0232067 7 2 7 2
7563 7325 238 4 0.0999695 0.0715268 0.0284427 9 0 9 0
7568 7432 136 2 0.699918 0.682099 0.0178188 8 1 5 1
7732 7382 350 3 0.39996 0.359021 0.0409391 7 2 7 2
8983 8856 127 8 0.39991 0.38379 0.0161203 6 3 6 3
9241 9146 95 9 0.79997 0.788065 0.0119048 6 3 4 3
10780 10578 202 1 0.299956 0.274642 0.0253134 6 3 6 3
10790 10464 326 0 0.399887 0.360437 0.0394499 5 4 4 4
10862 10746 116 6 0.49994 0.486768 0.0131712 5 4 4 4
11781 11518 263 7 0.699901 0.664645 0.0352556 6 3 5 3
12510 12232 278 2 0.599869 0.566176 0.0336923 8 1 7 1
12539 12262 277 5 0.599914 0.563511 0.0364029 5 4 5 4
13813 13528 285 9 0.599965 0.565193 0.0347718 4 5 4 5
14773 14566 207 3 0.499895 0.47504 0.0248543 4 5 3 5
15094 14761 333 4 0.599964 0.560837 0.039127 7 2 5 2
15423 15114 309 2 0.899947 0.861965 0.0379824 7 2 4 1
15937 15805 132 8 0.499898 0.484052 0.0158465 6 3 6 3
17584 17398 186 0 0.499947 0.477036 0.0229116 8 1 8 0
18601 18504 97 5 0.499902 0.488298 0.0116033 7 2 7 2
18857 18701 156 6 0.299947 0.282611 0.0173358 8 1 8 1
19582 19356 226 2 0.599925 0.572947 0.0269774 8 1 7 1
20569 20508 61 1 0.19976 0.192684 0.00707619 6 3 6 3
20909 20573 336 7 0.0999849 0.0589729 0.041012 7 2 7 2
21651 21391 260 8 0.599946 0.567631 0.0323152 6 3 6 3
22775 22668 107 4 0.299989 0.286383 0.0136065 7 2 7 2
23386 23043 343 9 0.0999581 0.0612878 0.0386703 6 3 6 3
23849 23537 312 3 0.199939 0.162848 0.037091 6 3 6 3
25683 25583 100 5 0.399923 0.386462 0.0134608 6 3 6 3
25712 25586 126 0 0.299933 0.281729 0.0182036 5 4 5 4
27730 27577 153 6 0.299892 0.279613 0.0202785 7 2 7 2
28860 28682 178 2 0.0999378 0.0768928 0.0230449 8 1 8 1
29345 28917 428 4 0.599985 0.546428 0.0535568 7 2 6 2
29703 29596 107 1 0.299984 0.285948 0.0140368 4 5 4 5
30939 30655 284 7 0.299991 0.266065 0.0339261 7 2 7 2
31099 30981 118 8 0.0999735 0.0829021 0.0170714 7 2 7 2
32075 31975 100 0 0.599944 0.583874 0.0160702 4 5 2 4
32545 32231 314 3 0.399989 0.359649 0.04034 5 4 4 4
33436 33057 379 9 0.299969 0.251499 0.0484702 5 4 5 4
35876 35576 300 5 0.0999143 0.0651757 0.0347386 7 2 7 2
36773 36427 346 6 0.299864 0.258236 0.0416277 9 0 9 0
36892 36741 151 2 0.499965 0.481922 0.018043 7 2 7 2
37352 37252 100 7 0.599922 0.588035 0.0118876 7 2 7 2
37395 37134 261 0 0.599962 0.564619 0.0353429 8 1 8 1
38526 38401 125 1 0.299911 0.281712 0.0181993 9 0 9 0
38773 38630 143 4 0.0999496 0.0813877 0.018562 5 4 5 4
40064 39812 252 8 0.399993 0.369962 0.0300313 6 3 6 3
41027 40685 342 9 0.499922 0.459482 0.0404397 7 2 7 2
42525 42210 315 7 0.599911 0.563444 0.0364671 5 4 4 4
42558 42387 171 2 0.599891 0.58041 0.019481 6 3 5 3
42994 42637 357 3 0.0998939 0.05666 0.0432339 5 4 5 4
43632 43379 253 0 0.499967 0.470291 0.0296761 7 2 7 2
44074 43866 208 5 0.499946 0.474811 0.0251344 6 3 6 3
45761 45612 149 1 0.499912 0.481768 0.0181439 8 1 7 1
45777 45667 110 6 0.299935 0.284294 0.0156409 6 3 6 3
46730 46525 205 9 0.59997 0.572512 0.0274583 6 3 5 3
47665 47516 149 8 0.399962 0.38335 0.0166123 5 4 5 4
47666 47346 320 4 0.399971 0.362221 0.0377507 4 5 4 5
48451 48344 107 0 0.69999 0.68807 0.0119202 7 2 5 2
48724 48418 306 2 0.499907 0.463014 0.0368929 5 4 5 4
50310 50222 88 3 0.599791 0.587672 0.0121187 6 3 6 3
50659 50462 197 5 0.499901 0.475306 0.024595 4 5 4 4
51201 50923 278 9 0.699918 0.668116 0.0318018 6 3 5 3
51265 51198 67 1 0.599836 0.591148 0.00868786 7 2 6 2
51303 51052 251 8 0.899974 0.869215 0.0307595 7 2 2 0
51951 51639 312 7 0.0999505 0.0622436 0.0377069 8 1 8 1
52065 51985 80 6 0.599943 0.589191 0.0107518 7 2 7 2
53967 53649 318 4 0.59992 0.561725 0.038195 5 4 5 4
54886 54706 180 0 0.399941 0.377572 0.0223692 7 2 7 2
55395 55047 348 2 0.499895 0.456584 0.0433112 9 0 9 0
56353 56300 53 1 0.599984 0.592945 0.0070391 5 4 5 4
57145 56990 155 3 0.399953 0.3823 0.017653 7 2 7 2
57874 57761 113 5 0.399901 0.385733 0.0141688 6 3 6 3
58631 58578 53 6 0.399934 0.3918 0.00813409 7 2 7 2
59612 59351 261 8 0.0999689 0.0693832 0.0305857 9 0 9 0
