878 704 174 9 0.899894 0.879058 0.0208363 4 0 4 0
1639 1552 87 6 0.799776 0.787412 0.0123643 7 1 7 1
1858 1640 218 3 0.799977 0.773349 0.0266286 5 1 5 1
1942 1594 348 5 0.799946 0.754722 0.0452236 8 0 8 0
2647 2375 272 4 0.69995 0.666284 0.0336662 8 1 8 1
3602 3302 300 1 0.59999 0.562709 0.037281 6 3 6 3
3606 3313 293 2 0.59993 0.561132 0.038798 7 2 7 2
4010 3957 53 7 0.49996 0.491744 0.00821579 5 4 5 4
4391 4035 356 8 0.49992 0.459087 0.0408329 8 0 8 0
4923 4854 69 0 0.394398 0.383943 0.0104553 6 3 6 3
4958 4643 315 9 0.599959 0.562354 0.0376042 4 4 4 4
5633 5330 303 5 0.699996 0.660482 0.039514 6 3 5 3
6866 6629 237 6 0.499926 0.469649 0.0302764 7 2 7 2
7235 6952 283 3 0.499943 0.462938 0.0370057 5 3 5 3
8392 8221 171 4 0.499993 0.479571 0.0204219 6 3 6 3
10470 10360 110 1 0.399868 0.383467 0.0164012 7 2 7 2
10926 10678 248 0 0.59989 0.567626 0.0322648 7 2 7 2
11080 11027 53 7 0.399845 0.391223 0.00862193 7 2 7 2
11119 10740 379 8 0.499955 0.454933 0.0450222 7 2 7 2
11528 11205 323 2 0.299891 0.260837 0.0390537 8 1 8 1
12209 11892 317 5 0.399916 0.360774 0.0391424 6 3 6 3
13347 13285 62 6 0.485781 0.477176 0.0086056 5 4 5 4
13658 13332 326 9 0.199951 0.160315 0.0396353 5 4 5 4
14717 14664 53 1 0.799983 0.792124 0.00785934 6 3 5 2
14754 14437 317 3 0.399986 0.364194 0.0357921 4 5 4 5
17388 17159 229 4 0.199798 0.171116 0.0286814 8 1 8 1
17525 17338 187 5 0.699974 0.678394 0.0215799 8 1 6 0
17995 17649 346 0 0.399876 0.360369 0.0395078 7 2 7 2
18887 18733 154 2 0.499821 0.482398 0.0174225 8 1 8 1
19129 18846 283 1 0.59981 0.564969 0.0348412 7 2 7 2
19333 19191 142 8 0.299931 0.283566 0.0163654 7 2 7 2
19474 19411 63 7 0.299881 0.290519 0.00936184 6 3 6 3
20785 20732 53 3 0.599909 0.592884 0.00702438 5 4 5 4
22117 22058 59 9 0.399907 0.39341 0.00649699 8 1 8 1
23245 22920 325 6 0.0998994 0.0620887 0.0378107 8 1 8 1
23525 23409 116 1 0.699966 0.684612 0.0153534 8 1 6 1
24367 24067 300 4 0.599899 0.563791 0.0361075 8 1 8 1
24706 24537 169 5 0.299893 0.278167 0.0217263 5 4 5 4
25333 25133 200 2 0.499971 0.476883 0.0230886 7 2 7 2
25753 25577 176 8 0.599953 0.579467 0.0204865 6 3 6 3
26759 26593 166 3 0.499933 0.480114 0.0198188 8 1 8 1
28256 28186 70 1 0.599965 0.591631 0.00833478 7 2 6 2
28438 28089 349 0 0.0999909 0.0577128 0.0422781 6 3 6 3
28463 28188 275 7 0.299979 0.266298 0.0336807 8 1 8 1
29790 29499 291 4 0.599953 0.565293 0.0346602 7 2 7 2
30537 30337 200 9 0.299985 0.275461 0.0245245 6 3 6 3
31923 31608 315 2 0.499904 0.462554 0.03735 7 2 6 2
31946 31816 130 5 0.499946 0.483677 0.0162691 6 3 6 3
33148 32843 305 6 0.299974 0.265507 0.0344671 9 0 8 0
34262 33961 301 3 0.399996 0.366203 0.0337926 6 3 6 3
34317 34096 221 1 0.499953 0.474044 0.025909 6 3 6 3
35049 34910 139 8 0.0999309 0.0822818 0.017649 9 0 9 0
35835 35654 181 7 0.499887 0.475082 0.0248052 8 1 8 1
37407 37263 144 0 0.399785 0.378815 0.0209702 8 1 8 1
38220 38157 63 4 0.199968 0.193047 0.00692111 5 4 5 4
38330 38134 196 5 0.499864 0.474361 0.0255036 6 3 6 3
38586 38383 203 9 0.399899 0.373933 0.025966 4 5 4 5
38595 38323 272 2 0.499987 0.46471 0.0352762 6 3 6 3
39856 39802 54 1 0.599892 0.590807 0.00908515 4 5 4 5
41195 41073 122 3 0.499914 0.486154 0.0137601 3 6 1 6
42141 42082 59 6 0.299998 0.293422 0.00657653 4 5 4 5
42239 42164 75 7 0.499968 0.490926 0.00904259 8 1 6 1
43839 43785 54 5 0.5999 0.59227 0.00763058 7 2 6 2
43897 43844 53 8 0.399933 0.391503 0.00843 7 2 5 2
44634 44393 241 9 0.599908 0.570511 0.029397 8 1 8 1
45153 44931 222 2 0.499943 0.473029 0.0269146 7 2 6 2
45174 44952 222 0 0.399901 0.373507 0.0263939 8 1 8 1
45775 45718 57 3 0.695402 0.688785 0.00661659 4 5 4 3
46582 46497 85 1 0.399977 0.390636 0.00934111 8 1 8 1
46737 46478 259 4 0.399942 0.370243 0.0296989 5 4 5 4
48278 48046 232 5 0.699906 0.670716 0.0291898 7 2 3 2
49398 49335 63 7 0.399932 0.391842 0.00808959 7 2 7 2
50111 50056 55 6 0.399996 0.393955 0.00604111 5 4 5 4
51300 51141 159 3 0.499998 0.482253 0.0177442 9 0 8 0
51555 51427 128 9 0.39999 0.383109 0.0168802 5 4 5 3
52425 52296 129 2 0.399981 0.382616 0.0173648 9 0 9 0
53583 53507 76 0 0.299947 0.289481 0.0104658 7 2 7 2
53711 53505 206 4 0.499993 0.474734 0.0252591 8 1 7 0
53898 53838 60 8 0.0999073 0.0913303 0.00857704 6 3 6 3
56459 56254 205 5 0.199955 0.176625 0.0233296 6 3 6 3
56637 56508 129 1 0.099941 0.083428 0.016513 9 0 9 0
57889 57548 341 6 0.399996 0.355835 0.0441618 6 3 6 3
58410 58295 115 3 0.399913 0.385475 0.0144379 6 3 6 3
59171 58991 180 2 0.499986 0.47388 0.0261053 9 0 9 0
59623 59222 401 7 0.0999126 0.0515518 0.0483609 6 3 6 3
