829 732 97 4 0.899963 0.886909 0.0130533 7 0 7 0
953 777 176 0 0.899966 0.878121 0.0218442 6 0 6 0
1900 1669 231 7 0.799918 0.773311 0.0266073 5 2 5 2
2490 2437 53 6 0.699933 0.693456 0.00647666 7 1 7 1
2570 2402 168 2 0.699967 0.674768 0.0251993 8 1 8 1
2707 2374 333 3 0.699994 0.66065 0.0393446 5 2 5 2
3378 3274 104 5 0.59997 0.586856 0.0131146 6 3 6 3
3524 3471 53 7 0.899792 0.89106 0.00873218 4 5 0 3
4353 4093 260 8 0.499998 0.467618 0.0323793 6 3 6 3
5966 5787 179 1 0.299969 0.278196 0.0217729 8 1 8 1
6573 6318 255 4 0.399982 0.369222 0.0307594 8 1 8 1
6665 6490 175 0 0.399967 0.378648 0.0213191 7 2 7 2
7697 7384 313 9 0.0999661 0.0636168 0.0363493 6 3 6 3
8845 8676 169 6 0.399938 0.380518 0.0194205 6 3 6 3
8981 8752 229 2 0.39995 0.372527 0.0274231 5 4 5 4
11136 10803 333 3 0.199943 0.160349 0.0395942 6 3 6 3
11752 11558 194 8 0.399925 0.376915 0.0230098 6 3 6 3
11772 11495 277 7 0.0999944 0.0645987 0.0353957 6 3 6 3
11974 11760 214 5 0.199985 0.17358 0.0264047 6 3 6 3
14508 14267 241 0 0.399948 0.371015 0.0289328 6 3 6 3
14898 14674 224 1 0.299941 0.273482 0.0264588 5 4 5 4
15395 15309 86 3 0.899903 0.887046 0.0128573 5 4 1 2
15922 15825 97 4 0.199813 0.184852 0.0149611 7 2 7 2
16599 16543 56 2 0.399981 0.39103 0.00895098 8 1 8 1
16788 16541 247 9 0.39998 0.370103 0.029877 7 2 6 2
18480 18124 356 7 0.699952 0.658697 0.0412545 7 2 5 1
19223 18847 376 6 0.0999919 0.0541171 0.0458748 4 5 4 5
19652 19345 307 8 0.399973 0.361608 0.0383653 5 4 5 4
19917 19598 319 0 0.699923 0.659815 0.0401082 5 4 4 4
20769 20658 111 3 0.399948 0.387747 0.0122011 6 3 6 3
21582 21236 346 5 0.299915 0.260421 0.0394936 8 1 8 1
23033 22887 146 1 0.399938 0.383006 0.0169314 6 3 6 3
23527 23373 154 4 0.499928 0.477412 0.0225165 6 3 6 2
24120 24031 89 2 0.399998 0.386634 0.0133637 6 3 6 3
24487 24322 165 9 0.399978 0.380621 0.0193571 7 2 7 2
25188 24997 191 7 0.399946 0.377349 0.0225964 5 4 5 3
25693 25550 143 6 0.699943 0.682502 0.0174407 5 4 4 2
26583 26530 53 3 0.599861 0.593526 0.00633532 7 2 7 2
26642 26331 311 8 0.499963 0.463358 0.0366047 7 2 7 1
28939 28884 55 1 0.599901 0.592078 0.0078229 9 0 8 0
29106 28748 358 5 0.4998 0.457231 0.0425689 7 2 7 2
29161 28783 378 0 0.0999949 0.052168 0.0478269 9 0 9 0
29194 28972 222 4 0.599976 0.573532 0.0264442 6 3 6 3
30461 30217 244 6 0.599969 0.570869 0.0290993 7 2 6 2
30752 30697 55 2 0.49993 0.492574 0.00735601 7 2 7 2
31498 31431 67 3 0.599944 0.59131 0.00863396 7 2 6 2
32034 31864 170 7 0.499982 0.480193 0.0197894 7 2 7 1
32365 32227 138 8 0.599948 0.578579 0.0213691 4 5 4 5
33173 32964 209 5 0.799957 0.776865 0.0230925 6 3 4 2
34543 34465 78 9 0.0998942 0.0907369 0.00915732 8 1 8 1
34618 34258 360 4 0.599986 0.556247 0.0437389 8 1 8 1
35602 35504 98 6 0.599919 0.587523 0.0123953 7 2 7 2
35941 35572 369 1 0.399901 0.357052 0.0428492 9 0 9 0
37461 37103 358 0 0.499923 0.456569 0.0433545 6 3 6 3
38273 38219 54 8 0.499908 0.492056 0.00785222 7 2 7 2
38337 38167 170 3 0.399912 0.380131 0.019781 6 3 6 3
38667 38370 297 7 0.499927 0.46631 0.0336171 7 2 7 2
39000 38666 334 2 0.29994 0.261122 0.0388182 7 2 7 2
41275 41168 107 1 0.699913 0.686733 0.0131796 7 2 5 2
41835 41535 300 5 0.099982 0.0645418 0.0354402 6 3 6 3
41848 41499 349 4 0.399944 0.355394 0.0445504 7 2 7 2
43216 43101 115 6 0.299942 0.284259 0.0156834 7 2 7 2
43267 43194 73 9 0.399992 0.391128 0.00886437 5 4 5 4
45413 45108 305 3 0.499929 0.463148 0.0367803 5 4 4 3
45933 45833 100 1 0.599999 0.586907 0.0130919 9 0 8 0
45936 45850 86 7 0.399941 0.388658 0.0112834 5 4 5 4
47349 47109 240 0 0.099988 0.0704386 0.0295494 5 4 5 4
47375 47072 303 8 0.199994 0.165319 0.0346747 6 3 6 3
47889 47784 105 4 0.599997 0.586201 0.0137959 6 3 6 3
48954 48700 254 2 0.199954 0.168525 0.0314286 5 4 5 4
49943 49824 119 5 0.499915 0.486122 0.0137931 6 3 6 3
50221 49878 343 9 0.499952 0.46052 0.0394324 4 5 4 5
50460 50300 160 6 0.499942 0.481466 0.0184757 7 2 7 2
51256 50991 265 3 0.599959 0.570103 0.0298557 4 5 3 4
52763 52621 142 1 0.399892 0.380362 0.0195306 5 4 5 4
53221 52974 247 4 0.599984 0.5726 0.0273838 6 3 6 3
54521 54423 98 0 0.599924 0.58755 0.0123738 7 2 7 2
56092 55758 334 8 0.399933 0.359603 0.0403304 7 2 7 2
56108 55810 298 7 0.0998148 0.0625483 0.0372665 8 1 8 1
57057 57004 53 5 0.399887 0.393547 0.00633943 7 2 7 2
57488 57321 167 9 0.399905 0.378488 0.0214168 7 2 7 2
58187 57989 198 2 0.29984 0.276568 0.0232721 8 1 8 1
59436 59231 205 6 0.199944 0.172575 0.0273689 5 4 5 4
59927 59619 308 3 0.199761 0.144964 0.0547977 8 1 8 1
