1743 1605 138 3 0.79978 0.781395 0.0183851 7 0 7 0
2481 2399 82 1 0.699908 0.686669 0.0132389 8 0 8 0
3336 3102 234 2 0.599961 0.572069 0.0278918 9 0 9 0
3385 3252 133 4 0.599941 0.581434 0.0185076 9 0 9 0
3479 3215 264 5 0.599918 0.569519 0.0303984 9 0 9 0
3627 3332 295 9 0.599996 0.562545 0.0374509 8 0 8 0
4270 4049 221 6 0.499865 0.474454 0.0254112 9 0 9 0
4311 4042 269 0 0.499947 0.468683 0.0312641 5 4 5 4
4355 4084 271 7 0.499958 0.469021 0.0309372 7 2 7 2
4887 4765 122 8 0.399915 0.383678 0.0162366 4 5 4 5
5187 5106 81 3 0.699999 0.690599 0.00939968 7 2 3 2
5986 5905 81 4 0.899946 0.888964 0.0109818 7 2 2 2
6553 6267 286 1 0.69991 0.664916 0.0349945 6 3 4 3
8131 7967 164 9 0.699771 0.680381 0.01939 7 1 7 1
8228 8084 144 4 0.799964 0.783989 0.0159743 8 1 6 0
9330 8963 367 3 0.699947 0.654177 0.0457702 9 0 8 0
9641 9424 217 5 0.499827 0.472284 0.0275427 8 1 8 1
10113 10060 53 2 0.399874 0.392978 0.0068953 8 1 8 1
11697 11341 356 6 0.399798 0.356702 0.0430962 9 0 9 0
11845 11511 334 8 0.499938 0.460424 0.039514 7 2 7 2
12435 12167 268 7 0.299842 0.266551 0.0332915 6 3 6 3
12690 12377 313 0 0.299964 0.264423 0.0355409 8 1 8 1
13823 13639 184 1 0.299933 0.278454 0.0214784 6 3 6 3
15784 15671 113 4 0.199975 0.185436 0.0145388 7 2 7 2
16784 16674 110 2 0.4999 0.486088 0.013812 7 2 6 2
17014 16897 117 9 0.0998931 0.0846418 0.0152514 7 2 7 2
17579 17337 242 3 0.199915 0.173067 0.0268479 7 2 7 2
18560 18424 136 6 0.499987 0.483464 0.0165231 5 4 4 4
19400 19266 134 5 0.0999937 0.0832759 0.0167178 6 3 6 3
20720 20439 281 7 0.399969 0.368195 0.0317734 6 3 6 3
20998 20673 325 8 0.199968 0.162136 0.0378315 5 4 5 4
21624 21570 54 0 0.29996 0.292386 0.00757477 6 3 6 3
22486 22202 284 2 0.599919 0.567841 0.0320777 6 3 5 3
22565 22512 53 1 0.299929 0.292424 0.0075048 4 5 4 5
24269 24033 236 4 0.399892 0.371732 0.0281601 6 3 4 3
24526 24254 272 3 0.59999 0.567556 0.0324342 4 5 4 5
25026 24908 118 9 0.499897 0.484917 0.0149802 5 4 5 4
26023 25692 331 6 0.399956 0.360816 0.039139 7 2 7 2
26212 25951 261 2 0.799965 0.768408 0.0315573 7 2 5 1
26475 26422 53 5 0.599828 0.592791 0.00703626 6 3 5 2
27016 26666 350 7 0.599959 0.559847 0.0401114 7 2 6 0
27870 27633 237 0 0.599934 0.572881 0.0270527 8 1 8 1
28771 28713 58 1 0.599922 0.591337 0.0085851 8 1 8 0
29760 29666 94 3 0.599904 0.589064 0.0108399 5 4 5 3
29787 29454 333 8 0.399906 0.360652 0.0392539 8 1 8 1
29884 29654 230 2 0.699985 0.672358 0.0276262 6 3 3 3
30631 30336 295 6 0.799917 0.765949 0.033968 8 1 4 0
31530 31228 302 0 0.79989 0.766519 0.033371 6 3 3 2
31650 31446 204 5 0.599894 0.574615 0.0252795 7 2 6 2
32021 31849 172 4 0.399987 0.378651 0.0213357 6 3 6 3
33739 33597 142 9 0.199999 0.180726 0.0192737 5 4 5 4
34153 33795 358 3 0.699783 0.656735 0.0430479 9 0 6 0
34634 34526 108 1 0.499898 0.486884 0.0130145 9 0 9 0
36383 36160 223 7 0.0999714 0.0700228 0.0299486 8 1 8 1
36642 36557 85 6 0.399943 0.389367 0.0105757 8 1 8 1
37554 37326 228 8 0.399929 0.372619 0.0273107 7 2 7 2
38056 37887 169 2 0.199911 0.179084 0.0208276 5 4 5 4
38493 38312 181 0 0.299912 0.275432 0.0244805 6 3 6 3
39982 39884 98 5 0.199962 0.187176 0.0127864 7 2 7 2
40726 40387 339 4 0.299949 0.260646 0.039303 6 3 6 3
40799 40546 253 3 0.399911 0.368749 0.0311619 6 3 5 3
42807 42465 342 1 0.299903 0.258364 0.0415393 7 2 7 2
43632 43567 65 7 0.59985 0.590786 0.00906468 6 3 5 3
44468 44255 213 6 0.399921 0.375648 0.0242735 7 2 7 2
44488 44288 200 8 0.499921 0.474606 0.0253158 8 1 8 1
44691 44635 56 9 0.0999349 0.0913681 0.00856675 7 2 7 2
45125 44838 287 0 0.599975 0.564973 0.0350019 5 4 5 4
46805 46455 350 2 0.399956 0.355451 0.044505 5 4 5 4
47667 47460 207 5 0.499902 0.477045 0.0228568 4 5 4 4
49136 48733 403 4 0.399999 0.347258 0.0527406 9 0 9 0
49389 49189 200 3 0.299948 0.275958 0.02399 6 3 6 3
49795 49411 384 0 0.699963 0.65305 0.0469124 5 4 5 4
50486 50347 139 7 0.3999 0.384619 0.0152811 6 3 6 2
52141 51940 201 6 0.399976 0.374129 0.0258466 7 2 7 2
52444 52382 62 5 0.68083 0.672881 0.00794848 8 1 8 0
52648 52568 80 1 0.172921 0.163924 0.00899715 8 1 8 1
52777 52480 297 9 0.499981 0.463667 0.0363141 6 3 6 2
53308 53001 307 8 0.199975 0.161131 0.0388445 8 1 8 1
53799 53518 281 2 0.499899 0.465952 0.0339468 7 2 7 2
55384 55070 314 4 0.599942 0.563547 0.0363947 7 2 7 2
56054 55741 313 3 0.599944 0.563445 0.0364985 6 3 4 3
57373 57097 276 0 0.29991 0.26836 0.0315507 5 4 5 4
57908 57714 194 1 0.799907 0.777461 0.0224458 9 0 4 0
58269 58036 233 5 0.499917 0.470606 0.0293109 5 4 5 4
59053 58846 207 7 0.299904 0.275042 0.024862 6 3 6 3
