824 744 80 8 0.899973 0.889012 0.0109615 7 0 7 0
1553 1500 53 4 0.799987 0.794158 0.00582976 7 0 7 0
1672 1540 132 1 0.799918 0.783903 0.0160151 7 0 7 0
2597 2544 53 9 0.699974 0.69321 0.00676379 7 1 7 1
2705 2373 332 7 0.69992 0.659219 0.0407015 9 0 9 0
3340 3264 76 2 0.599869 0.589383 0.010486 6 3 6 3
3343 3174 169 6 0.599826 0.581008 0.0188176 7 2 7 2
3485 3180 305 0 0.599918 0.561638 0.0382801 8 1 8 1
4348 4031 317 5 0.499906 0.461926 0.0379793 7 1 7 1
5224 4962 262 3 0.399937 0.366681 0.0332559 7 2 7 2
6593 6293 300 9 0.699993 0.664579 0.035414 7 2 6 2
6817 6698 119 1 0.499994 0.484742 0.0152528 7 2 7 2
7206 7063 143 8 0.299935 0.281021 0.0189141 6 3 6 3
7378 7325 53 4 0.399913 0.391803 0.00811036 6 3 6 3
8440 8288 152 2 0.599978 0.579581 0.0203965 8 1 7 1
8461 8240 221 5 0.799922 0.773509 0.0264127 8 1 4 0
9317 9137 180 6 0.499913 0.478807 0.0211055 6 3 5 3
11044 10715 329 7 0.199958 0.161052 0.0389064 9 0 9 0
11264 10952 312 0 0.299937 0.263398 0.0365395 8 1 8 1
12444 12202 242 1 0.599896 0.571494 0.0284027 8 1 7 1
12483 12106 377 9 0.499977 0.453656 0.0463209 7 2 7 2
14613 14318 295 8 0.499907 0.465083 0.0348242 5 4 5 4
15292 15190 102 5 0.299962 0.287785 0.0121773 6 3 6 3
15454 15133 321 2 0.399918 0.361055 0.0388627 8 1 7 1
15626 15250 376 3 0.0999508 0.056041 0.0439098 7 2 7 2
16112 15777 335 4 0.299914 0.26007 0.0398433 6 3 6 3
17966 17913 53 6 0.199898 0.193219 0.00667868 5 4 5 4
17972 17597 375 1 0.599827 0.554604 0.0452233 7 2 5 2
18297 18148 149 9 0.59996 0.582421 0.0175393 5 4 4 4
20219 20163 56 8 0.599904 0.592959 0.00694487 9 0 7 0
20313 20136 177 0 0.299967 0.277801 0.0221664 6 3 6 3
20514 20300 214 7 0.299944 0.273834 0.02611 7 2 7 2
21595 21489 106 5 0.599953 0.586221 0.0137315 7 2 6 1
23309 23099 210 2 0.39993 0.374133 0.0257973 4 5 4 5
23721 23562 159 8 0.799929 0.780519 0.0194101 7 2 3 2
23722 23611 111 3 0.499906 0.484614 0.0152918 6 3 5 3
24214 23869 345 1 0.499933 0.45937 0.0405628 8 1 7 1
24373 24099 274 4 0.399911 0.366589 0.0333222 7 2 7 2
25268 24960 308 9 0.399988 0.361584 0.0384041 6 3 6 3
26453 26265 188 6 0.399993 0.374868 0.0251246 5 4 5 4
26727 26586 141 0 0.599978 0.581077 0.0189018 6 3 6 3
26768 26711 57 7 0.599912 0.590774 0.00913721 4 5 4 5
29245 29123 122 5 0.3 0.284655 0.0153451 7 2 7 2
30016 29958 58 3 0.499845 0.49238 0.0074646 8 1 8 1
30143 30010 133 2 0.499999 0.482413 0.0175856 9 0 9 0
30521 30435 86 8 0.299959 0.287702 0.0122573 7 2 7 2
31704 31394 310 1 0.399983 0.363722 0.036261 5 4 5 4
32164 31924 240 4 0.399896 0.36753 0.0323668 5 4 5 4
32787 32531 256 0 0.499906 0.468439 0.0314673 5 4 5 4
33430 33355 75 7 0.399901 0.389796 0.0101051 6 3 5 2
34071 33707 364 9 0.299905 0.255386 0.0445192 7 2 6 2
35237 34913 324 6 0.299975 0.261384 0.038591 6 3 5 3
35373 35143 230 8 0.799959 0.773614 0.0263452 7 2 5 1
36423 36224 199 3 0.499929 0.474282 0.0256469 7 2 6 2
36680 36327 353 5 0.499968 0.460486 0.0394826 9 0 8 0
36813 36760 53 1 0.699913 0.691528 0.00838408 6 3 6 3
38263 37989 274 2 0.299931 0.266608 0.0333227 5 4 5 4
38402 38349 53 0 0.599975 0.593643 0.00633117 7 2 6 2
40001 39777 224 4 0.399909 0.372548 0.0273612 6 3 6 3
40413 40097 316 7 0.499931 0.462774 0.037157 9 0 7 0
42169 42115 54 8 0.299908 0.29317 0.006738 6 3 6 3
43044 42761 283 3 0.499908 0.467989 0.0319191 7 2 7 1
43384 43310 74 0 0.599899 0.588184 0.0117154 7 2 5 2
43390 43055 335 1 0.399899 0.35963 0.0402695 7 2 7 2
44740 44447 293 9 0.0998909 0.0654891 0.0344017 6 3 6 3
44756 44661 95 2 0.599953 0.587591 0.0123611 5 4 5 4
45238 44894 344 6 0.199913 0.158406 0.0415061 6 3 6 3
45721 45473 248 5 0.199933 0.170212 0.029721 8 1 8 1
48467 48405 62 7 0.299932 0.293057 0.00687473 6 3 6 3
48618 48439 179 4 0.299916 0.276527 0.0233887 7 2 6 2
50451 50026 425 8 0.399933 0.34445 0.055483 7 2 6 2
51449 51394 55 2 0.399974 0.392649 0.00732562 7 2 7 2
52071 51714 357 0 0.199948 0.156937 0.0430117 8 1 8 1
52112 51922 190 3 0.199903 0.176154 0.0237494 7 2 7 2
53712 53393 319 1 0.0998999 0.0622096 0.0376903 8 1 8 1
54563 54478 85 6 0.299989 0.288297 0.0116914 7 2 7 2
54581 54362 219 9 0.29999 0.272732 0.0272587 5 4 5 4
56779 56571 208 5 0.0999713 0.0731839 0.0267874 4 5 4 5
58280 58111 169 8 0.399929 0.381156 0.0187728 8 1 8 1
58380 58159 221 2 0.499939 0.473064 0.0268758 3 6 3 6
58410 58267 143 4 0.199956 0.183972 0.0159847 8 1 8 1
59092 58815 277 7 0.0999093 0.0667056 0.0332037 8 1 8 1
59815 59681 134 0 0.499964 0.483193 0.0167713 5 4 4 4
