1060 807 253 3 0.899903 0.869285 0.0306171 4 0 4 0
2780 2440 340 4 0.69996 0.659909 0.0400506 8 0 8 0
3043 2973 70 2 0.596477 0.587296 0.0091812 9 0 9 0
3299 3120 179 5 0.5999 0.576215 0.0236856 9 0 9 0
3644 3317 327 9 0.59994 0.560893 0.039047 9 0 9 0
4050 3996 54 6 0.499906 0.493405 0.00650129 7 2 7 2
4137 4031 106 8 0.499938 0.488286 0.0116511 7 2 7 2
4300 3961 339 1 0.499905 0.459207 0.0406973 5 3 5 3
4956 4882 74 3 0.599995 0.586122 0.0138733 5 3 4 3
5061 4994 67 0 0.399948 0.390601 0.0093474 4 5 4 5
5217 4922 295 7 0.399891 0.364932 0.0349596 5 4 5 4
7303 7225 78 2 0.699814 0.687656 0.0121579 6 3 4 3
7914 7589 325 4 0.59991 0.561279 0.0386313 9 0 6 0
7995 7851 144 8 0.799974 0.782206 0.0177684 6 3 5 3
8964 8782 182 9 0.599971 0.577743 0.0222283 8 1 6 1
9212 9159 53 0 0.799842 0.792698 0.007144 6 3 5 0
9430 9095 335 5 0.499996 0.457963 0.0420333 8 1 7 1
10864 10676 188 1 0.49998 0.478392 0.0215879 6 3 6 3
11111 10851 260 3 0.499919 0.468889 0.0310302 9 0 9 0
11769 11712 57 0 0.799987 0.791134 0.0088534 6 3 5 2
12175 11918 257 7 0.499872 0.466846 0.0330266 7 2 7 2
12796 12701 95 2 0.499954 0.488288 0.0116659 7 2 7 2
13038 12771 267 6 0.199962 0.168083 0.0318786 5 4 5 4
14163 13896 267 4 0.499766 0.465049 0.0347177 7 2 6 2
15163 14766 397 8 0.299952 0.249832 0.0501191 6 3 6 3
15959 15711 248 9 0.399914 0.371675 0.0282385 6 3 6 3
16912 16734 178 0 0.499892 0.47725 0.0226423 6 3 5 3
17212 16937 275 7 0.699964 0.664798 0.0351659 5 4 4 3
18300 18007 293 1 0.399987 0.36403 0.0359568 7 2 6 2
19145 18945 200 6 0.699905 0.674979 0.0249257 6 3 6 3
19276 18967 309 3 0.299962 0.262675 0.0372876 8 1 7 1
19280 19183 97 5 0.0999923 0.0869658 0.0130266 3 6 2 6
20857 20710 147 2 0.299992 0.282685 0.0173071 5 4 4 4
21521 21393 128 4 0.399978 0.382291 0.0176868 8 1 7 1
23153 23011 142 8 0.399998 0.382996 0.0170028 5 4 5 2
23724 23650 74 7 0.399848 0.389223 0.0106252 7 2 7 2
23782 23503 279 9 0.399921 0.367561 0.03236 7 2 6 2
24155 24060 95 0 0.399925 0.386869 0.0130557 8 1 8 1
24297 24128 169 1 0.59983 0.577968 0.021862 4 5 4 5
26427 26299 128 6 0.299902 0.282725 0.0171774 5 4 5 4
26736 26389 347 3 0.499929 0.460198 0.039731 6 3 6 3
27623 27487 136 0 0.899912 0.884833 0.0150783 8 1 2 0
28181 27969 212 2 0.499972 0.475446 0.0245262 5 4 5 4
28362 28228 134 4 0.499992 0.485204 0.0147879 6 3 5 3
29231 28893 338 5 0.299897 0.262089 0.037808 5 4 5 4
30867 30607 260 8 0.399949 0.368575 0.0313744 7 2 7 2
31296 31076 220 7 0.399897 0.371684 0.0282123 9 0 8 0
31935 31844 91 1 0.299968 0.289163 0.0108056 7 2 7 2
34012 33924 88 9 0.0999962 0.0903251 0.00967111 6 3 6 3
34242 33962 280 3 0.399993 0.364306 0.0356876 8 1 8 1
34677 34616 61 4 0.499936 0.490954 0.00898217 6 3 6 3
35421 35239 182 6 0.299949 0.277762 0.0221876 8 1 8 1
35860 35584 276 0 0.0998928 0.0661728 0.03372 6 3 6 3
36354 36165 189 2 0.29991 0.276435 0.0234754 5 4 5 4
37602 37288 314 5 0.399925 0.362301 0.0376241 5 4 5 4
39174 38840 334 7 0.399932 0.361288 0.0386442 5 4 5 4
39504 39336 168 8 0.299931 0.280064 0.0198668 9 0 9 0
39976 39836 140 1 0.399908 0.381435 0.0184736 5 4 5 4
41033 40919 114 3 0.499989 0.485099 0.0148899 6 3 6 3
42673 42524 149 4 0.2999 0.282419 0.017481 7 2 7 2
42812 42664 148 9 0.399867 0.380212 0.0196556 8 1 8 1
43695 43402 293 6 0.399974 0.367638 0.0323361 5 4 5 4
44392 44273 119 2 0.399984 0.386254 0.01373 6 3 6 3
44783 44685 98 0 0.399913 0.388998 0.0109144 9 0 8 0
45401 45138 263 7 0.599943 0.570108 0.0298347 9 0 7 0
45614 45267 347 5 0.399915 0.357636 0.0422793 6 3 6 3
47437 47272 165 3 0.499909 0.478912 0.0209968 6 3 6 3
47721 47368 353 8 0.399972 0.355476 0.0444968 4 5 4 5
50031 49937 94 1 0.0998918 0.0874479 0.0124439 8 1 8 1
50357 50299 58 2 0.599983 0.591049 0.00893396 6 3 6 3
50688 50621 67 0 0.599983 0.5899 0.010083 8 1 7 1
50721 50436 285 4 0.399993 0.365965 0.0340272 7 2 7 2
50757 50410 347 6 0.499941 0.456544 0.0433973 7 2 7 2
51555 51294 261 7 0.49999 0.469449 0.0305418 5 4 5 4
52523 52370 153 5 0.499905 0.480363 0.0195416 6 3 6 3
53162 52840 322 9 0.0999653 0.0634071 0.0365582 6 3 6 3
53989 53683 306 8 0.599946 0.565223 0.0347232 5 4 4 4
54732 54504 228 3 0.399973 0.374774 0.0251992 7 2 7 2
56380 56271 109 7 0.699967 0.687907 0.0120606 6 3 5 2
56566 56502 64 0 0.499993 0.491956 0.0080371 8 1 8 1
56987 56932 55 6 0.499913 0.491688 0.00822564 5 4 4 4
57791 57737 54 2 0.299947 0.292109 0.00783797 6 3 6 3
59292 59107 185 8 0.599975 0.576572 0.0234033 7 2 7 2
59355 59089 266 4 0.299963 0.268407 0.031556 7 2 7 2
59993 59682 311 5 0.39995 0.364779 0.0351707 7 2 7 2
