875 732 143 9 0.899917 0.883771 0.0161461 7 0 7 0
881 779 102 6 0.899963 0.887269 0.0126933 4 0 4 0
1739 1582 157 5 0.799925 0.77917 0.020755 7 1 7 1
1826 1612 214 3 0.79991 0.771484 0.0284264 7 1 7 1
2520 2408 112 0 0.699965 0.685052 0.0149129 9 0 9 0
2520 2446 74 1 0.699877 0.689787 0.0100896 5 1 5 1
3376 3234 142 2 0.599787 0.57811 0.0216772 6 2 6 2
5088 4834 254 4 0.399939 0.369781 0.0301579 8 1 8 1
5404 5123 281 5 0.699929 0.667743 0.0321855 8 0 7 0
5527 5373 154 6 0.499962 0.481981 0.0179811 8 1 8 1
5801 5738 63 8 0.299894 0.29057 0.00932432 7 2 7 2
6887 6642 245 7 0.199877 0.171164 0.0287129 7 2 7 2
7042 6985 57 3 0.499983 0.492745 0.00723776 7 2 7 2
7194 7092 102 9 0.299982 0.287635 0.0123469 8 1 8 1
9655 9590 65 0 0.299987 0.290034 0.00995274 7 2 7 2
9968 9633 335 1 0.299966 0.25978 0.0401861 5 4 5 4
10390 10022 368 2 0.399845 0.354602 0.0452432 6 3 6 3
11958 11905 53 9 0.784661 0.776872 0.00778934 5 4 1 3
11970 11651 319 5 0.399943 0.362143 0.0378003 6 3 4 3
12722 12669 53 6 0.399972 0.391954 0.00801861 6 3 6 3
14563 14259 304 4 0.1998 0.163339 0.0364615 7 2 7 2
15368 15274 94 8 0.199978 0.187093 0.0128841 7 2 7 2
15538 15279 259 7 0.399946 0.368649 0.0312971 8 1 8 1
15989 15657 332 3 0.19994 0.160998 0.0389421 6 3 6 3
16653 16272 381 2 0.599827 0.552293 0.0475337 9 0 8 0
19727 19598 129 1 0.199904 0.184373 0.0155304 7 2 7 2
19831 19516 315 9 0.199906 0.163098 0.036808 9 0 9 0
20102 19973 129 0 0.0999104 0.0828429 0.0170675 8 1 8 1
20674 20290 384 5 0.299888 0.255327 0.0445608 9 0 9 0
23059 22704 355 6 0.0999899 0.0580617 0.0419282 7 2 7 2
24821 24605 216 4 0.199946 0.172779 0.0271672 9 0 8 0
25363 25092 271 2 0.199951 0.166639 0.0333118 6 3 6 3
25700 25643 57 7 0.0999913 0.0922105 0.00778073 7 2 7 2
26083 26026 57 3 0.199941 0.192714 0.00722707 7 2 7 2
26167 25983 184 8 0.0999757 0.0789779 0.0209978 6 3 6 3
28584 28467 117 1 0.299959 0.284623 0.015336 3 6 3 6
29576 29521 55 0 0.299974 0.291722 0.00825208 4 5 4 5
30172 29972 200 9 0.199931 0.175483 0.0244481 5 4 5 4
30572 30282 290 5 0.199922 0.165753 0.0341691 4 5 4 5
33767 33519 248 7 0.499904 0.472394 0.0275096 8 1 7 1
34279 34044 235 4 0.299989 0.271419 0.0285693 7 2 7 2
34404 34092 312 8 0.499893 0.462713 0.0371791 8 1 7 1
34643 34471 172 2 0.299977 0.276837 0.02314 6 3 5 3
34775 34456 319 6 0.0999546 0.0611885 0.0387661 6 3 6 3
36356 36029 327 3 0.199976 0.159417 0.0405594 6 3 6 3
36828 36472 356 1 0.39997 0.355904 0.0440663 4 5 4 5
37816 37684 132 9 0.499924 0.482435 0.0174896 7 2 7 2
39196 39083 113 0 0.199937 0.183787 0.0161492 5 4 5 4
40055 39829 226 5 0.299922 0.271587 0.0283344 7 2 7 2
40250 39918 332 8 0.599997 0.559604 0.0403924 7 2 6 2
41124 40929 195 7 0.399958 0.376632 0.0233259 7 2 7 2
41180 41018 162 2 0.599947 0.581243 0.0187034 7 2 6 2
41401 41128 273 6 0.699907 0.666849 0.0330582 8 1 5 1
43187 43100 87 4 0.299958 0.287859 0.0120993 4 5 4 5
44777 44522 255 1 0.399924 0.369014 0.0309102 8 1 8 1
45288 44947 341 0 0.69989 0.660551 0.0393392 8 1 8 1
46110 45771 339 9 0.299922 0.257128 0.042794 6 3 6 3
46219 45656 563 3 0.299762 0.223269 0.0764924 5 4 5 4
46277 46217 60 2 0.577835 0.569354 0.00848102 6 3 5 3
47066 46974 92 8 0.39997 0.386151 0.0138188 6 3 6 3
47983 47868 115 7 0.499844 0.484665 0.0151792 5 4 5 4
48909 48664 245 6 0.299947 0.271446 0.0285005 7 2 7 2
49511 49458 53 4 0.599835 0.593599 0.00623609 8 1 7 1
49749 49653 96 5 0.199986 0.187801 0.0121845 5 4 5 4
50443 50067 376 0 0.599955 0.557364 0.0425901 7 2 6 2
50893 50610 283 2 0.69999 0.665824 0.0341658 4 5 4 4
51989 51779 210 7 0.799938 0.774293 0.0256454 5 4 4 3
52734 52388 346 1 0.399876 0.357658 0.0422175 7 2 7 2
53170 52900 270 8 0.599973 0.566539 0.0334347 6 3 5 3
53317 53231 86 9 0.499956 0.488516 0.0114403 6 3 6 3
55657 55597 60 2 0.599932 0.591263 0.00866848 7 2 7 2
56327 56058 269 3 0.199905 0.165722 0.0341826 7 2 6 2
57021 56899 122 6 0.399769 0.386019 0.0137495 8 1 8 0
57907 57753 154 4 0.199933 0.1827 0.0172325 8 1 8 1
58421 58041 380 0 0.299918 0.252761 0.0471565 8 1 8 1
59886 59549 337 9 0.499925 0.462155 0.0377699 6 3 6 3
59991 59674 317 7 0.19981 0.162555 0.0372543 4 5 4 5
