825 755 70 5 0.899963 0.889971 0.00999184 6 0 6 0
2617 2431 186 1 0.699892 0.677388 0.0225038 8 0 8 0
2619 2503 116 0 0.699967 0.685301 0.014666 8 0 8 0
2794 2439 355 7 0.699935 0.658128 0.0418067 9 0 9 0
3318 3185 133 2 0.599901 0.58107 0.0188312 8 1 8 1
4280 4062 218 4 0.499897 0.475926 0.0239711 5 2 5 2
4900 4847 53 9 0.39995 0.393204 0.00674571 7 2 7 2
5211 4950 261 8 0.399897 0.369469 0.0304277 7 2 7 2
5854 5713 141 6 0.299872 0.282719 0.0171529 8 1 8 1
5894 5795 99 3 0.299996 0.286922 0.0130738 6 3 6 3
8028 7853 175 5 0.199963 0.178408 0.0215559 7 2 7 2
8531 8383 148 7 0.499937 0.475542 0.0243949 6 3 6 3
9243 8942 301 1 0.399934 0.362963 0.0369714 7 2 6 2
9262 8917 345 4 0.699812 0.657538 0.0422744 6 3 5 3
9489 9202 287 2 0.499996 0.4653 0.0346957 6 3 6 3
9866 9754 112 0 0.29992 0.282463 0.0174572 3 6 3 6
10769 10679 90 9 0.599903 0.588084 0.0118197 3 6 1 6
11420 11166 254 3 0.699929 0.668852 0.0310779 5 4 3 3
12904 12706 198 1 0.899938 0.874624 0.0253133 5 4 5 2
14018 13963 55 4 0.599955 0.592502 0.00745276 7 2 7 2
14025 13583 442 6 0.399951 0.343137 0.0568143 5 4 5 4
14131 14013 118 7 0.599979 0.584134 0.0158449 7 2 6 2
14498 14200 298 2 0.699921 0.66345 0.0364714 9 0 6 0
14694 14430 264 3 0.799973 0.768772 0.0312004 7 2 4 1
15862 15464 398 8 0.0999621 0.0501428 0.0498193 5 4 5 4
18163 17832 331 0 0.399984 0.360827 0.039157 6 3 5 2
18227 18056 171 5 0.199944 0.179425 0.0205197 7 2 7 2
18435 18262 173 1 0.399908 0.378293 0.021615 7 2 7 2
20099 19935 164 9 0.099909 0.0800053 0.0199037 5 4 5 4
21916 21641 275 2 0.299995 0.267238 0.032757 9 0 9 0
22553 22180 373 3 0.199974 0.152026 0.0479485 5 4 5 4
22555 22502 53 7 0.19981 0.192361 0.00744925 7 2 7 2
22758 22536 222 6 0.299979 0.274568 0.0254105 9 0 9 0
22972 22811 161 4 0.099913 0.0799111 0.020002 7 2 7 2
24320 23981 339 8 0.499932 0.458843 0.0410896 7 2 6 2
26780 26601 179 0 0.299977 0.278476 0.0215009 7 2 7 2
27252 27192 60 2 0.699936 0.692314 0.00762242 9 0 5 0
27572 27432 140 5 0.299921 0.28163 0.0182917 7 2 7 2
28276 28075 201 9 0.499983 0.472767 0.0272162 6 3 6 3
28786 28489 297 1 0.0999179 0.063453 0.0364649 9 0 9 0
31144 30837 307 7 0.399806 0.362666 0.0371397 9 0 8 0
31939 31706 233 4 0.399922 0.372327 0.0275949 6 3 6 3
32046 31846 200 3 0.299977 0.276143 0.0238339 7 2 7 2
33530 33193 337 6 0.0997704 0.0602854 0.039485 7 2 7 2
34015 33931 84 0 0.499914 0.489695 0.0102189 7 2 6 2
34172 34001 171 8 0.0998928 0.0777075 0.0221852 6 3 6 3
35369 35187 182 2 0.199898 0.176863 0.023035 8 1 8 1
36588 36267 321 9 0.29999 0.260392 0.0395983 5 4 5 4
37698 37645 53 1 0.399899 0.391048 0.00885097 4 5 4 5
38385 38056 329 5 0.0999298 0.0591325 0.0407972 8 1 8 1
38445 38374 71 3 0.590545 0.582057 0.00848856 4 5 4 4
38709 38656 53 4 0.499868 0.492757 0.007111 5 4 5 3
40541 40456 85 7 0.199972 0.186787 0.0131848 8 1 8 1
41877 41574 303 6 0.499977 0.465039 0.0349382 6 3 6 3
42101 41864 237 0 0.299973 0.27303 0.0269431 8 1 8 1
42463 42142 321 8 0.499954 0.459631 0.0403228 8 1 7 1
43484 43273 211 4 0.699932 0.6736 0.0263314 8 1 5 1
43780 43554 226 1 0.599936 0.571103 0.0288328 7 2 6 2
45172 45035 137 3 0.399969 0.383595 0.0163739 7 2 7 2
45660 45460 200 2 0.199932 0.174567 0.0253651 6 3 6 3
45814 45401 413 9 0.29992 0.247923 0.0519977 8 1 8 1
47262 47209 53 5 0.399859 0.392687 0.0071719 8 1 8 1
48199 48093 106 7 0.499796 0.486631 0.0131659 8 1 8 1
48984 48853 131 8 0.499932 0.484069 0.0158625 6 3 6 3
51002 50787 215 6 0.199787 0.174062 0.0257253 6 3 6 3
51632 51429 203 1 0.299932 0.275781 0.024151 8 1 8 1
52164 51912 252 3 0.499977 0.467637 0.0323396 8 1 8 1
52549 52212 337 9 0.599993 0.558575 0.0414183 7 2 7 2
52664 52446 218 4 0.099958 0.0749353 0.0250227 5 4 5 4
52812 52622 190 0 0.0999084 0.078569 0.0213394 7 2 7 2
55255 54948 307 2 0.29993 0.26324 0.0366897 6 3 6 3
56308 56057 251 8 0.39996 0.371407 0.0285522 8 1 7 1
57192 56834 358 7 0.199893 0.157602 0.0422914 7 2 7 2
57538 57216 322 5 0.0999927 0.0625309 0.0374618 7 2 7 2
58809 58521 288 3 0.499926 0.466497 0.0334295 6 3 6 3
59631 59437 194 6 0.399937 0.375241 0.0246963 5 4 5 4
