1734 1573 161 8 0.799962 0.781605 0.0183569 9 0 9 0
1738 1546 192 4 0.799932 0.774864 0.0250674 8 0 8 0
2558 2450 108 7 0.699999 0.683754 0.0162449 9 0 9 0
3366 3310 56 5 0.599974 0.592103 0.00787026 8 1 8 1
3761 3459 302 4 0.899905 0.863636 0.0362694 9 0 5 0
4162 4076 86 9 0.49993 0.48874 0.0111905 8 1 8 1
4204 4144 60 6 0.499894 0.493303 0.00659111 7 2 7 2
4237 4099 138 0 0.499973 0.482177 0.0177954 8 1 8 1
4623 4300 323 8 0.799909 0.759444 0.0404652 9 0 7 0
5188 4908 280 2 0.399974 0.36605 0.0339241 9 0 9 0
6175 5859 316 5 0.899911 0.861994 0.0379168 9 0 4 0
6678 6389 289 7 0.699969 0.664277 0.0356921 7 2 6 2
6917 6568 349 3 0.199787 0.157779 0.042008 5 4 5 4
7636 7447 189 1 0.0999032 0.0767178 0.0231855 5 4 5 4
8351 8128 223 8 0.699953 0.67341 0.0265425 7 2 6 2
8799 8556 243 4 0.499925 0.470342 0.0295827 6 3 6 3
9532 9462 70 2 0.799894 0.790235 0.00965875 7 2 5 2
9679 9621 58 6 0.599768 0.592437 0.00733086 6 3 6 3
9786 9721 65 0 0.590007 0.583023 0.0069843 8 1 5 0
10092 9721 371 7 0.799891 0.756694 0.043197 8 1 5 1
10889 10836 53 5 0.499822 0.490774 0.00904881 6 3 5 3
12207 12010 197 9 0.299954 0.277482 0.0224722 7 2 7 2
13876 13733 143 3 0.599965 0.582016 0.0179492 9 0 8 0
14099 13858 241 0 0.699995 0.671525 0.0284702 8 1 7 1
14457 14158 299 4 0.599803 0.564232 0.0355711 7 2 7 2
14763 14535 228 2 0.499933 0.472888 0.0270446 7 2 7 2
15572 15306 266 7 0.499918 0.467445 0.0324729 8 1 8 1
15786 15506 280 6 0.499984 0.465605 0.034379 8 1 8 1
15823 15607 216 1 0.499967 0.473185 0.0267818 6 3 5 3
16486 16430 56 8 0.1999 0.191748 0.00815186 4 5 4 5
18065 17918 147 0 0.69989 0.682992 0.0168986 8 1 6 1
18384 18026 358 5 0.399897 0.356184 0.0437129 8 1 8 1
19762 19440 322 2 0.699993 0.661881 0.0381124 7 2 6 1
21128 20907 221 9 0.299976 0.271387 0.0285887 7 2 7 2
21389 21299 90 6 0.599908 0.58683 0.013078 8 1 8 1
21472 21342 130 3 0.299967 0.283019 0.016948 8 1 8 1
22277 22092 185 1 0.499978 0.477509 0.0224688 7 2 7 2
23039 22984 55 4 0.199977 0.19209 0.00788678 7 2 7 2
23242 23114 128 8 0.599941 0.585396 0.0145449 6 3 6 2
23644 23516 128 0 0.499915 0.48146 0.0184554 6 3 6 3
25390 25175 215 5 0.49979 0.474056 0.0257335 9 0 8 0
25483 25172 311 7 0.099943 0.0642605 0.0356825 6 3 6 3
25617 25349 268 2 0.499899 0.46857 0.0313286 7 2 7 2
25658 25563 95 6 0.699997 0.686872 0.0131251 6 3 5 3
27714 27466 248 0 0.79991 0.770745 0.0291645 6 3 5 2
27748 27477 271 9 0.599947 0.56874 0.0312072 8 1 6 1
28236 28028 208 4 0.799991 0.775852 0.0241389 8 1 5 0
29271 29137 134 8 0.499929 0.483465 0.0164634 6 3 5 3
29727 29496 231 2 0.799989 0.770792 0.0291972 7 2 7 1
