1605 1518 87 9 0.799852 0.788211 0.011641 9 0 9 0
1797 1576 221 5 0.799911 0.768542 0.0313686 9 0 9 0
1899 1644 255 3 0.799923 0.769525 0.0303974 8 0 8 0
2433 2378 55 4 0.699952 0.692501 0.00745081 6 2 6 2
2450 2396 54 0 0.699941 0.692981 0.00696001 6 2 6 2
2588 2389 199 6 0.699947 0.677201 0.0227462 8 1 8 1
4889 4714 175 6 0.899953 0.878749 0.0212039 9 0 5 0
5049 4883 166 8 0.399921 0.380628 0.0192924 9 0 9 0
5186 4867 319 7 0.399924 0.361288 0.0386354 8 0 7 0
5188 4843 345 2 0.399915 0.358247 0.0416677 9 0 9 0
5244 4981 263 9 0.699993 0.66653 0.0334636 9 0 8 0
5447 5334 113 3 0.699967 0.684785 0.0151817 8 1 7 1
6092 6000 92 5 0.599894 0.587575 0.0123187 8 1 8 1
6191 6136 55 0 0.699823 0.691168 0.00865506 6 3 6 3
6947 6625 322 1 0.2 0.16209 0.0379096 4 5 4 5
9312 9069 243 0 0.799909 0.768259 0.0316495 7 2 6 2
9457 9139 318 9 0.699977 0.662581 0.0373962 9 0 5 0
9514 9369 145 4 0.299894 0.281426 0.0184684 7 2 7 2
10455 10128 327 8 0.699931 0.658584 0.041347 7 2 5 2
11192 10860 332 3 0.499919 0.461826 0.0380931 6 3 5 3
12193 11941 252 2 0.499886 0.470184 0.0297021 6 3 6 3
12793 12540 253 9 0.79999 0.770533 0.0294563 8 1 5 1
12969 12838 131 6 0.0999203 0.0826136 0.0173067 6 3 6 3
13023 12845 178 7 0.399897 0.379818 0.0200785 5 4 5 4
13884 13711 173 1 0.599914 0.577906 0.0220082 5 4 4 3
13914 13570 344 5 0.299956 0.256561 0.0433948 7 2 7 2
15741 15430 311 9 0.79997 0.763477 0.0364927 9 0 2 0
16304 16198 106 0 0.299914 0.284943 0.0149708 4 5 4 5
17049 16898 151 8 0.399961 0.38336 0.0166011 5 4 5 4
17562 17456 106 3 0.499986 0.486192 0.0137942 5 4 5 4
18386 18331 55 4 0.299984 0.292771 0.00721258 6 3 6 3
18499 18389 110 6 0.79991 0.786954 0.012956 8 1 5 1
19346 19037 309 2 0.399969 0.361109 0.0388602 8 1 7 1
20412 20087 325 9 0.59993 0.561955 0.0379749 7 2 7 2
20710 20545 165 7 0.399959 0.379399 0.02056 3 6 3 6
21316 21166 150 5 0.499953 0.480521 0.0194322 5 4 4 2
21681 21450 231 1 0.29996 0.273483 0.0264771 8 1 8 1
23068 22738 330 6 0.59997 0.562168 0.0378023 8 1 6 1
24321 24204 117 0 0.39985 0.382043 0.0178072 6 3 6 3
25020 24660 360 3 0.399945 0.3564 0.0435454 7 2 7 2
25054 24641 413 4 0.599935 0.548335 0.0515998 7 2 4 1
25723 25383 340 8 0.293542 0.253713 0.0398292 6 3 6 3
25934 25756 178 7 0.69995 0.678636 0.0213136 8 1 7 0
28066 27759 307 2 0.299952 0.26249 0.0374624 5 4 5 4
28919 28837 82 9 0.199951 0.189932 0.0100188 5 4 5 4
28926 28603 323 4 0.799999 0.762183 0.0378164 7 2 5 1
29152 29007 145 6 0.499938 0.482058 0.0178799 5 4 3 4
29472 29351 121 3 0.79997 0.786014 0.0139564 8 1 5 0
29565 29266 299 5 0.299967 0.266138 0.0338288 7 2 7 2
