850 797 53 7 0.899977 0.892393 0.0075842 3 0 3 0
984 819 165 4 0.899985 0.879328 0.0206567 7 0 7 0
1848 1625 223 0 0.799988 0.76992 0.0300683 7 2 7 2
2531 2454 77 9 0.699984 0.689043 0.0109405 6 1 6 1
2603 2322 281 2 0.699906 0.667066 0.0328405 8 1 8 1
3349 3079 270 5 0.59992 0.568201 0.0317189 7 1 7 1
4361 3999 362 6 0.499985 0.456416 0.0435688 8 1 8 1
4393 4075 318 3 0.499987 0.463447 0.0365391 7 1 7 1
4771 4488 283 0 0.799976 0.767214 0.0327624 9 0 5 0
5208 4875 333 8 0.399986 0.362165 0.0378203 8 1 8 1
6488 6362 126 4 0.39993 0.383099 0.0168309 7 2 6 2
6606 6517 89 1 0.199943 0.188878 0.0110655 6 3 6 3
7650 7335 315 2 0.599956 0.561667 0.0382887 7 2 6 2
7795 7657 138 5 0.69993 0.681775 0.0181541 9 0 6 0
7987 7778 209 7 0.199952 0.171864 0.028088 5 4 5 4
8947 8817 130 9 0.399975 0.384913 0.0150611 8 1 8 1
9976 9908 68 0 0.499918 0.490364 0.00955434 5 4 5 4
10708 10640 68 4 0.799891 0.791965 0.00792616 7 2 5 2
11125 10779 346 3 0.499882 0.459943 0.0399388 6 3 6 3
11467 11178 289 8 0.599904 0.566324 0.0335798 6 3 4 3
12158 11923 235 2 0.699909 0.673046 0.026863 8 1 6 1
12483 12171 312 7 0.899967 0.864774 0.0351925 6 3 4 0
12543 12395 148 6 0.299932 0.282418 0.0175133 6 3 6 3
14333 14064 269 8 0.89993 0.86801 0.0319193 8 1 5 0
14340 14136 204 5 0.399933 0.376271 0.0236617 7 2 7 2
14614 14511 103 0 0.699967 0.687034 0.0129324 8 1 7 1
14730 14369 361 2 0.899973 0.852903 0.0470704 8 1 4 0
14779 14690 89 9 0.599919 0.587282 0.0126371 7 2 7 2
15041 14775 266 1 0.399902 0.369876 0.0300258 7 2 7 2
16444 16386 58 7 0.599953 0.593582 0.00637111 5 4 5 4
16693 16544 149 4 0.399998 0.381803 0.0181944 5 4 5 4
16912 16672 240 3 0.599925 0.570492 0.0294326 6 3 6 3
19281 18946 335 9 0.699825 0.66124 0.0385842 8 1 6 1
19662 19511 151 2 0.499994 0.482995 0.0169994 7 2 6 2
19707 19654 53 6 0.499931 0.491199 0.00873172 6 3 6 3
20317 19983 334 0 0.499952 0.461347 0.0386042 9 0 7 0
20960 20623 337 7 0.699942 0.658356 0.0415861 7 2 6 1
21742 21528 214 8 0.199975 0.171753 0.0282215 6 3 6 3
23672 23579 93 5 0.199969 0.187133 0.0128359 8 1 7 1
24054 23654 400 3 0.399969 0.350809 0.0491596 7 2 6 2
24343 24004 339 4 0.399967 0.359157 0.0408092 6 3 6 3
24448 24395 53 6 0.669544 0.661734 0.00781035 8 1 7 1
25021 24761 260 9 0.499981 0.466993 0.0329879 7 2 7 2
25265 25046 219 2 0.599907 0.57159 0.028317 8 1 7 1
25520 25182 338 1 0.0999869 0.0618816 0.0381053 7 2 7 2
26819 26516 303 7 0.499961 0.465522 0.0344391 4 5 4 5
29493 29232 261 3 0.699994 0.669078 0.0309157 7 2 6 2
