797 725 72 4 0.89992 0.890326 0.00959446 3 0 3 0
832 734 98 6 0.899913 0.885421 0.014492 6 0 6 0
931 820 111 9 0.899924 0.88732 0.0126037 5 1 5 0
1074 774 300 5 0.899892 0.864783 0.0351091 5 0 5 0
1670 1518 152 2 0.799816 0.779076 0.0207402 4 0 4 0
2647 2375 272 3 0.699905 0.668965 0.0309396 7 0 7 0
3031 2921 110 6 0.799902 0.787262 0.0126402 8 1 7 1
3166 2887 279 4 0.799906 0.765508 0.0343986 7 0 7 0
3272 3183 89 1 0.59999 0.588303 0.0116869 8 1 8 1
3281 3216 65 8 0.59995 0.591509 0.00844048 5 3 5 3
3525 3281 244 0 0.599978 0.57113 0.0288486 7 1 7 1
4894 4722 172 6 0.899907 0.879453 0.0204534 9 0 4 0
5012 4695 317 9 0.599948 0.563739 0.0362091 5 4 5 4
5187 5045 142 5 0.59993 0.583086 0.0168443 8 0 5 0
6006 5713 293 7 0.299903 0.263736 0.0361669 4 5 4 5
7171 7030 141 6 0.799966 0.782338 0.017628 9 0 6 0
7460 7359 101 3 0.599909 0.587379 0.0125303 5 3 5 3
7693 7584 109 2 0.399932 0.387904 0.0120288 8 1 8 1
7777 7573 204 4 0.599866 0.575164 0.024702 6 2 6 2
9273 9216 57 8 0.499858 0.491832 0.0080261 4 4 4 4
9860 9807 53 1 0.399924 0.393475 0.00644956 6 3 6 3
10625 10307 318 0 0.399918 0.362945 0.0369725 6 3 6 3
11627 11403 224 6 0.599956 0.572393 0.0275627 9 0 8 0
12872 12625 247 5 0.299941 0.270476 0.0294643 7 2 7 2
12887 12622 265 9 0.29999 0.269692 0.0302983 9 0 9 0
12916 12632 284 2 0.699947 0.667228 0.0327192 8 1 5 1
13364 13299 65 3 0.49989 0.490648 0.0092419 7 2 7 2
15083 14838 245 7 0.299924 0.271242 0.0286825 8 1 8 1
15521 15314 207 4 0.299963 0.272895 0.0270675 8 1 8 1
17459 17199 260 8 0.299984 0.267736 0.0322479 9 0 9 0
17521 17381 140 1 0.399899 0.384205 0.0156945 4 5 4 5
17801 17462 339 6 0.499983 0.459492 0.0404912 7 2 6 2
18137 17988 149 3 0.699998 0.683566 0.0164319 7 2 5 1
18427 18286 141 0 0.399903 0.383118 0.0167848 6 3 6 3
21265 21078 187 3 0.799974 0.777186 0.0227876 7 2 5 1
21395 21015 380 2 0.199977 0.155705 0.0442714 7 2 7 2
21578 21397 181 7 0.599911 0.57854 0.0213712 7 2 7 1
21793 21684 109 5 0.299948 0.285297 0.0146512 6 3 6 3
21931 21671 260 6 0.799929 0.768778 0.031151 9 0 6 0
22036 21711 325 1 0.79999 0.761293 0.0386972 6 3 4 1
23476 23338 138 9 0.0999953 0.0845809 0.0154143 6 3 6 3
24716 24370 346 4 0.299946 0.258503 0.041443 8 1 8 1
24955 24628 327 8 0.499986 0.462186 0.0377993 6 3 5 3
26075 25949 126 0 0.399855 0.383642 0.0162133 6 3 6 3
27551 27486 65 7 0.499977 0.487913 0.0120643 5 4 4 4
27578 27223 355 1 0.499903 0.452857 0.0470462 6 3 5 2
27735 27354 381 2 0.699901 0.652029 0.0478725 4 5 4 3
28147 27904 243 6 0.399965 0.372214 0.0277516 8 1 7 1
29926 29666 260 3 0.099972 0.070263 0.029709 5 4 5 4
