845 792 53 0 0.899909 0.892531 0.0073784 6 0 6 0
984 833 151 9 0.899922 0.878109 0.0218127 6 1 6 0
986 707 279 4 0.89996 0.864977 0.0349832 5 0 5 0
1623 1502 121 7 0.799972 0.786671 0.0133011 7 1 7 1
1716 1583 133 3 0.79999 0.785076 0.0149138 5 1 5 1
1805 1497 308 6 0.799921 0.763084 0.0368372 5 1 5 1
2565 2436 129 2 0.699909 0.685728 0.0141811 6 2 6 2
2646 2343 303 1 0.699956 0.661513 0.0384427 7 1 7 1
4377 4057 320 8 0.499898 0.46048 0.0394184 7 2 7 2
4896 4822 74 9 0.599924 0.590973 0.00895093 8 0 7 0
5015 4733 282 5 0.399999 0.368317 0.0316821 8 1 8 1
6276 6049 227 6 0.59991 0.573406 0.0265033 6 2 6 2
6580 6352 228 0 0.399806 0.372351 0.0274548 6 3 6 3
6721 6572 149 1 0.699999 0.680557 0.0194418 7 2 6 2
7435 7218 217 2 0.599904 0.575113 0.0247912 8 1 7 1
8552 8370 182 3 0.299951 0.27896 0.0209904 7 2 7 2
8605 8264 341 4 0.199988 0.157894 0.0420939 7 1 7 1
9490 9151 339 7 0.199952 0.158412 0.0415407 9 0 9 0
10123 9827 296 9 0.599974 0.564595 0.0353789 8 1 8 1
10180 9967 213 8 0.599894 0.573034 0.0268605 5 4 4 4
11720 11374 346 1 0.599932 0.558426 0.0415066 7 2 7 2
11920 11852 68 5 0.499987 0.492351 0.00763639 7 2 5 2
13103 13033 70 6 0.399922 0.389684 0.0102382 5 4 5 4
13388 13312 76 0 0.499966 0.488906 0.01106 9 0 9 0
14458 14221 237 2 0.399971 0.370784 0.0291862 5 4 5 4
14900 14565 335 4 0.699995 0.662381 0.0376137 9 0 9 0
15107 14819 288 3 0.599914 0.566856 0.0330579 6 3 3 3
15644 15445 199 7 0.699902 0.674794 0.0251083 8 1 6 1
17033 16920 113 1 0.59995 0.585934 0.0140157 7 2 6 2
17189 16924 265 9 0.399969 0.367495 0.0324743 7 2 6 2
17230 16975 255 8 0.399969 0.366937 0.0330312 7 2 6 2
19041 18904 137 6 0.599956 0.582343 0.0176126 7 2 7 2
19130 18988 142 5 0.399959 0.380794 0.0191651 7 2 7 2
21164 21074 90 3 0.499981 0.485596 0.0143849 6 3 6 3
21454 21133 321 7 0.499955 0.460415 0.0395406 6 3 5 3
21506 21277 229 0 0.299982 0.273885 0.0260966 8 1 8 1
21672 21478 194 8 0.799895 0.774462 0.0254325 8 1 4 1
22135 22082 53 1 0.599847 0.592362 0.00748481 8 1 6 1
22272 22143 129 4 0.299968 0.282698 0.0172694 8 1 8 1
22959 22751 208 2 0.299947 0.272877 0.0270704 6 3 6 3
24833 24686 147 9 0.399965 0.381987 0.017978 7 2 7 2
25917 25719 198 6 0.399965 0.376176 0.0237894 8 1 8 1
26920 26559 361 3 0.599941 0.55351 0.0464308 7 2 7 2
27452 27398 54 5 0.299987 0.291226 0.00876187 6 3 6 3
28815 28661 154 7 0.399923 0.382992 0.0169311 8 1 8 1
28993 28591 402 0 0.499943 0.452342 0.0476009 8 1 8 1
29077 29003 74 8 0.199832 0.190255 0.0095772 8 1 8 1
29917 29658 259 1 0.299932 0.268296 0.0316352 6 3 6 3
