906 718 188 4 0.89992 0.878893 0.0210275 5 0 5 0
2432 2378 54 8 0.699997 0.692408 0.00758864 5 1 5 1
2499 2346 153 6 0.69992 0.682659 0.0172607 8 0 8 0
2503 2415 88 1 0.699977 0.688288 0.0116894 8 1 8 1
2541 2374 167 0 0.699959 0.680529 0.0194305 8 0 8 0
3266 3179 87 2 0.6 0.587819 0.0121809 6 1 6 1
4077 4024 53 5 0.499991 0.493935 0.00605614 8 1 8 1
4090 3984 106 7 0.499928 0.486552 0.0133766 7 1 7 1
5067 4888 179 3 0.399925 0.377233 0.0226917 4 5 4 5
6447 6276 171 4 0.399965 0.381164 0.0188011 6 3 6 3
6841 6497 344 9 0.199993 0.159068 0.0409242 8 1 8 1
7247 7191 56 0 0.599997 0.59231 0.00768696 7 2 6 2
8142 7781 361 8 0.499999 0.457701 0.0422974 6 3 6 3
8904 8665 239 7 0.69992 0.672014 0.0279055 7 2 6 1
8961 8821 140 1 0.399898 0.382818 0.0170804 7 2 6 2
9020 8751 269 6 0.399971 0.366117 0.0338537 8 1 7 1
10329 10161 168 3 0.699938 0.680378 0.0195591 4 5 3 3
11335 11128 207 5 0.399981 0.376164 0.0238176 5 4 5 4
11794 11609 185 2 0.199922 0.175235 0.0246875 6 3 6 3
13115 12749 366 8 0.699984 0.655607 0.0443764 7 2 7 2
13270 13194 76 6 0.799962 0.791547 0.00841468 9 0 6 0
14694 14493 201 9 0.499998 0.476867 0.0231318 8 1 8 1
14962 14651 311 0 0.299999 0.262342 0.0376573 6 3 6 3
15413 15269 144 7 0.399963 0.381698 0.0182646 8 1 8 1
15990 15651 339 4 0.199836 0.156066 0.0437704 8 1 8 1
16455 16390 65 5 0.69999 0.688891 0.0110989 8 1 7 1
16885 16707 178 3 0.399973 0.380202 0.0197708 7 2 7 2
17273 17012 261 8 0.699911 0.670165 0.0297465 7 2 5 2
17390 17282 108 1 0.299895 0.287933 0.0119614 5 4 5 4
17787 17638 149 9 0.899984 0.878416 0.0215681 8 1 2 0
20237 19908 329 6 0.299988 0.259986 0.0400019 8 1 8 1
20393 20048 345 2 0.399958 0.361279 0.0386789 7 2 7 2
21436 21110 326 3 0.799951 0.759872 0.0400792 8 1 4 0
21750 21655 95 9 0.59996 0.589424 0.0105366 6 3 6 3
22110 21906 204 5 0.499901 0.475532 0.0243687 6 3 6 3
22212 21987 225 7 0.499997 0.472701 0.0272961 7 2 7 2
22391 22099 292 0 0.499969 0.466701 0.0332677 8 1 8 1
23726 23610 116 4 0.499962 0.485916 0.0140452 6 3 6 3
23865 23570 295 8 0.399968 0.365091 0.0348771 5 4 4 4
26143 26080 63 1 0.299946 0.293025 0.00692111 8 1 8 1
26855 26592 263 3 0.499902 0.469385 0.0305171 9 0 8 0
26878 26704 174 5 0.699898 0.677409 0.0224892 8 1 8 1
26880 26625 255 6 0.599948 0.56931 0.0306376 9 0 7 0
26984 26760 224 7 0.699857 0.672848 0.0270092 7 2 7 2
27581 27466 115 9 0.499961 0.484218 0.0157429 8 1 8 0
29388 29160 228 4 0.599999 0.570679 0.0293208 9 0 7 0
29707 29383 324 2 0.199989 0.161046 0.0389431 7 2 7 2
