835 765 70 7 0.899993 0.891053 0.00894015 4 0 4 0
1347 827 520 0 0.899925 0.839569 0.060356 3 0 3 0
1615 1521 94 2 0.799937 0.787402 0.0125346 4 1 4 1
2519 2414 105 3 0.699976 0.688176 0.0117999 8 1 8 1
2672 2366 306 6 0.699951 0.664191 0.0357598 7 0 7 0
4394 4061 333 8 0.499972 0.45838 0.041592 8 1 8 1
4442 4106 336 5 0.499916 0.460546 0.0393697 7 2 7 2
5008 4881 127 4 0.399915 0.385907 0.0140089 7 2 7 2
5040 4866 174 1 0.399937 0.379447 0.0204903 7 2 7 2
5513 5435 78 3 0.799902 0.790094 0.00980894 8 1 6 1
5664 5392 272 7 0.499925 0.467935 0.0319891 8 1 8 1
5966 5710 256 6 0.799899 0.768705 0.0311944 9 0 7 0
6555 6502 53 9 0.199959 0.192564 0.00739458 7 2 7 2
6579 6475 104 2 0.499965 0.486948 0.0130166 5 4 5 4
8147 7870 277 0 0.299985 0.267376 0.0326093 6 3 6 3
8754 8549 205 6 0.799907 0.774401 0.0255063 8 1 6 1
10661 10292 369 2 0.799932 0.75701 0.0429221 7 2 6 1
10786 10488 298 3 0.5 0.464241 0.0357585 9 0 9 0
10886 10812 74 4 0.599918 0.590926 0.00899191 7 2 7 2
11004 10839 165 5 0.499918 0.478132 0.0217857 5 4 5 4
11281 11061 220 7 0.599969 0.573828 0.0261418 6 3 6 3
11292 10957 335 1 0.599946 0.559172 0.0407742 8 1 8 1
13954 13839 115 9 0.499925 0.484724 0.0152015 7 2 7 2
14030 13860 170 6 0.499957 0.479226 0.0207308 8 1 8 1
14282 14221 61 8 0.0998603 0.0905484 0.00931189 8 1 8 1
15258 15084 174 2 0.599931 0.579116 0.0208147 8 1 8 0
16552 16376 176 1 0.599951 0.578896 0.0210542 7 2 6 1
17630 17469 161 4 0.39992 0.380425 0.0194951 8 1 8 1
17922 17869 53 0 0.199902 0.191089 0.00881327 6 3 6 2
18299 17988 311 7 0.399957 0.361056 0.038901 7 2 7 2
19085 18866 219 3 0.299783 0.271115 0.0286681 6 3 6 3
19088 18986 102 5 0.299986 0.288394 0.0115927 7 2 7 2
20401 20296 105 6 0.499972 0.485583 0.0143895 7 2 6 2
22885 22661 224 9 0.199991 0.172555 0.0274363 6 3 6 3
23208 22826 382 5 0.899872 0.851615 0.048257 9 0 7 0
23387 23214 173 1 0.399916 0.378496 0.0214201 5 4 5 4
23827 23621 206 2 0.199914 0.173671 0.0262431 7 2 7 2
23899 23532 367 4 0.599986 0.558341 0.0416457 7 2 7 2
24039 23842 197 8 0.299973 0.273731 0.0262413 6 3 6 3
24072 23768 304 3 0.799962 0.763821 0.0361415 5 4 4 1
26159 25939 220 7 0.399904 0.373503 0.0264012 7 2 7 2
27857 27578 279 3 0.699971 0.666876 0.0330959 6 3 5 1
27989 27936 53 0 0.199992 0.193339 0.00665353 8 1 8 1
28556 28365 191 6 0.29991 0.276417 0.0234929 6 3 6 3
28879 28823 56 5 0.399968 0.391975 0.00799292 8 1 8 1
29903 29622 281 9 0.599897 0.56578 0.0341164 6 3 6 2
