846 707 139 0 0.899979 0.880497 0.0194814 4 0 4 0
1607 1515 92 2 0.799892 0.788435 0.0114562 6 0 6 0
2506 2431 75 8 0.699971 0.688835 0.0111363 8 0 8 0
2508 2455 53 1 0.699789 0.691039 0.0087505 8 1 8 1
2685 2317 368 5 0.699992 0.653836 0.0461553 7 0 7 0
3402 3220 182 6 0.599949 0.57958 0.0203691 9 0 9 0
3498 3240 258 4 0.599908 0.569558 0.0303504 6 3 6 3
3824 3330 494 7 0.599798 0.537616 0.0621817 7 1 7 1
4143 4062 81 9 0.499913 0.490589 0.00932446 7 2 7 2
4438 4092 346 3 0.499909 0.457467 0.0424422 8 1 8 1
7140 7013 127 0 0.299912 0.283328 0.0165841 8 1 8 1
7564 7405 159 5 0.599905 0.580162 0.0197432 9 0 9 0
7652 7375 277 2 0.39996 0.364204 0.0357555 9 0 9 0
7785 7670 115 4 0.699948 0.685054 0.0148942 8 1 8 1
8024 7971 53 8 0.499976 0.491758 0.0082185 8 1 7 1
8313 8188 125 7 0.699921 0.684795 0.015126 8 1 7 1
8498 8333 165 6 0.599986 0.580224 0.0197622 8 1 8 1
8603 8344 259 3 0.799897 0.767319 0.032578 8 1 7 0
9643 9454 189 1 0.299784 0.275774 0.0240097 2 7 2 7
10986 10924 62 5 0.799853 0.791316 0.00853716 8 1 4 1
11470 11141 329 9 0.399997 0.361231 0.0387659 7 2 7 2
12271 12046 225 3 0.699926 0.671141 0.0287851 6 3 5 2
12762 12664 98 5 0.899902 0.886945 0.0129575 8 1 4 0
13425 13149 276 4 0.499907 0.467496 0.0324105 7 2 7 2
13448 13367 81 8 0.599911 0.588562 0.0113493 7 2 7 2
14429 14173 256 0 0.499925 0.468896 0.0310288 5 4 5 4
14766 14593 173 7 0.399924 0.377766 0.0221582 7 2 7 2
15313 15138 175 1 0.699927 0.678335 0.0215925 7 2 6 2
15396 15208 188 6 0.39994 0.378116 0.0218234 8 1 7 1
15495 15261 234 2 0.399933 0.369645 0.030288 6 3 6 3
17575 17420 155 5 0.499941 0.475898 0.0240433 7 2 7 2
17684 17411 273 9 0.599902 0.565561 0.034341 4 5 4 5
17990 17814 176 3 0.499923 0.476282 0.0236412 5 4 5 4
19422 18839 583 4 0.599956 0.509528 0.090428 5 4 3 2
20098 19930 168 0 0.59992 0.578956 0.020964 8 1 8 1
20820 20674 146 7 0.599981 0.581283 0.018697 7 2 7 2
21024 20748 276 1 0.499904 0.465594 0.0343101 6 3 6 3
21082 20818 264 8 0.299988 0.267974 0.0320142 8 1 7 1
21405 21261 144 6 0.599892 0.581007 0.0188852 8 1 6 1
23283 23015 268 2 0.399985 0.36941 0.0305752 7 2 7 2
23735 23452 283 3 0.59989 0.567756 0.0321349 5 4 5 2
24876 24726 150 4 0.599984 0.580773 0.0192115 6 3 6 2
25412 25182 230 0 0.599907 0.570778 0.0291291 5 4 5 4
25643 25398 245 9 0.299922 0.270341 0.0295808 6 3 6 3
25926 25653 273 6 0.699939 0.665281 0.0346584 7 2 6 2
26674 26457 217 5 0.199916 0.16951 0.0304064 5 4 5 4
28532 28242 290 8 0.49998 0.46692 0.0330597 7 2 7 2
28655 28374 281 2 0.69998 0.669062 0.0309171 5 4 5 4
28678 28439 239 7 0.299956 0.268093 0.0318628 8 1 8 1
29510 29170 340 1 0.299891 0.258182 0.0417098 6 3 6 3
