806 707 99 0 0.899968 0.887774 0.0121938 6 0 6 0
1162 805 357 8 0.899838 0.840424 0.0594144 8 0 8 0
1701 1588 113 1 0.799955 0.786554 0.0134004 7 1 7 1
2832 2628 204 8 0.89992 0.875616 0.0243041 8 1 5 1
3345 3263 82 5 0.599917 0.590108 0.00980977 7 0 7 0
3469 3275 194 3 0.599913 0.577778 0.0221348 7 1 7 1
3552 3197 355 9 0.599894 0.558772 0.0411218 8 0 8 0
3983 3843 140 4 0.499931 0.482148 0.0177827 8 1 8 1
4174 4040 134 6 0.49999 0.4843 0.0156903 8 1 8 1
5065 4927 138 7 0.399962 0.380364 0.0195986 5 4 5 4
5113 4798 315 2 0.399978 0.355836 0.0441424 4 5 4 5
6346 6164 182 0 0.399909 0.374494 0.025415 7 2 7 2
7765 7564 201 1 0.399968 0.376773 0.023195 9 0 9 0
7900 7847 53 6 0.79996 0.791914 0.0080451 7 2 7 2
8399 8344 55 5 0.599919 0.591969 0.00794977 6 3 6 3
8564 8281 283 8 0.399948 0.368404 0.0315437 7 2 6 2
8687 8476 211 3 0.599797 0.575396 0.0244009 8 1 7 1
9749 9435 314 4 0.599982 0.56125 0.0387323 5 4 4 3
10550 10257 293 9 0.399992 0.365147 0.0348455 7 2 7 2
11371 11223 148 3 0.899902 0.880905 0.0189971 9 0 7 0
11448 11266 182 6 0.699937 0.675053 0.0248839 7 2 6 2
11814 11761 53 7 0.499868 0.492644 0.00722352 7 2 7 2
12286 11941 345 2 0.499917 0.459223 0.040694 5 4 5 3
13393 13130 263 4 0.799938 0.765776 0.0341622 7 2 6 1
14302 13940 362 0 0.399899 0.354399 0.0455001 6 3 6 3
14389 14335 54 3 0.699881 0.693129 0.00675199 7 2 6 2
15207 15002 205 5 0.399907 0.377222 0.0226844 8 1 8 1
15208 15154 54 1 0.399997 0.392028 0.00796897 8 1 8 1
15393 15224 169 6 0.69992 0.680434 0.0194859 8 1 8 1
15637 15349 288 8 0.49998 0.463866 0.036114 7 2 7 2
16767 16505 262 9 0.599952 0.569726 0.0302253 5 4 5 4
19015 18844 171 7 0.399987 0.379866 0.0201208 8 1 7 1
19852 19479 373 2 0.399985 0.354862 0.0451227 8 1 7 1
20013 19946 67 6 0.599967 0.589992 0.00997535 9 0 9 0
20092 19864 228 3 0.499928 0.473674 0.0262547 9 0 9 0
20393 20074 319 4 0.299906 0.263289 0.0366162 9 0 9 0
20402 20242 160 5 0.699943 0.679663 0.0202798 8 1 6 1
21189 21059 130 8 0.599931 0.582966 0.0169653 8 1 7 1
21221 21063 158 0 0.49998 0.481175 0.0188052 3 6 3 6
21323 21037 286 9 0.699919 0.664365 0.0355538 7 2 6 1
23774 23502 272 1 0.299892 0.265879 0.0340127 8 1 8 1
24329 24242 87 5 0.699966 0.689122 0.0108437 8 1 8 1
25011 24707 304 7 0.599946 0.563946 0.0359996 7 2 6 1
25224 24976 248 6 0.599945 0.570058 0.0298875 8 1 8 1
25286 25045 241 2 0.699898 0.670583 0.0293148 7 2 7 2
25492 25351 141 8 0.699958 0.681583 0.0183746 7 2 6 2
25742 25593 149 3 0.599994 0.582187 0.017807 5 4 5 4
26305 25984 321 9 0.599964 0.561915 0.0380485 6 3 6 3
27667 27614 53 4 0.499923 0.490932 0.00899094 6 3 6 3
27954 27652 302 7 0.899945 0.862699 0.0372454 9 0 3 0
28577 28289 288 2 0.799925 0.766435 0.0334898 5 4 5 2
29196 28847 349 5 0.59991 0.55814 0.0417699 6 3 6 3
29320 29267 53 1 0.699995 0.69416 0.00583442 8 1 8 1
