929 750 179 7 0.899805 0.879118 0.0206867 7 0 7 0
2482 2302 180 1 0.699991 0.678041 0.0219497 7 0 7 0
2514 2396 118 5 0.699841 0.686176 0.0136643 8 0 8 0
2527 2474 53 0 0.6998 0.692036 0.00776362 6 1 6 1
2669 2486 183 4 0.699914 0.677036 0.0228771 8 1 8 1
3327 3240 87 6 0.599999 0.58783 0.0121688 9 0 9 0
3551 3217 334 3 0.599894 0.560762 0.0391318 7 2 7 2
5071 4860 211 4 0.899922 0.874682 0.0252398 8 1 3 0
5269 4892 377 9 0.399969 0.355438 0.0445309 7 2 7 2
5593 5497 96 7 0.499898 0.487244 0.0126537 9 0 9 0
6058 5723 335 2 0.299911 0.263039 0.0368729 7 2 7 2
6382 6329 53 8 0.199811 0.19262 0.00719141 6 3 6 3
7434 7120 314 1 0.599922 0.562817 0.037105 8 1 7 1
8185 7939 246 0 0.499998 0.47195 0.0280479 5 4 4 4
8990 8816 174 5 0.399891 0.37871 0.0211805 8 1 8 1
10171 10010 161 6 0.39999 0.380438 0.0195519 8 1 7 1
10327 10084 243 1 0.899915 0.871 0.0289148 8 1 1 0
10812 10596 216 4 0.399978 0.375233 0.0247456 7 2 7 2
11478 11247 231 3 0.29999 0.273263 0.0267271 8 1 7 1
12270 12117 153 9 0.499978 0.482717 0.0172603 5 4 5 3
12806 12645 161 7 0.399835 0.379567 0.0202673 6 3 6 3
14292 14125 167 2 0.39992 0.37926 0.0206596 6 3 6 3
14591 14538 53 0 0.499926 0.494105 0.00582111 8 1 7 1
15261 14939 322 1 0.499935 0.461613 0.0383228 8 1 7 1
15581 15492 89 8 0.3 0.289313 0.0106866 8 1 8 1
16221 15857 364 4 0.699954 0.627312 0.0726418 6 3 5 2
16604 16433 171 5 0.399899 0.378258 0.0216407 5 4 5 4
16961 16908 53 6 0.499844 0.49094 0.00890396 6 3 6 3
18938 18707 231 7 0.599763 0.569419 0.0303442 6 3 5 3
19516 19431 85 9 0.399904 0.388645 0.0112589 7 2 7 2
19704 19382 322 3 0.399927 0.363342 0.0365849 4 5 3 5
20378 20134 244 8 0.799965 0.770603 0.0293625 7 2 2 1
21010 20737 273 6 0.799993 0.769637 0.0303565 7 2 4 1
21186 20837 349 0 0.499933 0.457042 0.0428909 7 2 7 2
21760 21649 111 5 0.699902 0.685911 0.0139915 8 1 5 0
23006 22638 368 2 0.299899 0.254392 0.0455072 7 2 6 2
23406 23291 115 1 0.299947 0.281678 0.0182686 6 3 6 3
24749 24696 53 5 0.799972 0.793593 0.00637951 9 0 6 0
24780 24461 319 4 0.199999 0.162059 0.0379405 6 3 6 2
26003 25878 125 0 0.699813 0.68486 0.0149525 7 2 6 2
26426 26336 90 8 0.399953 0.389356 0.0105968 4 5 4 5
26495 26197 298 9 0.499997 0.463519 0.0364785 7 2 7 2
26638 26391 247 3 0.499961 0.471277 0.0286839 7 2 7 2
27395 27302 93 7 0.199901 0.189143 0.010758 7 2 7 1
28748 28628 120 6 0.199969 0.18373 0.0162392 7 2 7 2
28919 28566 353 2 0.699935 0.655285 0.0446505 7 2 5 1
