837 783 54 2 0.899891 0.893542 0.00634911 7 0 7 0
893 788 105 8 0.899963 0.884554 0.0154088 8 0 8 0
1596 1526 70 5 0.799899 0.791938 0.00796095 9 0 9 0
2230 2116 114 2 0.89984 0.885643 0.0141973 7 0 3 0
2409 2149 260 8 0.899977 0.870983 0.0289932 7 1 6 1
2662 2428 234 6 0.699905 0.671535 0.0283698 9 0 9 0
2727 2417 310 1 0.699912 0.663056 0.0368562 6 2 6 2
2826 2502 324 0 0.699933 0.663619 0.0363133 9 0 9 0
4448 4076 372 7 0.49998 0.45227 0.0477098 6 3 6 3
4450 4130 320 5 0.799784 0.760896 0.0388876 5 4 5 4
4994 4937 57 9 0.399984 0.392782 0.0072028 6 3 6 3
5218 4948 270 3 0.399967 0.368006 0.0319614 8 1 8 1
5623 5405 218 8 0.699956 0.672215 0.0277413 5 4 5 4
5878 5676 202 4 0.299896 0.275316 0.0245798 7 2 7 2
6040 5720 320 1 0.799918 0.762659 0.0372593 6 3 5 1
7439 7130 309 5 0.799947 0.763118 0.0368294 5 4 4 3
7732 7565 167 0 0.599913 0.580253 0.0196596 6 3 6 3
8213 7874 339 1 0.899904 0.860044 0.0398597 6 3 5 2
8312 8214 98 6 0.499933 0.48776 0.012174 6 3 5 3
8809 8568 241 2 0.299909 0.268183 0.0317256 8 1 8 1
9223 9150 73 7 0.699891 0.690794 0.00909667 5 4 5 4
9292 9118 174 9 0.799897 0.780508 0.0193891 6 3 5 2
9868 9652 216 1 0.899966 0.874787 0.0251793 6 3 4 3
10327 10274 53 0 0.899921 0.890259 0.00966174 4 5 4 4
10472 10335 137 8 0.599901 0.583893 0.0160081 6 3 6 3
10798 10514 284 4 0.799946 0.764904 0.0350425 5 4 5 3
11361 11203 158 6 0.89991 0.881639 0.0182709 6 3 4 2
12809 12611 198 4 0.899892 0.876001 0.0238907 9 0 8 0
12920 12789 131 3 0.399898 0.384936 0.0149625 8 1 8 1
13576 13482 94 9 0.59994 0.589609 0.0103311 9 0 9 0
13624 13419 205 5 0.399884 0.374532 0.0253517 8 1 8 1
13664 13497 167 6 0.799969 0.781576 0.0183929 8 1 8 1
13768 13627 141 1 0.599968 0.583836 0.0161321 9 0 9 0
14557 14504 53 7 0.499945 0.492931 0.00701382 4 5 4 5
15864 15492 372 8 0.599934 0.554213 0.0457213 4 5 4 5
15911 15798 113 4 0.699977 0.684614 0.0153636 7 2 7 2
16512 16459 53 0 0.299815 0.29151 0.00830525 6 3 6 3
16907 16783 124 2 0.399943 0.384989 0.0149543 9 0 9 0
17162 17073 89 6 0.699891 0.686398 0.0134934 5 4 4 4
17287 16935 352 9 0.79995 0.753467 0.0464829 8 1 6 1
18671 18568 103 3 0.599913 0.586097 0.0138163 6 3 6 3
19429 19146 283 9 0.89992 0.865787 0.0341324 7 2 5 1
19659 19536 123 5 0.599942 0.585344 0.0145979 5 4 5 4
19836 19623 213 1 0.499914 0.47173 0.0281834 6 3 6 3
20296 19957 339 7 0.599999 0.557482 0.0425167 7 2 4 1
20943 20576 367 4 0.599849 0.553161 0.0466884 6 3 6 2
21926 21838 88 8 0.499975 0.487733 0.0122415 6 3 6 3
22456 22176 280 5 0.899901 0.86418 0.0357216 7 2 6 2
22887 22704 183 0 0.599947 0.575342 0.0246051 4 5 4 5
23027 22657 370 6 0.499797 0.456856 0.0429411 7 2 7 2
23058 22704 354 2 0.599972 0.556756 0.0432156 7 2 7 2
23635 23298 337 9 0.599983 0.560412 0.0395716 7 2 7 2
23671 23589 82 1 0.799991 0.789885 0.0101059 5 4 5 4
23799 23651 148 4 0.899902 0.882631 0.017271 4 5 4 4
24628 24343 285 3 0.499925 0.466047 0.0338781 3 6 3 6
25450 25397 53 5 0.699954 0.692892 0.00706169 6 3 6 3
25649 25365 284 1 0.899977 0.865251 0.0347252 5 4 5 3
25711 25448 263 7 0.599971 0.568699 0.0312724 5 4 5 4
25982 25916 66 4 0.799772 0.790179 0.00959248 5 4 4 4
27256 26945 311 6 0.799957 0.764295 0.0356621 7 2 6 2
27289 27074 215 1 0.899976 0.874648 0.0253284 7 2 6 0
27341 27270 71 0 0.678648 0.669196 0.00945225 5 4 5 4
27446 27317 129 2 0.699986 0.684177 0.0158089 7 2 7 2
28383 28016 367 9 0.699947 0.654913 0.0450339 6 3 6 3
28513 28460 53 3 0.799949 0.79413 0.00581873 6 3 6 3
28525 28253 272 7 0.899941 0.867865 0.032076 6 3 5 1
29179 28953 226 8 0.399914 0.371484 0.0284295 6 3 6 3
29439 29164 275 5 0.699977 0.665394 0.0345834 6 3 6 3
29560 29474 86 1 0.799907 0.788565 0.0113424 5 4 5 4
29560 29325 235 4 0.699895 0.671566 0.0283291 5 4 5 4
