834 781 53 3 0.899899 0.892651 0.00724791 8 0 8 0
980 781 199 9 0.899953 0.871216 0.0287371 9 0 9 0
1736 1595 141 7 0.799939 0.783019 0.0169201 9 0 9 0
2617 2462 155 8 0.699996 0.681774 0.0182221 8 1 8 1
2733 2414 319 6 0.699899 0.664 0.0358989 8 1 8 1
2810 2478 332 1 0.679902 0.642231 0.0376714 7 2 7 2
3223 2930 293 3 0.799942 0.765451 0.0344911 6 2 5 2
3466 3199 267 4 0.599996 0.567509 0.0324874 7 2 7 2
3513 3186 327 2 0.599961 0.561903 0.0380576 8 1 8 1
4070 4012 58 9 0.699896 0.691204 0.00869199 8 1 6 1
4922 4869 53 0 0.399948 0.392448 0.00750048 6 3 6 3
5205 4974 231 5 0.399973 0.372745 0.0272282 6 3 6 3
5684 5525 159 8 0.799914 0.779795 0.0201186 9 0 8 0
6323 6142 181 9 0.899961 0.875586 0.024375 8 1 5 1
6981 6772 209 1 0.699899 0.673439 0.0264605 7 2 6 2
7162 6899 263 4 0.799983 0.76885 0.0311323 6 3 5 3
7734 7404 330 6 0.599785 0.561079 0.0387053 6 3 6 3
8532 8372 160 3 0.499849 0.478909 0.0209403 6 3 6 3
8697 8461 236 7 0.299911 0.272781 0.0271297 6 3 6 3
8940 8637 303 2 0.599952 0.561277 0.0386744 7 2 7 2
10479 10271 208 5 0.699992 0.674792 0.0252002 6 3 6 3
11153 10831 322 1 0.699951 0.659802 0.0401489 7 2 6 2
11620 11436 184 4 0.599919 0.577441 0.0224778 6 3 6 3
11721 11535 186 0 0.499912 0.479397 0.0205147 6 3 6 3
11834 11474 360 8 0.399994 0.356182 0.0438117 6 3 6 3
12602 12301 301 3 0.799897 0.764466 0.0354314 6 3 6 3
12950 12673 277 9 0.299944 0.267505 0.0324391 4 5 4 5
13085 12863 222 6 0.599781 0.571903 0.0278777 4 5 4 5
13649 13519 130 5 0.799938 0.783404 0.0165342 5 4 3 4
14193 14114 79 2 0.599951 0.590121 0.00983041 5 4 5 4
14412 14227 185 7 0.699926 0.676158 0.0237672 6 3 6 3
15222 15102 120 1 0.699903 0.68377 0.0161329 5 4 5 4
15251 15002 249 4 0.79995 0.767955 0.0319942 5 4 5 4
16425 16078 347 8 0.799893 0.75883 0.0410632 6 3 5 3
17008 16826 182 3 0.599897 0.577152 0.0227449 8 1 8 1
17102 16808 294 9 0.899895 0.863283 0.0366126 6 3 4 0
17254 17166 88 0 0.599898 0.589704 0.0101935 5 4 5 4
17285 17041 244 5 0.699893 0.672585 0.0273074 7 2 7 2
18309 18101 208 6 0.599908 0.576878 0.0230303 4 5 4 5
18757 18676 81 4 0.699888 0.688401 0.0114865 6 3 6 3
19345 19084 261 2 0.599929 0.567806 0.0321227 6 3 6 3
19822 19768 54 0 0.899908 0.891968 0.0079397 5 4 5 3
20036 19931 105 8 0.699973 0.686893 0.0130796 7 2 7 2
20163 19821 342 7 0.499899 0.456445 0.0434539 7 2 7 2
21130 21001 129 9 0.599979 0.583962 0.0160176 7 2 7 2
21988 21935 53 5 0.599978 0.594162 0.00581614 8 1 8 1
22347 22294 53 1 0.299942 0.291436 0.00850646 6 3 6 3
22753 22490 263 4 0.699973 0.669382 0.0305914 7 2 7 2
22881 22752 129 0 0.699998 0.681623 0.0183748 7 2 7 2
22931 22876 55 3 0.499945 0.492072 0.00787285 5 4 5 4
23021 22757 264 2 0.799928 0.770563 0.029365 7 2 7 2
24863 24805 58 2 0.899915 0.893264 0.00665086 7 2 5 2
25148 25095 53 6 0.399982 0.392911 0.00707089 7 2 7 2
25194 24955 239 7 0.699917 0.672101 0.0278152 6 3 6 3
25473 25315 158 9 0.699962 0.682063 0.0178992 8 1 8 1
26178 26125 53 2 0.899772 0.892357 0.00741486 6 3 6 3
26190 26135 55 5 0.699991 0.692562 0.00742948 6 3 6 3
26846 26622 224 4 0.699954 0.673862 0.026092 7 2 7 2
27216 26907 309 1 0.799988 0.761983 0.0380044 5 4 5 4
27498 27219 279 8 0.299968 0.26384 0.0361284 5 4 5 4
27729 27505 224 3 0.69989 0.671863 0.0280273 8 1 7 1
28450 28257 193 0 0.499976 0.477507 0.0224691 6 3 6 3
29272 29054 218 7 0.699947 0.673796 0.0261505 7 2 7 2
