930 811 119 4 0.899904 0.884313 0.015591 4 0 4 0
1144 816 328 0 0.899931 0.861405 0.0385261 5 0 5 0
1626 1572 54 7 0.799965 0.792756 0.00720889 8 1 8 1
1788 1651 137 5 0.799977 0.782898 0.0170782 8 1 8 1
1869 1546 323 2 0.799986 0.762832 0.0371536 6 2 6 2
1917 1603 314 9 0.799958 0.763022 0.0369355 7 2 7 2
3430 3228 202 1 0.599958 0.574395 0.0255625 7 2 7 2
3520 3344 176 8 0.59994 0.579283 0.0206574 9 0 9 0
3934 3779 155 9 0.899954 0.881734 0.0182198 7 2 7 2
4113 3963 150 3 0.499882 0.480474 0.0194076 8 1 8 1
4366 4274 92 0 0.699927 0.686429 0.0134982 6 3 6 3
4447 4134 313 6 0.499853 0.465016 0.0348374 7 2 7 2
5194 4971 223 7 0.69991 0.672655 0.0272549 6 3 6 3
5572 5500 72 4 0.499928 0.490284 0.0096438 5 4 5 4
6524 6197 327 2 0.599982 0.560281 0.0397014 4 5 4 5
7295 6913 382 9 0.699972 0.653138 0.0468338 6 3 6 3
7525 7358 167 7 0.899948 0.881213 0.0187353 6 3 4 1
7803 7750 53 8 0.699913 0.692393 0.00751959 6 3 5 3
7856 7601 255 5 0.399971 0.367325 0.0326458 6 3 6 3
8897 8547 350 1 0.599971 0.555612 0.0443581 6 3 6 3
9599 9317 282 4 0.799836 0.765743 0.0340927 8 1 6 1
9991 9679 312 0 0.499905 0.463821 0.0360848 6 3 6 3
10534 10358 176 3 0.499929 0.478961 0.0209689 5 4 5 4
10568 10375 193 9 0.799997 0.778013 0.0219833 7 2 7 2
10966 10821 145 6 0.499999 0.481581 0.0184183 6 3 6 3
11616 11436 180 4 0.899989 0.876687 0.0233025 7 2 3 2
12417 12214 203 7 0.499979 0.476637 0.0233421 6 3 6 3
12528 12290 238 9 0.899934 0.869421 0.0305138 6 3 4 3
12898 12552 346 2 0.499969 0.458821 0.0411486 5 4 5 4
13186 13031 155 0 0.899959 0.882488 0.0174708 5 4 3 3
13330 13251 79 8 0.499923 0.490067 0.00985527 6 3 6 3
13814 13477 337 3 0.89991 0.860883 0.0390274 7 2 5 1
14047 13775 272 5 0.599926 0.566339 0.0335867 6 3 6 3
15840 15568 272 6 0.699908 0.667304 0.032604 6 3 6 3
15844 15789 55 1 0.399927 0.39199 0.00793694 8 1 8 1
17118 16765 353 2 0.799995 0.757244 0.0427514 7 2 7 1
17217 16926 291 0 0.599927 0.565569 0.0343578 7 2 6 2
17335 17050 285 7 0.699979 0.667303 0.0326755 6 3 6 3
18225 17884 341 4 0.299939 0.259155 0.0407839 6 3 6 3
18233 18066 167 9 0.399928 0.377523 0.0224047 7 2 7 2
18999 18706 293 8 0.599931 0.567031 0.0328998 5 4 5 4
19817 19518 299 7 0.899968 0.862186 0.0377817 9 0 5 0
20241 20184 57 3 0.299981 0.29251 0.00747096 4 5 4 5
20286 20015 271 1 0.799959 0.766445 0.0335139 6 3 5 3
20821 20588 233 2 0.699952 0.669955 0.0299968 7 2 6 2
21087 20840 247 5 0.39997 0.369373 0.0305966 5 4 5 4
21464 21296 168 6 0.499975 0.480322 0.0196537 5 4 4 4
21776 21485 291 0 0.699971 0.663893 0.0360776 6 3 6 3
23238 22915 323 7 0.699926 0.661565 0.0383609 6 3 6 3
23360 22996 364 2 0.899955 0.857277 0.0426781 8 1 4 1
24309 24119 190 9 0.599981 0.577378 0.0226028 7 2 7 2
24494 24439 55 4 0.599985 0.592328 0.00765694 6 3 6 3
25262 24975 287 8 0.499908 0.457063 0.0428444 7 2 7 2
25598 25329 269 1 0.499941 0.467621 0.0323199 5 4 5 4
25909 25659 250 2 0.799958 0.768976 0.0309822 7 2 5 2
26366 26096 270 6 0.699946 0.667768 0.0321784 5 4 5 4
26761 26500 261 0 0.599862 0.5684 0.0314624 6 3 6 3
27093 26987 106 4 0.899962 0.885968 0.0139941 7 2 3 1
27269 27208 61 3 0.499962 0.491228 0.00873359 4 5 4 5
27393 27180 213 7 0.699942 0.672971 0.0269708 4 5 4 5
27985 27825 160 5 0.499911 0.480128 0.0197822 7 2 7 2
28609 28335 274 8 0.899827 0.86871 0.0311167 6 3 4 3
29495 29442 53 6 0.79998 0.793426 0.00655371 8 1 6 1
29588 29349 239 9 0.599976 0.570588 0.0293873 6 3 6 3
29820 29539 281 7 0.899956 0.868399 0.0315571 5 4 4 2
