858 804 54 2 0.899955 0.892639 0.00731628 9 0 9 0
890 771 119 3 0.899986 0.883936 0.0160498 5 1 5 1
939 707 232 4 0.89996 0.872773 0.027187 7 0 7 0
1561 1506 55 7 0.799989 0.793332 0.00665681 9 0 9 0
1687 1551 136 5 0.799996 0.784854 0.0151421 8 1 8 1
1747 1539 208 8 0.799891 0.776175 0.0237155 8 1 8 1
1787 1590 197 0 0.799984 0.775595 0.0243892 8 1 8 1
1818 1536 282 1 0.799898 0.766745 0.0331529 7 1 7 1
2512 2333 179 6 0.699899 0.677429 0.0224698 7 2 7 2
3731 3394 337 5 0.899832 0.860842 0.0389907 6 3 6 2
4323 4172 151 9 0.499991 0.479886 0.0201049 7 2 7 2
4553 4284 269 8 0.79997 0.768456 0.0315142 8 1 8 1
4818 4734 84 4 0.599959 0.588495 0.0114642 7 2 7 2
4853 4634 219 3 0.599961 0.574847 0.0251136 8 1 8 1
5029 4805 224 7 0.699915 0.671176 0.0287389 8 1 8 1
6234 5974 260 0 0.599998 0.568175 0.0318237 5 4 5 4
6512 6318 194 2 0.399982 0.373789 0.0261932 5 4 4 4
7310 6978 332 1 0.499949 0.460379 0.0395692 4 5 4 5
7496 7239 257 4 0.899975 0.869567 0.0304077 7 2 4 2
7952 7693 259 5 0.599897 0.567686 0.0322112 5 4 5 4
9174 9085 89 3 0.699996 0.687682 0.0123144 6 3 6 3
9804 9660 144 6 0.299975 0.279597 0.0203775 6 3 6 3
9874 9653 221 8 0.499968 0.4733 0.0266675 6 3 6 3
9939 9764 175 9 0.599934 0.578041 0.0218933 3 6 3 6
9990 9698 292 0 0.799991 0.762907 0.0370837 6 3 6 3
10668 10347 321 1 0.899892 0.861756 0.0381358 5 4 5 2
10971 10592 379 7 0.499939 0.451525 0.0484133 5 4 5 4
11713 11577 136 2 0.69992 0.682987 0.0169328 5 4 4 3
12406 11984 422 3 0.799938 0.744421 0.0555169 6 3 3 1
12430 12262 168 5 0.699951 0.68032 0.0196316 5 4 5 4
13264 12964 300 4 0.399932 0.365932 0.0340001 4 5 4 5
14289 14190 99 9 0.699936 0.688087 0.0118487 6 3 6 3
14636 14516 120 5 0.899898 0.886375 0.0135224 7 2 4 1
14664 14328 336 0 0.599906 0.557862 0.0420438 8 1 8 1
14756 14651 105 2 0.799806 0.786553 0.0132527 7 2 6 1
15438 15241 197 6 0.699924 0.677674 0.0222497 4 5 4 5
15795 15726 69 7 0.699951 0.68993 0.0100211 7 2 6 2
16478 16271 207 1 0.399975 0.375216 0.0247587 7 2 7 2
17129 16791 338 3 0.599973 0.562063 0.0379101 6 3 6 3
17329 17058 271 8 0.399898 0.367993 0.0319045 6 3 6 3
17782 17559 223 5 0.699953 0.672575 0.0273777 7 2 6 2
18445 18076 369 0 0.799999 0.754041 0.0459584 5 4 4 3
18450 18354 96 4 0.699857 0.685549 0.0143079 4 5 4 5
18476 18062 414 2 0.699892 0.648612 0.0512798 4 5 4 5
19031 18818 213 9 0.599947 0.574076 0.025871 3 6 3 6
20410 20324 86 0 0.899911 0.889736 0.0101747 5 4 5 2
21055 20901 154 6 0.49994 0.481187 0.018753 7 2 7 2
21103 20555 548 3 0.799902 0.735523 0.0643797 8 1 7 1
21672 21506 166 8 0.799795 0.778884 0.0209101 6 3 3 2
21958 21594 364 2 0.799934 0.757348 0.0425864 7 2 7 1
22034 21645 389 9 0.899892 0.853764 0.0461278 6 3 4 1
22350 22059 291 7 0.399978 0.364158 0.0358197 5 4 5 4
23193 23068 125 4 0.59993 0.584645 0.0152854 5 4 5 4
23459 23309 150 5 0.499906 0.482684 0.0172228 6 3 6 3
24313 24001 312 1 0.399973 0.363028 0.0369453 5 4 5 4
24366 24176 190 0 0.599967 0.577808 0.0221592 6 3 6 3
24553 24241 312 8 0.799925 0.762314 0.0376114 7 2 7 2
26074 25777 297 4 0.899982 0.863748 0.0362333 9 0 5 0
26956 26887 69 9 0.499944 0.492124 0.00782061 7 2 7 2
27161 27077 84 2 0.499978 0.490747 0.00923111 9 0 9 0
27369 27201 168 3 0.399992 0.378273 0.0217185 7 2 7 2
27659 27485 174 4 0.899982 0.878751 0.0212307 9 0 5 0
28288 28060 228 5 0.699964 0.671992 0.0279722 4 5 4 5
29107 29047 60 6 0.299997 0.291408 0.0085892 5 4 5 4
29163 29108 55 7 0.499929 0.493314 0.00661472 5 4 5 4
29414 28841 573 8 0.599959 0.531125 0.0688339 8 1 8 1
