877 807 70 8 0.89999 0.891411 0.00857902 9 0 9 0
908 766 142 5 0.899957 0.881699 0.0182585 6 0 6 0
953 777 176 0 0.899966 0.878121 0.0218442 8 0 8 0
1767 1540 227 3 0.79993 0.773479 0.0264509 7 1 7 1
2422 2291 131 0 0.899923 0.883882 0.0160405 9 0 8 0
2547 2434 113 6 0.699923 0.683962 0.0159618 7 2 7 2
3290 3233 57 4 0.59991 0.592504 0.00740649 7 2 7 2
3399 3275 124 7 0.599924 0.586293 0.0136311 8 1 8 1
3557 3319 238 1 0.59997 0.573576 0.0263938 7 2 7 2
3606 3256 350 2 0.59995 0.555763 0.0441868 7 2 7 2
4156 3815 341 8 0.699948 0.656823 0.0431251 6 3 6 3
4791 4720 71 5 0.599927 0.590674 0.00925307 4 5 4 5
5150 4995 155 9 0.399921 0.380502 0.0194196 3 6 3 6
6544 6425 119 4 0.799891 0.786542 0.0133489 8 1 7 1
7066 6814 252 3 0.499926 0.467964 0.0319616 9 0 9 0
7127 7071 56 0 0.49996 0.491267 0.00869247 7 2 7 2
7141 7088 53 6 0.599911 0.59243 0.00748085 6 3 6 3
8482 8143 339 5 0.799958 0.759938 0.0400201 6 3 5 3
8806 8583 223 1 0.599972 0.571136 0.0288361 6 3 6 3
10131 10012 119 0 0.899954 0.885337 0.0146175 7 2 5 2
10382 10236 146 9 0.699926 0.681225 0.0187005 8 1 8 1
10704 10451 253 2 0.399911 0.369844 0.0300669 6 3 6 3
10749 10485 264 6 0.799925 0.768737 0.0311877 7 2 4 2
11224 10922 302 7 0.299988 0.265156 0.0348319 5 4 5 4
11438 11272 166 8 0.299991 0.280877 0.0191138 6 3 6 3
12670 12532 138 9 0.899941 0.881609 0.0183318 7 2 4 2
12736 12437 299 4 0.399994 0.366155 0.0338389 6 3 6 3
13409 13097 312 0 0.699977 0.663561 0.0364159 7 2 6 2
13749 13396 353 6 0.799955 0.757275 0.0426803 4 5 4 5
13752 13482 270 3 0.499893 0.465678 0.0342143 4 5 4 5
13776 13712 64 5 0.499969 0.492436 0.00753242 4 5 4 5
15228 14932 296 2 0.799941 0.765748 0.0341933 4 5 3 5
16757 16424 333 1 0.299917 0.261185 0.0387321 8 1 8 1
17023 16749 274 7 0.699997 0.669425 0.0305722 7 2 7 2
17410 17247 163 6 0.699958 0.681942 0.018016 7 2 6 2
17553 17327 226 9 0.499988 0.473265 0.0267234 6 3 6 3
18094 17874 220 2 0.799979 0.774763 0.0252159 7 2 6 1
18209 18138 71 0 0.59997 0.591099 0.00887019 5 4 5 4
19187 19099 88 5 0.599915 0.590025 0.00988943 5 4 5 4
19434 19343 91 3 0.599891 0.586666 0.0132252 5 4 5 4
19685 19440 245 4 0.4999 0.471442 0.0284586 7 2 7 2
20455 20240 215 8 0.299993 0.274006 0.0259871 6 3 6 3
20781 20646 135 2 0.799978 0.785105 0.0148729 5 4 4 4
20801 20498 303 9 0.89988 0.864565 0.0353151 8 1 5 0
21903 21811 92 7 0.599931 0.589147 0.0107839 6 3 5 3
22389 22000 389 6 0.599907 0.554741 0.0451663 7 2 7 2
22516 22392 124 5 0.799817 0.782647 0.0171705 6 3 5 2
23583 23264 319 0 0.599964 0.563784 0.0361808 5 4 5 4
23782 23594 188 4 0.79993 0.777706 0.0222241 7 2 5 2
24081 23925 156 9 0.699955 0.679754 0.020201 5 4 5 3
24143 24088 55 2 0.699981 0.692826 0.00715502 7 2 6 2
24334 24025 309 1 0.49999 0.46448 0.0355101 7 2 7 2
25414 25322 92 3 0.499957 0.487067 0.0128906 4 5 4 5
25798 25508 290 4 0.899926 0.86498 0.0349451 7 2 5 2
26149 26086 63 7 0.699928 0.692753 0.007175 8 1 8 1
27230 27021 209 2 0.799899 0.774958 0.0249407 8 1 8 1
27379 27069 310 9 0.799933 0.763877 0.0360556 9 0 6 0
27804 27474 330 8 0.499902 0.462195 0.0377069 6 3 6 3
27866 27488 378 5 0.499976 0.454975 0.0450005 7 2 7 2
28441 28318 123 6 0.499953 0.4847 0.0152523 5 4 5 4
29388 29058 330 1 0.699976 0.659806 0.0401706 7 2 7 2
29929 29683 246 4 0.599967 0.568858 0.0311092 7 2 7 2
