775 693 82 2 0.899864 0.888324 0.01154 6 0 6 0
811 758 53 3 0.899894 0.892586 0.00730829 7 0 7 0
945 764 181 1 0.899892 0.874447 0.0254453 6 1 6 1
1080 774 306 5 0.899892 0.862476 0.0374168 8 0 8 0
1624 1565 59 8 0.79994 0.791383 0.00855615 7 1 7 1
1736 1552 184 4 0.799962 0.779434 0.0205285 6 1 6 1
1789 1578 211 6 0.799906 0.775478 0.0244276 5 4 5 4
1927 1618 309 0 0.799915 0.762512 0.037403 7 1 7 1
2680 2467 213 9 0.699945 0.672402 0.0275425 6 3 6 3
3094 2883 211 2 0.799931 0.775769 0.0241618 5 4 4 4
3592 3473 119 4 0.899972 0.885655 0.0143173 8 1 5 1
3971 3917 54 1 0.699876 0.692387 0.00748929 6 3 6 3
5119 4938 181 7 0.399967 0.375436 0.0245313 9 0 9 0
5130 4937 193 8 0.699894 0.674382 0.0255115 9 0 9 0
5420 5075 345 5 0.599893 0.558604 0.0412885 7 2 7 2
5522 5175 347 6 0.699979 0.657022 0.0429567 9 0 9 0
6530 6258 272 0 0.599898 0.56881 0.0310878 6 3 6 3
6682 6468 214 2 0.699906 0.671992 0.0279137 4 5 4 5
7416 7338 78 4 0.599807 0.588934 0.0108724 5 4 5 4
7419 7044 375 3 0.299971 0.25272 0.0472511 3 6 3 6
8049 7762 287 1 0.699995 0.665074 0.0349205 4 5 4 5
8215 8056 159 5 0.89999 0.880065 0.0199248 6 3 3 2
8227 8096 131 9 0.499903 0.483674 0.0162288 4 5 4 5
9920 9846 74 8 0.599872 0.589576 0.0102955 6 3 6 3
10833 10521 312 2 0.69998 0.662942 0.0370377 7 2 7 2
11315 11070 245 6 0.499898 0.472146 0.0277521 7 2 7 2
11377 11008 369 7 0.59993 0.553895 0.0460345 7 2 7 2
12222 11904 318 1 0.699814 0.660982 0.0388317 8 1 7 1
12518 12458 60 0 0.499936 0.491867 0.00806998 6 3 6 3
13037 12787 250 5 0.49997 0.470125 0.0298448 6 3 6 3
13939 13694 245 9 0.599934 0.570795 0.0291395 5 4 5 4
14227 14047 180 7 0.899982 0.878891 0.0210909 6 3 5 2
14279 13939 340 2 0.799981 0.759706 0.0402744 8 1 6 1
14343 14029 314 4 0.399758 0.360084 0.0396731 6 3 6 3
14385 14115 270 8 0.699979 0.665609 0.0343705 6 3 6 3
15535 15401 134 3 0.399914 0.38294 0.0169736 7 2 7 2
16009 15956 53 6 0.69997 0.692258 0.00771108 7 2 7 2
16374 16085 289 5 0.899892 0.86552 0.034372 6 3 2 2
18428 18191 237 9 0.699899 0.671327 0.0285715 8 1 8 1
18615 18241 374 8 0.699905 0.65459 0.0453144 7 2 7 2
18702 18628 74 5 0.799931 0.7918 0.00813111 8 1 8 1
18831 18492 339 1 0.399958 0.361314 0.0386444 8 1 8 1
18931 18796 135 0 0.499903 0.484032 0.015871 6 3 6 3
19299 18923 376 3 0.899887 0.852329 0.0475583 6 3 5 2
19748 19419 329 2 0.499956 0.46086 0.0390962 6 3 6 3
19968 19636 332 7 0.399936 0.362617 0.0373189 4 5 4 5
20729 20622 107 6 0.5999 0.584926 0.0149736 5 4 5 4
21404 21158 246 4 0.499899 0.470584 0.029315 5 4 5 4
21587 21243 344 5 0.799933 0.759777 0.0401568 5 4 5 4
22053 21913 140 0 0.899894 0.883726 0.0161682 4 5 3 4
23443 23390 53 8 0.599938 0.592357 0.00758023 6 3 6 3
23451 23196 255 9 0.599964 0.569059 0.0309045 7 2 6 2
24123 24068 55 3 0.499981 0.492095 0.0078863 7 2 7 2
24328 24114 214 6 0.799968 0.77427 0.0256977 9 0 8 0
25169 25113 56 7 0.699969 0.691686 0.00828313 5 4 5 4
25517 25296 221 4 0.799997 0.769315 0.0306819 5 4 5 3
25823 25564 259 1 0.49989 0.467633 0.0322575 4 5 4 5
26158 25848 310 0 0.599908 0.564928 0.0349798 6 3 6 3
26865 26773 92 5 0.499968 0.488861 0.0111075 5 4 5 4
27153 26903 250 9 0.799948 0.771764 0.0281844 6 3 6 3
27810 27684 126 6 0.69997 0.683695 0.0162748 4 5 4 5
28089 27825 264 2 0.299959 0.267214 0.032745 7 2 7 2
28966 28708 258 3 0.699892 0.668257 0.0316351 7 2 6 2
29020 28959 61 1 0.875976 0.869123 0.00685223 5 4 4 1
29091 28913 178 7 0.699915 0.677071 0.0228436 5 4 5 4
29594 29239 355 8 0.49992 0.456117 0.0438035 6 3 6 3
