830 762 68 5 0.899983 0.891019 0.00896439 8 0 8 0
878 704 174 9 0.899894 0.879 0.0208945 8 0 8 0
919 773 146 6 0.899909 0.877685 0.0222234 8 1 8 1
1712 1563 149 7 0.79996 0.780503 0.019457 8 0 7 0
1743 1611 132 2 0.799949 0.783376 0.016573 9 0 9 0
1853 1640 213 3 0.799911 0.774506 0.0254054 7 1 7 1
1960 1624 336 1 0.799904 0.761074 0.0388301 6 3 6 3
2559 2406 153 4 0.699962 0.6813 0.0186626 7 2 7 2
2623 2450 173 8 0.699902 0.676878 0.0230237 6 2 6 2
3297 3238 59 0 0.599938 0.59221 0.0077284 6 3 6 3
3847 3765 82 5 0.699943 0.690932 0.00901111 8 1 8 1
4866 4722 144 6 0.599893 0.582216 0.0176763 7 2 7 2
5355 5111 244 7 0.699909 0.67098 0.0289295 6 3 6 3
5629 5458 171 9 0.499983 0.480909 0.0190747 8 1 8 1
5758 5614 144 8 0.799944 0.781499 0.0184458 6 3 6 3
6201 6097 104 3 0.599941 0.584538 0.0154029 5 4 5 4
6720 6666 54 2 0.499973 0.494042 0.00593111 5 4 5 4
7348 7215 133 4 0.599907 0.583024 0.0168827 7 2 7 2
7524 7471 53 0 0.699955 0.693656 0.00629915 6 3 6 3
7663 7564 99 5 0.699967 0.689161 0.0108059 8 1 6 1
9056 8778 278 1 0.299911 0.269069 0.0308415 5 4 5 4
9431 9064 367 6 0.699848 0.653978 0.0458701 5 4 5 4
9958 9613 345 3 0.799896 0.758682 0.0412143 6 3 6 2
10181 10067 114 7 0.599916 0.587385 0.0125311 6 3 6 3
10755 10678 77 4 0.799911 0.79145 0.00846111 6 3 5 3
10757 10394 363 0 0.799922 0.75787 0.0420523 5 4 4 4
10954 10619 335 5 0.799983 0.758865 0.0411175 7 2 7 2
11147 10795 352 8 0.499983 0.457976 0.0420073 5 4 5 4
11448 11069 379 9 0.59997 0.556683 0.043287 7 2 7 2
12861 12533 328 6 0.799929 0.762364 0.0375647 7 2 7 2
13124 12767 357 2 0.499996 0.454924 0.0450717 5 4 5 4
13779 13651 128 5 0.79985 0.78582 0.0140295 6 3 6 3
14967 14695 272 6 0.899906 0.866252 0.0336531 9 0 6 0
15127 14846 281 4 0.599945 0.566697 0.0332485 7 2 7 2
15170 14906 264 9 0.79993 0.767031 0.0328992 7 2 6 2
15366 15053 313 0 0.59997 0.5622 0.0377694 8 1 8 1
16868 16688 180 8 0.599902 0.578162 0.0217401 8 1 8 1
16959 16674 285 3 0.299915 0.267364 0.0325513 7 2 7 2
17226 17017 209 1 0.39995 0.374706 0.0252436 7 2 7 2
17855 17611 244 7 0.299867 0.271715 0.028152 7 2 7 2
18090 17863 227 2 0.699907 0.673642 0.026265 6 3 6 3
18150 17931 219 5 0.599924 0.574279 0.0256444 7 2 7 2
19789 19469 320 4 0.699979 0.66188 0.0380986 4 5 4 5
20631 20502 129 0 0.599956 0.584101 0.0158543 5 4 5 4
20713 20533 180 6 0.399934 0.378979 0.0209547 4 5 4 5
21007 20805 202 3 0.899912 0.875569 0.0243429 7 2 4 1
21354 21212 142 9 0.399953 0.379278 0.0206749 5 4 5 4
21404 21054 350 8 0.699977 0.659698 0.0402792 5 4 5 4
21837 21583 254 5 0.799995 0.769999 0.0299961 8 1 6 1
22627 22532 95 7 0.799901 0.789334 0.0105671 6 3 5 3
22956 22752 204 2 0.599912 0.577151 0.0227611 4 5 4 5
23180 22874 306 4 0.799984 0.763159 0.036825 5 4 4 3
23954 23656 298 8 0.899941 0.862203 0.0377377 7 2 4 0
24087 23947 140 1 0.499971 0.483136 0.0168353 6 3 6 3
24920 24787 133 3 0.59995 0.584679 0.015271 7 2 7 2
24940 24871 69 0 0.699932 0.690714 0.00921761 7 2 7 2
26377 26324 53 9 0.699962 0.691965 0.00799656 8 1 7 1
26394 26178 216 8 0.799909 0.77338 0.0265292 6 3 5 3
26840 26645 195 4 0.69994 0.678277 0.0216638 7 2 7 2
27355 27160 195 2 0.69999 0.676681 0.023308 9 0 9 0
27675 27397 278 6 0.499897 0.467938 0.031959 5 4 5 4
28163 27821 342 5 0.39991 0.358898 0.041012 6 3 6 3
28752 28449 303 9 0.899944 0.862334 0.0376103 8 1 5 0
28824 28436 388 7 0.399897 0.349197 0.0506995 5 4 5 4
29358 29143 215 3 0.699969 0.671278 0.0286906 6 3 6 3
29881 29828 53 8 0.699946 0.692408 0.00753758 5 4 5 4
29935 29576 359 1 0.599763 0.556959 0.0428038 4 5 4 5
