786 717 69 5 0.899784 0.890091 0.00969358 7 0 7 0
866 813 53 4 0.899948 0.891984 0.007964 8 0 8 0
1633 1544 89 2 0.799996 0.78913 0.010866 7 0 7 0
1776 1581 195 9 0.799994 0.775378 0.0246169 8 0 8 0
1808 1608 200 6 0.799982 0.776059 0.0239231 8 1 8 1
2345 2099 246 4 0.899936 0.87172 0.0282158 9 0 8 0
2502 2373 129 0 0.69992 0.684001 0.0159195 6 3 6 3
2515 2438 77 3 0.699973 0.688208 0.0117656 7 2 7 2
2516 2463 53 8 0.69996 0.69412 0.00584012 6 3 6 3
3475 3332 143 1 0.599912 0.582157 0.0177551 6 3 6 3
3767 3560 207 9 0.899921 0.875354 0.0245665 7 1 3 1
3847 3753 94 5 0.699939 0.689003 0.0109357 7 2 7 2
4423 4196 227 2 0.799971 0.773915 0.026056 7 2 7 2
4653 4590 63 8 0.899953 0.892196 0.00775677 7 2 5 2
5299 4954 345 7 0.399961 0.359723 0.0402387 5 4 5 4
5664 5450 214 0 0.79991 0.773422 0.026488 6 3 6 3
6376 6029 347 6 0.599987 0.556642 0.0433456 8 1 8 1
7002 6812 190 1 0.799824 0.776807 0.0230173 7 2 7 2
7193 6910 283 4 0.49992 0.466456 0.0334634 8 1 8 1
8143 7791 352 2 0.699953 0.653755 0.0461988 7 2 6 2
8507 8360 147 8 0.599892 0.581806 0.0180862 7 2 6 2
8536 8191 345 0 0.799787 0.757922 0.0418641 4 5 4 4
8671 8391 280 5 0.599926 0.566892 0.0330333 6 3 6 3
9035 8737 298 3 0.399914 0.363621 0.0362935 6 3 6 3
9392 9339 53 9 0.399991 0.392946 0.00704474 3 6 3 6
10766 10429 337 7 0.699811 0.661176 0.0386351 6 3 6 3
11388 11077 311 8 0.899902 0.864861 0.0350411 7 2 5 2
11449 11242 207 0 0.799903 0.776186 0.0237174 6 3 5 3
11564 11324 240 5 0.899932 0.872334 0.0275979 8 1 5 0
11698 11546 152 6 0.599941 0.580902 0.0190391 6 3 5 3
12353 12100 253 2 0.6998 0.669396 0.030404 5 4 5 4
12918 12864 54 1 0.399933 0.394002 0.00593111 8 1 8 1
13179 12894 285 5 0.899906 0.865791 0.0341152 8 1 3 1
14415 14362 53 9 0.699959 0.692753 0.00720595 6 3 6 3
14617 14360 257 4 0.399963 0.36926 0.0307023 8 1 8 1
14732 14445 287 8 0.699932 0.665458 0.034474 8 1 8 1
14988 14685 303 7 0.699945 0.662001 0.0379435 4 5 4 4
15378 15081 297 6 0.799989 0.763551 0.0364381 7 2 7 2
15901 15692 209 0 0.599972 0.573996 0.025976 4 5 4 5
16638 16501 137 9 0.899976 0.883479 0.0164969 7 2 3 0
17260 16993 267 5 0.59997 0.56963 0.0303409 7 2 6 2
17325 17051 274 1 0.799957 0.768297 0.0316603 6 3 4 3
17329 17061 268 2 0.599996 0.568587 0.0314091 4 5 4 5
17610 17501 109 3 0.299912 0.286732 0.0131799 5 4 5 4
18899 18628 271 8 0.699961 0.666342 0.0336191 4 5 4 5
18922 18833 89 9 0.799954 0.790173 0.00978111 4 5 4 5
19805 19719 86 7 0.599898 0.589435 0.0104623 6 3 6 3
20202 20149 53 0 0.699989 0.692055 0.00793397 7 2 7 2
20519 20464 55 4 0.599787 0.591423 0.00836345 5 4 4 4
21689 21395 294 6 0.399848 0.365902 0.0339453 6 3 6 3
21728 21585 143 2 0.699951 0.68339 0.0165612 5 4 5 4
21749 21499 250 5 0.699906 0.669466 0.0304403 7 2 6 2
22188 21892 296 8 0.799973 0.764191 0.0357821 7 2 6 0
22393 22208 185 3 0.799935 0.777512 0.0224225 7 2 5 2
22656 22421 235 1 0.499974 0.471888 0.0280857 7 2 7 2
23933 23840 93 4 0.799942 0.786723 0.0132192 6 3 6 3
24190 23938 252 5 0.899915 0.869921 0.0299939 7 2 7 2
24766 24666 100 9 0.399935 0.387946 0.0119884 7 2 7 2
24916 24627 289 2 0.799988 0.766483 0.0335054 6 3 6 3
25018 24902 116 0 0.599947 0.58626 0.0136869 6 3 6 3
25829 25701 128 8 0.69998 0.682226 0.0177538 5 4 5 4
25843 25596 247 5 0.899975 0.871375 0.0286 7 2 5 2
25926 25614 312 4 0.899943 0.864195 0.0357479 9 0 5 0
26576 26523 53 7 0.399895 0.393001 0.00689465 5 4 5 4
27055 26685 370 6 0.699995 0.655705 0.0442894 7 2 6 2
28218 28061 157 9 0.89997 0.880121 0.0198497 7 2 6 1
28461 28301 160 3 0.399925 0.379091 0.0208343 6 3 6 3
28498 28172 326 1 0.599961 0.562425 0.0375354 8 1 8 1
29378 29147 231 2 0.599925 0.574093 0.0258329 7 2 7 2
29417 29183 234 0 0.699915 0.67254 0.0273744 6 3 6 3
29568 29318 250 6 0.899943 0.87022 0.0297227 7 2 5 1
