841 788 53 0 0.899893 0.893154 0.00673861 6 1 6 1
875 819 56 8 0.899926 0.892617 0.00730816 4 2 4 2
899 768 131 1 0.899957 0.883921 0.0160361 4 0 4 0
906 718 188 4 0.89992 0.878893 0.0210275 8 0 8 0
919 781 138 3 0.899997 0.884826 0.0151711 4 2 4 2
924 747 177 2 0.899998 0.879942 0.0200559 7 1 7 1
1747 1595 152 7 0.799954 0.781334 0.0186199 8 0 8 0
1921 1573 348 5 0.799892 0.759723 0.0401696 5 0 5 0
2480 2209 271 3 0.899894 0.865799 0.034095 7 1 6 1
3284 2999 285 1 0.799914 0.764999 0.0349144 6 2 6 2
3487 3263 224 9 0.599931 0.572058 0.0278731 6 3 6 3
3695 3468 227 7 0.899923 0.872389 0.0275337 8 1 7 1
3985 3882 103 2 0.699988 0.686195 0.0137932 8 1 8 1
4029 3744 285 0 0.699959 0.66727 0.0326889 6 3 6 3
4210 4117 93 6 0.499981 0.488166 0.0118143 5 4 5 4
4677 4584 93 8 0.599981 0.585907 0.0140737 5 4 5 4
6333 6245 88 3 0.599795 0.587428 0.0123672 5 4 4 4
7167 7114 53 5 0.499941 0.492222 0.00771848 7 2 7 2
7168 7115 53 6 0.89999 0.891814 0.00817548 5 4 5 3
7196 6888 308 2 0.799912 0.761985 0.037927 9 0 6 0
7332 7244 88 4 0.299932 0.288456 0.0114754 5 4 5 4
7878 7585 293 7 0.599989 0.566837 0.033152 6 3 6 3
8027 7735 292 9 0.699987 0.665269 0.0347184 4 5 4 4
8459 8329 130 1 0.499971 0.481872 0.0180996 6 3 6 3
8985 8750 235 0 0.599937 0.571302 0.0286353 7 2 7 2
9372 9246 126 6 0.799908 0.783668 0.0162404 3 6 3 6
10031 9694 337 8 0.59982 0.560577 0.0392431 3 6 3 6
10982 10637 345 2 0.699917 0.659126 0.0407915 7 2 7 2
11504 11424 80 1 0.899911 0.889668 0.010243 5 4 4 3
12005 11886 119 4 0.799988 0.786006 0.0139826 5 4 5 4
12101 11878 223 6 0.7999 0.774944 0.0249564 7 2 6 2
12174 11824 350 9 0.699913 0.657492 0.0424204 7 2 7 2
12716 12420 296 0 0.799976 0.765244 0.0347325 6 3 6 3
13298 12974 324 3 0.399905 0.360699 0.0392062 4 5 4 5
13520 13467 53 5 0.499943 0.493423 0.00651998 3 6 3 6
13677 13540 137 8 0.799901 0.783116 0.0167854 6 3 5 3
13893 13837 56 7 0.49993 0.492879 0.00705083 6 3 6 3
14037 13693 344 4 0.899962 0.857673 0.042289 7 2 5 2
15320 15267 53 1 0.599951 0.593029 0.00692225 5 4 5 4
15327 15224 103 9 0.799899 0.788514 0.0113847 8 1 5 1
16370 16159 211 0 0.699914 0.67271 0.027204 7 2 7 2
16624 16454 170 2 0.499954 0.477677 0.0222775 7 2 7 2
16694 16378 316 6 0.59996 0.562635 0.0373247 5 4 5 4
16990 16791 199 7 0.899983 0.874178 0.0258057 7 2 5 1
17483 17240 243 5 0.799997 0.768529 0.0314676 5 4 5 4
18286 17898 388 8 0.599938 0.551285 0.0486526 5 4 5 4
18803 18641 162 1 0.79997 0.776714 0.0232564 9 0 8 0
19057 18676 381 9 0.699946 0.654613 0.0453333 5 4 5 4
19394 19259 135 5 0.899964 0.881408 0.0185559 7 2 7 2
19583 19327 256 6 0.89998 0.869605 0.0303757 7 2 6 2
19645 19395 250 0 0.799955 0.77131 0.028645 8 1 8 1
19906 19697 209 4 0.399953 0.374406 0.025547 5 4 5 4
20468 20113 355 3 0.499801 0.457497 0.0423033 4 5 4 5
20595 20455 140 2 0.799985 0.781596 0.0183897 4 5 4 5
22418 22363 55 5 0.699994 0.691362 0.00863208 7 2 7 2
22663 22437 226 7 0.399951 0.371775 0.0281764 7 2 7 2
23169 22943 226 9 0.699929 0.672416 0.0275127 7 2 7 2
23692 23470 222 8 0.599927 0.573168 0.0267588 7 2 7 2
24114 23797 317 1 0.499896 0.460967 0.0389295 7 2 7 2
24964 24675 289 0 0.499921 0.464399 0.0355224 6 3 6 3
25225 25152 73 3 0.699986 0.687147 0.0128385 4 5 4 5
25289 25236 53 5 0.799869 0.791565 0.0083042 5 4 3 4
25660 25372 288 9 0.89995 0.864069 0.0358815 7 2 2 0
26013 25685 328 2 0.499894 0.457044 0.0428501 5 4 5 4
26091 25970 121 6 0.299953 0.284753 0.0151995 4 5 4 5
26904 26682 222 4 0.499934 0.470863 0.0290709 5 4 5 4
27849 27663 186 5 0.799999 0.776923 0.0230758 5 4 5 3
28075 27781 294 7 0.699941 0.665924 0.0340164 5 4 5 4
28252 27937 315 8 0.699963 0.662664 0.0372984 5 4 5 4
28413 28201 212 3 0.799979 0.772071 0.027908 4 5 4 5
29823 29728 95 1 0.599907 0.587527 0.0123801 7 2 7 2
29991 29648 343 9 0.59989 0.555203 0.0446868 5 4 5 4
