735 682 53 5 0.89997 0.893026 0.0069444 6 0 6 0
850 797 53 7 0.899977 0.892393 0.0075842 4 0 4 0
940 779 161 8 0.899915 0.879629 0.0202865 8 0 8 0
1582 1529 53 1 0.799913 0.792078 0.007835 7 0 7 0
2331 2265 66 8 0.899956 0.892673 0.00728298 9 0 7 0
2432 2281 151 2 0.699949 0.681469 0.0184802 7 2 7 2
2574 2447 127 9 0.699968 0.686007 0.0139611 9 0 9 0
3337 3200 137 0 0.599957 0.583499 0.0164582 9 0 9 0
3623 3311 312 4 0.599905 0.557472 0.0424329 9 0 9 0
3765 3574 191 8 0.899922 0.878154 0.0217676 6 3 5 3
3989 3638 351 5 0.69977 0.658227 0.0415437 6 3 6 3
4206 3884 322 6 0.499908 0.460616 0.0392925 6 3 6 3
4292 4112 180 3 0.49999 0.477371 0.0226188 5 4 5 4
5369 5133 236 8 0.899967 0.872673 0.0272943 6 3 3 2
5508 5378 130 7 0.49993 0.483976 0.0159536 6 3 6 3
5747 5516 231 9 0.799923 0.772272 0.0276512 4 5 4 5
6335 6211 124 2 0.699938 0.684166 0.0157722 4 5 4 5
6615 6290 325 4 0.899958 0.861912 0.0380462 6 3 3 3
7646 7365 281 1 0.399933 0.367826 0.0321069 8 1 8 1
7731 7554 177 8 0.799792 0.778663 0.0211286 7 2 7 2
8089 7908 181 5 0.699914 0.675934 0.0239809 6 3 6 3
8615 8437 178 7 0.899944 0.87757 0.0223737 7 2 7 2
8824 8349 475 9 0.799964 0.740648 0.0593157 6 3 6 3
9080 8938 142 6 0.699911 0.68141 0.018501 5 4 5 4
9263 9146 117 0 0.499992 0.485463 0.0145292 4 5 4 5
9471 9298 173 2 0.799934 0.78066 0.0192744 6 3 5 3
9858 9666 192 4 0.699903 0.676771 0.0231322 3 6 3 6
11280 11199 81 6 0.899912 0.890202 0.00971042 7 2 6 1
11474 11145 329 8 0.699917 0.661291 0.0386255 7 2 7 2
11567 11383 184 3 0.399956 0.377476 0.0224796 8 1 8 1
11896 11591 305 7 0.699971 0.663944 0.0360276 7 2 7 2
13015 12839 176 2 0.699943 0.677211 0.0227317 6 3 5 3
13363 13268 95 9 0.599994 0.589553 0.0104411 6 3 6 3
13469 13385 84 6 0.79997 0.788869 0.0111013 7 2 7 2
13789 13516 273 1 0.599948 0.565906 0.0340419 6 3 6 3
14500 14386 114 5 0.399943 0.385768 0.0141748 5 4 5 4
15408 15281 127 4 0.49999 0.481855 0.0181345 7 2 7 2
15668 15433 235 0 0.499987 0.47354 0.0264474 6 3 6 3
15854 15797 57 7 0.699897 0.692556 0.00734167 6 3 6 3
15914 15860 54 9 0.899901 0.893611 0.00629002 5 4 3 3
16893 16838 55 2 0.699986 0.691176 0.00880994 5 4 5 4
17202 17087 115 8 0.499953 0.486337 0.0136164 5 4 5 4
18220 18099 121 1 0.699932 0.686583 0.0133489 6 3 6 3
18454 18365 89 3 0.499906 0.490125 0.00978111 7 2 7 2
18734 18459 275 6 0.49994 0.464197 0.0357433 8 1 8 1
18768 18614 154 0 0.899894 0.882404 0.0174898 6 3 5 3
18926 18769 157 7 0.799937 0.7824 0.0175378 5 4 5 4
20002 19658 344 9 0.599932 0.559509 0.0404226 8 1 8 1
20014 19952 62 4 0.699997 0.69063 0.00936758 7 2 6 1
20967 20914 53 0 0.799948 0.793836 0.00611102 6 3 5 3
21128 20972 156 8 0.79992 0.780184 0.0197355 6 3 5 3
22029 21976 53 1 0.699895 0.693328 0.00656705 8 1 8 1
22245 22192 53 3 0.799806 0.792945 0.00686031 8 1 7 1
22279 21949 330 5 0.399939 0.359107 0.0408319 8 1 8 1
22339 22281 58 7 0.699946 0.69032 0.00962563 8 1 8 1
22371 22303 68 2 0.499887 0.488733 0.0111548 2 7 2 7
24456 24192 264 6 0.599973 0.569394 0.030579 7 2 7 2
24572 24502 70 8 0.699991 0.689927 0.0100641 8 1 8 1
25020 24747 273 3 0.79997 0.76763 0.03234 8 1 8 1
25421 25161 260 9 0.599932 0.568759 0.0311725 6 3 6 3
25442 25151 291 0 0.599962 0.562157 0.0378057 5 4 5 4
25905 25467 438 4 0.499895 0.445229 0.0546663 6 3 6 3
26085 25731 354 1 0.699985 0.656643 0.0433423 5 4 5 4
27342 26998 344 2 0.699916 0.659546 0.0403692 5 4 5 4
28123 27893 230 6 0.799989 0.769886 0.0301022 8 1 6 1
28335 28280 55 5 0.599967 0.592186 0.00778093 6 3 6 3
28359 28052 307 9 0.899976 0.861151 0.0388252 7 2 6 1
29274 29184 90 7 0.299918 0.287715 0.0122039 8 1 8 1
29470 29182 288 1 0.799947 0.767949 0.0319974 7 2 7 2
29863 29588 275 2 0.899969 0.869441 0.0305274 6 3 3 1
