837 783 54 2 0.899891 0.893542 0.00634911 5 0 5 0
857 769 88 4 0.899903 0.889773 0.0101302 4 0 4 0
893 788 105 8 0.899963 0.884554 0.0154088 4 0 4 0
931 775 156 1 0.899943 0.877739 0.0222042 5 0 5 0
1110 827 283 0 0.899925 0.865971 0.0339542 3 0 3 0
1810 1678 132 3 0.799896 0.784849 0.015047 7 1 7 1
1929 1615 314 9 0.799907 0.762912 0.0369951 6 2 6 2
2503 2410 93 5 0.699883 0.689286 0.0105967 5 3 5 3
2576 2414 162 6 0.699938 0.6798 0.0201379 4 4 4 4
2597 2404 193 7 0.69987 0.675175 0.0246952 9 0 9 0
3092 2929 163 2 0.799957 0.779939 0.0200186 8 1 8 1
3937 3884 53 8 0.699872 0.692332 0.00754049 7 1 5 1
4007 3761 246 9 0.899977 0.871667 0.02831 7 2 3 1
4246 4154 92 0 0.699946 0.689613 0.0103332 7 2 7 2
4916 4795 121 2 0.899908 0.883333 0.0165756 8 1 4 1
5000 4727 273 1 0.599904 0.568746 0.0311575 7 2 6 2
5451 5398 53 5 0.799963 0.792367 0.00759675 8 0 6 0
5503 5427 76 4 0.499942 0.487985 0.0119567 7 2 7 2
5681 5328 353 9 0.899771 0.858079 0.0416924 7 2 4 1
7171 6770 401 3 0.499948 0.449597 0.050351 8 1 8 1
7421 7251 170 7 0.599896 0.577907 0.0219893 7 2 6 2
7464 7201 263 0 0.799945 0.766237 0.0337075 6 3 5 2
8108 7738 370 2 0.699949 0.655617 0.0443321 9 0 8 0
8935 8787 148 6 0.399944 0.383578 0.0163666 5 4 5 4
9123 8773 350 9 0.699974 0.65694 0.0430345 8 1 7 1
9378 9325 53 8 0.499952 0.493067 0.00688458 5 4 5 4
9817 9594 223 5 0.599891 0.571767 0.0281241 9 0 7 0
10345 10059 286 0 0.799974 0.765993 0.0339818 6 3 5 3
10379 10070 309 1 0.599992 0.56334 0.0366516 5 4 5 4
11831 11676 155 7 0.69992 0.681044 0.018876 7 2 6 2
11848 11726 122 4 0.499974 0.484777 0.0151969 7 2 6 1
12205 11919 286 3 0.699968 0.667569 0.0323993 5 4 5 4
13199 13092 107 8 0.799951 0.785969 0.0139824 6 3 6 2
13213 13068 145 9 0.699936 0.68018 0.019756 7 2 7 2
13352 13241 111 5 0.79976 0.782107 0.0176525 7 2 5 2
13951 13683 268 2 0.49999 0.468004 0.0319857 6 3 6 3
14093 13875 218 1 0.799926 0.774427 0.0254991 7 2 6 0
14862 14756 106 4 0.899939 0.885393 0.014546 6 3 5 1
14893 14788 105 7 0.799892 0.787224 0.0126681 6 3 6 3
15012 14775 237 6 0.599981 0.571938 0.0280429 8 1 7 1
15399 15301 98 9 0.899964 0.887792 0.0121718 7 2 5 1
16173 16081 92 3 0.699967 0.687044 0.0129234 8 1 6 1
16451 16251 200 0 0.399917 0.376484 0.0234335 6 3 6 3
16754 16701 53 1 0.799942 0.791596 0.00834578 6 3 4 2
16799 16477 322 8 0.699855 0.662448 0.0374073 8 1 7 1
16919 16702 217 5 0.699954 0.672706 0.0272483 7 2 7 2
17214 16925 289 2 0.899954 0.864488 0.0354661 7 2 2 0
17744 17532 212 9 0.799965 0.770927 0.029038 8 1 3 1
18528 18238 290 7 0.699953 0.665744 0.0342082 8 1 6 1
19495 19412 83 2 0.799835 0.790364 0.0094704 8 1 6 0
19592 19262 330 6 0.699985 0.660618 0.0393662 5 4 5 4
20874 20699 175 0 0.799892 0.78017 0.0197216 7 2 6 1
20894 20767 127 7 0.899976 0.885718 0.0142574 8 1 3 1
21112 20789 323 3 0.599893 0.563419 0.0364742 8 1 8 1
21176 20871 305 1 0.599873 0.563007 0.036866 7 2 7 2
21232 21179 53 2 0.899962 0.893878 0.00608391 9 0 5 0
21256 21154 102 4 0.299981 0.286793 0.013188 8 1 8 1
21794 21528 266 8 0.599951 0.569663 0.0302883 8 1 8 1
22568 22506 62 5 0.485115 0.477788 0.00732698 6 3 5 3
23510 23457 53 0 0.799913 0.792275 0.00763774 8 1 4 1
23938 23700 238 9 0.399942 0.371433 0.0285087 9 0 9 0
24081 23852 229 7 0.699924 0.673343 0.0265802 8 1 7 1
24542 24250 292 6 0.599994 0.564473 0.0355206 5 4 4 4
24781 24590 191 3 0.799948 0.776888 0.0230605 8 1 4 1
25384 25247 137 8 0.799986 0.783794 0.0161926 5 4 4 3
25772 25591 181 5 0.899898 0.878817 0.0210804 7 2 3 0
25979 25805 174 4 0.799964 0.778198 0.0217663 8 1 4 1
26125 25793 332 2 0.499919 0.463408 0.0365111 6 3 5 3
26495 26225 270 1 0.599987 0.566247 0.0337404 7 2 7 2
27938 27885 53 8 0.799826 0.792064 0.0077615 6 3 6 3
28263 27915 348 7 0.699955 0.659656 0.0402989 7 2 5 2
28757 28536 221 4 0.799916 0.770966 0.0289503 7 2 5 2
29072 28871 201 6 0.699965 0.670983 0.0289826 7 2 5 2
29716 29650 66 5 0.58449 0.574444 0.0100454 7 2 4 2
29902 29814 88 9 0.599901 0.589529 0.0103715 9 0 8 0
