822 769 53 2 0.899928 0.892205 0.00772336 5 0 5 0
878 704 174 9 0.899894 0.879058 0.0208363 4 0 4 0
947 805 142 3 0.899992 0.881097 0.0188956 4 0 4 0
1658 1559 99 6 0.79998 0.787298 0.0126813 8 1 8 1
1747 1598 149 8 0.799941 0.779662 0.0202791 5 2 5 2
2292 2176 116 3 0.899836 0.879846 0.0199906 7 1 4 1
2551 2448 103 7 0.699997 0.687073 0.0129249 5 4 4 3
2752 2406 346 4 0.699899 0.658485 0.0414146 8 1 8 1
2777 2477 300 1 0.699999 0.664589 0.0354095 9 0 9 0
3668 3326 342 0 0.599937 0.560237 0.0397 7 2 7 2
3827 3772 55 9 0.699957 0.692756 0.00720098 8 1 6 1
4571 4260 311 8 0.799897 0.762144 0.0377528 9 0 6 0
5129 4932 197 5 0.39996 0.376992 0.0229681 6 3 6 3
5329 4961 368 6 0.699829 0.655897 0.0439324 7 2 6 2
5759 5409 350 2 0.499867 0.458711 0.0411559 6 3 6 3
6626 6312 314 7 0.699966 0.659204 0.0407627 6 3 6 3
6728 6631 97 4 0.699907 0.688517 0.0113902 7 2 6 2
7521 7311 210 1 0.599929 0.568622 0.0313067 7 2 6 2
7875 7686 189 3 0.399941 0.375774 0.0241674 6 3 6 3
8147 7969 178 0 0.699939 0.676087 0.0238516 6 3 5 3
9341 9248 93 6 0.699954 0.686544 0.0134097 7 2 5 1
9391 9238 153 9 0.499917 0.482594 0.0173229 7 2 7 2
9690 9352 338 5 0.799838 0.760482 0.0393561 7 2 5 2
9716 9652 64 4 0.799929 0.791779 0.00815039 7 2 6 2
9886 9699 187 8 0.499943 0.47469 0.0252525 6 3 6 3
10325 10272 53 2 0.699943 0.692635 0.00730812 5 4 4 3
11808 11534 274 5 0.89989 0.86873 0.03116 9 0 4 0
12314 11945 369 0 0.699794 0.658639 0.0411552 6 3 5 2
12349 12140 209 3 0.799897 0.774632 0.0252641 5 4 4 2
12437 12289 148 6 0.799926 0.779668 0.0202581 6 3 4 2
12543 12369 174 9 0.899985 0.878735 0.0212506 7 2 2 0
12748 12672 76 1 0.59989 0.591187 0.00870327 8 1 6 1
13885 13787 98 7 0.29998 0.287348 0.0126324 7 2 7 2
14070 13927 143 4 0.599951 0.582007 0.0179436 4 5 4 4
14918 14553 365 8 0.699936 0.656727 0.0432091 7 2 5 2
15914 15780 134 2 0.499989 0.483077 0.0169118 6 3 6 1
15957 15740 217 3 0.699955 0.67452 0.0254344 8 1 6 0
16099 15756 343 5 0.599966 0.560889 0.0390763 7 2 7 2
16334 16279 55 0 0.699955 0.691906 0.00804906 7 2 5 2
17249 16925 324 1 0.699911 0.661441 0.0384698 7 2 5 1
17737 17633 104 7 0.899996 0.886235 0.0137606 7 2 1 0
18352 18143 209 3 0.899926 0.874038 0.0258884 9 0 3 0
18361 18308 53 6 0.399973 0.393206 0.00676686 5 4 5 4
19105 18871 234 9 0.299861 0.271033 0.0288281 7 2 7 2
20244 20134 110 0 0.69995 0.685531 0.0144189 6 3 6 3
20514 20323 191 8 0.499916 0.47797 0.0219453 9 0 8 0
20724 20671 53 7 0.699915 0.693202 0.00671341 5 4 4 3
20749 20407 342 5 0.699948 0.658379 0.0415692 7 2 7 2
21030 20739 291 4 0.39998 0.364963 0.0350172 7 2 7 2
21478 21346 132 2 0.599893 0.582849 0.0170438 6 3 5 3
22358 22032 326 1 0.59991 0.562279 0.0376309 6 3 5 3
22576 22210 366 3 0.599975 0.557142 0.0428333 7 2 5 2
23513 23330 183 6 0.699976 0.677392 0.0225846 4 5 4 4
24902 24689 213 5 0.699948 0.674283 0.0256655 9 0 6 0
25158 24859 299 2 0.79993 0.762867 0.0370629 7 2 5 1
25904 25689 215 0 0.499962 0.475311 0.0246512 7 2 7 2
26084 26030 54 8 0.599893 0.591394 0.00849888 6 3 5 3
26121 26066 55 3 0.799895 0.792774 0.00712081 8 1 5 1
26427 26087 340 7 0.499971 0.457782 0.0421886 9 0 9 0
26528 26300 228 9 0.499782 0.472614 0.0271682 6 3 6 3
27882 27775 107 2 0.79999 0.783818 0.0161723 6 3 4 3
27917 27820 97 4 0.499958 0.487361 0.0125968 5 4 5 3
28148 28095 53 5 0.799953 0.792867 0.00708603 6 3 1 3
29219 29097 122 1 0.399974 0.385025 0.014949 6 3 6 3
29239 28868 371 0 0.899943 0.853885 0.0460583 6 3 5 3
29308 29007 301 6 0.499925 0.462809 0.0371161 6 3 6 3
