824 744 80 8 0.899973 0.889012 0.0109615 6 1 6 1
846 737 109 5 0.899916 0.887567 0.0123493 6 0 6 0
891 771 120 3 0.899986 0.883129 0.0168571 5 0 5 0
946 683 263 6 0.899971 0.869986 0.0299855 6 0 6 0
980 838 142 9 0.89989 0.881029 0.0188611 5 2 5 1
2447 2259 188 9 0.899995 0.86759 0.0324045 7 1 6 0
2652 2296 356 6 0.899984 0.858011 0.0419727 6 0 4 0
2699 2358 341 7 0.699904 0.658478 0.0414258 7 1 7 1
3096 2909 187 3 0.799975 0.777438 0.0225365 7 1 5 1
3144 2931 213 5 0.799904 0.776435 0.0234691 8 1 7 1
3347 3200 147 4 0.59992 0.581384 0.0185353 7 1 7 1
4143 4090 53 2 0.499912 0.493312 0.00659991 5 4 5 4
4207 3856 351 9 0.899976 0.858684 0.0412918 7 1 2 1
4319 4061 258 0 0.499963 0.469045 0.0309175 6 3 6 3
4358 4088 270 1 0.499895 0.466253 0.0336425 5 4 5 4
5541 5393 148 8 0.499983 0.481492 0.0184912 8 1 7 1
5864 5657 207 3 0.799979 0.775781 0.0241974 7 2 4 1
5906 5778 128 6 0.699908 0.68328 0.016628 6 2 5 2
6823 6604 219 7 0.7 0.673833 0.0261664 7 2 5 2
7048 6780 268 4 0.799897 0.766963 0.032934 6 2 4 2
8152 8019 133 6 0.899921 0.885057 0.0148639 6 2 4 1
8266 8179 87 5 0.499917 0.487717 0.0122001 7 2 7 2
8327 8138 189 9 0.599973 0.575874 0.0240988 5 4 5 4
8979 8621 358 2 0.699768 0.658397 0.0413706 8 1 8 1
9163 9010 153 0 0.699968 0.680347 0.0196215 7 2 7 2
9240 9187 53 3 0.699952 0.69164 0.00831242 7 2 7 2
9251 8980 271 1 0.699957 0.667032 0.0329241 6 3 6 2
9617 9353 264 8 0.799957 0.769653 0.0303043 7 2 6 2
10572 10474 98 4 0.699908 0.687602 0.0123059 6 3 5 3
12347 12263 84 8 0.799903 0.789231 0.0106718 9 0 7 0
12513 12135 378 0 0.79983 0.753864 0.0459662 7 2 6 1
12580 12318 262 7 0.499951 0.467265 0.0326862 8 1 8 1
12625 12523 102 9 0.699895 0.686719 0.0131754 7 2 7 1
12823 12767 56 6 0.499943 0.493145 0.00679772 9 0 9 0
12920 12816 104 5 0.699959 0.68703 0.0129291 8 1 8 1
13919 13727 192 2 0.599945 0.577275 0.0226697 5 4 5 4
14037 13780 257 3 0.599976 0.568289 0.0316868 8 1 8 1
15070 14786 284 1 0.499935 0.4663 0.0336354 5 4 5 4
15324 15087 237 4 0.599955 0.572849 0.0271066 7 2 6 2
15781 15611 170 7 0.899959 0.878271 0.0216879 9 0 2 0
16536 16483 53 8 0.599873 0.592446 0.00742656 4 5 4 5
16984 16711 273 5 0.699998 0.667949 0.0320491 7 2 4 2
17432 17289 143 9 0.599999 0.58407 0.0159283 7 2 7 2
17961 17740 221 0 0.499953 0.47351 0.0264427 5 4 5 4
18414 18344 70 3 0.69999 0.689605 0.0103851 5 4 5 4
19140 18969 171 2 0.599954 0.577177 0.022777 8 1 8 1
19915 19572 343 7 0.599922 0.557435 0.042487 8 1 7 1
19965 19861 104 6 0.399977 0.385988 0.0139895 8 1 8 1
20198 19909 289 9 0.899906 0.864107 0.0357988 7 2 2 2
20641 20567 74 1 0.599933 0.590756 0.00917752 7 2 7 2
21080 20889 191 5 0.699971 0.676946 0.0230242 6 3 5 1
21529 21222 307 4 0.499951 0.464385 0.035566 6 3 4 3
22570 22398 172 8 0.499896 0.479446 0.0204494 5 4 5 4
23628 23294 334 9 0.69994 0.657625 0.0423148 9 0 7 0
24097 24031 66 5 0.799893 0.790928 0.00896484 7 2 6 2
24309 24145 164 6 0.799949 0.779004 0.0209453 7 2 6 1
24502 24138 364 7 0.699963 0.656633 0.0433304 8 1 8 1
24527 24229 298 0 0.499902 0.464734 0.0351679 6 3 6 2
24871 24721 150 3 0.399995 0.382165 0.0178302 7 2 7 2
25133 24816 317 1 0.699958 0.660444 0.0395134 6 3 6 3
25228 25065 163 2 0.499949 0.480659 0.0192901 3 6 2 6
26585 26266 319 4 0.699958 0.663094 0.0368637 5 4 4 3
27157 26747 410 7 0.899951 0.852649 0.0473016 7 2 2 1
27859 27592 267 9 0.699978 0.667767 0.0322108 8 1 4 1
27921 27585 336 0 0.899948 0.858417 0.0415306 6 3 2 1
28772 28611 161 7 0.899905 0.880534 0.0193711 7 2 4 2
29313 29140 173 5 0.499933 0.479533 0.0204005 5 4 4 3
29392 29102 290 3 0.799933 0.763065 0.0368677 8 1 3 0
29516 29459 57 6 0.478787 0.472167 0.00662083 6 3 5 3
29944 29812 132 2 0.699955 0.682846 0.0171085 3 6 3 3
