806 707 99 0 0.899968 0.887774 0.0121938 6 0 6 0
946 781 165 9 0.899953 0.873656 0.0262972 7 0 7 0
1662 1583 79 7 0.799975 0.79113 0.00884468 6 1 6 1
1699 1574 125 5 0.799788 0.782378 0.0174099 8 0 8 0
1762 1620 142 6 0.799914 0.782967 0.0169469 5 1 5 1
1849 1509 340 3 0.799963 0.759492 0.0404712 7 2 7 2
1867 1594 273 1 0.799946 0.76887 0.0310762 5 1 5 1
2512 2401 111 4 0.699992 0.685602 0.0143895 5 3 5 3
3161 2887 274 0 0.79991 0.768155 0.0317553 4 5 3 5
3228 3126 102 9 0.799927 0.788652 0.0112748 7 1 6 1
3363 3165 198 2 0.599919 0.577205 0.0227142 6 3 6 3
4292 4127 165 8 0.499991 0.480487 0.0195042 8 1 8 1
5234 5049 185 6 0.699894 0.679553 0.0203411 7 2 7 2
5562 5352 210 1 0.699918 0.674593 0.0253255 6 2 6 2
5927 5430 497 4 0.799988 0.729653 0.0703356 8 0 6 0
6045 5791 254 7 0.599946 0.568468 0.0314772 6 2 5 2
6243 5926 317 2 0.899979 0.860741 0.0392383 5 4 4 4
6850 6610 240 9 0.699931 0.668998 0.0309333 5 4 4 3
6890 6737 153 5 0.499983 0.481021 0.0189615 5 4 4 4
8066 7830 236 3 0.399887 0.372152 0.0277351 7 2 7 2
8301 8040 261 8 0.799799 0.770498 0.0293009 6 3 4 3
8643 8332 311 0 0.499986 0.46036 0.0396261 8 1 8 1
9397 9022 375 9 0.899956 0.857114 0.0428423 6 3 2 1
10167 9859 308 6 0.599985 0.564556 0.0354297 8 1 8 1
10321 10092 229 8 0.899963 0.872608 0.0273555 5 4 3 2
10505 10211 294 2 0.599919 0.565181 0.0347378 7 2 7 2
11479 11249 230 4 0.499925 0.471555 0.0283706 6 3 6 3
11598 11478 120 3 0.899995 0.884928 0.0150669 7 2 3 1
11904 11837 67 1 0.399905 0.392319 0.00758646 6 3 6 3
12408 12043 365 7 0.499929 0.45253 0.0473995 5 4 4 4
12459 12370 89 5 0.59999 0.587503 0.0124872 4 5 3 5
12760 12484 276 9 0.69994 0.666942 0.0329978 4 5 4 4
12965 12912 53 3 0.899919 0.891381 0.00853823 6 3 2 2
13716 13368 348 0 0.699988 0.655834 0.0441539 6 3 5 3
14462 14149 313 8 0.599981 0.56157 0.0384105 3 6 3 5
14860 14795 65 2 0.699978 0.691245 0.00873258 4 5 4 5
15196 14999 197 9 0.899901 0.876027 0.023874 7 2 4 0
15550 15338 212 4 0.799919 0.776256 0.0236628 5 4 5 3
16841 16575 266 5 0.699937 0.66595 0.0339868 7 2 7 1
17012 16891 121 1 0.699907 0.684374 0.0155328 8 1 7 1
17125 16915 210 6 0.399977 0.373809 0.0261672 7 2 7 2
17363 17309 54 4 0.899982 0.891847 0.00813521 6 3 4 1
17497 17411 86 3 0.499909 0.488323 0.0115861 6 3 6 3
17572 17322 250 9 0.79985 0.768274 0.0315759 9 0 9 0
19647 19300 347 0 0.49991 0.45618 0.0437299 7 2 7 2
19697 19363 334 4 0.799945 0.760224 0.0397206 8 1 6 1
19721 19628 93 7 0.399934 0.387096 0.0128378 5 4 5 4
19859 19581 278 8 0.599985 0.565851 0.034134 5 4 4 3
20700 20647 53 5 0.699769 0.692131 0.00763745 6 3 5 3
20944 20753 191 1 0.699966 0.672952 0.0270144 4 5 4 4
21619 21516 103 4 0.899992 0.886076 0.0139159 5 4 3 3
21895 21813 82 2 0.294323 0.2815 0.0128227 5 4 5 4
22106 21803 303 9 0.599901 0.561462 0.0384392 8 1 8 1
23964 23706 258 3 0.499911 0.468499 0.0314124 9 0 9 0
24189 23875 314 6 0.4999 0.460622 0.0392784 7 2 7 2
24280 23904 376 7 0.799944 0.753574 0.04637 6 3 4 2
24287 24112 175 8 0.699891 0.678812 0.021079 4 5 4 5
24468 24363 105 0 0.699957 0.686573 0.0133838 6 3 6 3
24985 24753 232 1 0.699985 0.670051 0.0299338 6 3 6 2
26635 26238 397 4 0.499896 0.451346 0.0485502 5 4 5 4
26734 26447 287 8 0.899946 0.864941 0.0350056 4 5 3 2
27293 26954 339 7 0.799838 0.755679 0.0441586 5 4 5 3
27369 27284 85 2 0.699918 0.688036 0.0118821 7 2 7 2
28055 27746 309 5 0.299973 0.263004 0.0369688 6 3 6 3
28058 27966 92 1 0.799992 0.78897 0.0110224 6 3 6 2
28297 28111 186 9 0.499946 0.478372 0.0215746 6 3 6 3
28303 28198 105 0 0.699911 0.686073 0.0138381 4 5 4 5
28371 28083 288 6 0.799973 0.765839 0.0341338 6 3 4 2
28929 28680 249 3 0.699912 0.67154 0.0283725 6 3 5 3
