899 768 131 1 0.899957 0.883921 0.0160361 3 0 3 0
924 747 177 2 0.899998 0.879942 0.0200559 4 0 4 0
1070 750 320 7 0.899935 0.861757 0.0381777 4 0 4 0
1756 1550 206 5 0.799963 0.774272 0.0256913 5 1 5 1
2024 1651 373 6 0.799919 0.75464 0.0452788 7 1 7 1
2400 2234 166 2 0.899974 0.879693 0.0202802 5 0 2 0
2606 2482 124 8 0.699803 0.684537 0.0152665 8 0 8 0
2645 2323 322 4 0.699935 0.661061 0.0388738 6 2 6 2
3368 3260 108 3 0.599868 0.584066 0.015802 6 3 6 3
3961 3908 53 9 0.499967 0.491584 0.0083831 9 0 9 0
4100 3966 134 0 0.499818 0.480721 0.0190967 6 2 6 2
4127 4045 82 7 0.699996 0.689726 0.0102704 5 3 5 3
4634 4381 253 5 0.799965 0.768811 0.031154 8 1 6 1
4866 4531 335 2 0.799956 0.759124 0.0408314 8 1 7 1
5668 5573 95 6 0.699888 0.687725 0.0121628 6 2 5 2
5750 5525 225 1 0.49992 0.47359 0.0263302 4 5 4 5
6586 6501 85 4 0.699994 0.687443 0.0125503 8 1 7 1
7355 7050 305 7 0.799952 0.762625 0.0373266 6 3 3 3
7524 7320 204 5 0.79999 0.776191 0.0237985 7 2 5 2
7524 7184 340 8 0.599923 0.559616 0.0403066 7 2 7 2
8610 8537 73 9 0.699931 0.69191 0.00802111 7 2 5 2
8703 8451 252 3 0.599899 0.570993 0.0289051 8 1 8 1
9436 9218 218 2 0.599977 0.573563 0.0264138 6 3 6 2
9977 9920 57 7 0.79989 0.792775 0.00711573 6 3 4 2
10276 10181 95 8 0.89991 0.889172 0.0107374 9 0 3 0
10354 10299 55 4 0.699916 0.691729 0.00818688 7 2 4 2
11234 10902 332 6 0.499998 0.460479 0.0395189 6 3 5 3
11278 11220 58 1 0.59997 0.590982 0.00898742 8 1 8 1
11522 11207 315 0 0.399954 0.36439 0.0355644 7 2 6 2
12693 12437 256 4 0.899783 0.867432 0.0323506 7 2 2 0
12836 12469 367 7 0.799845 0.755227 0.0446177 7 2 4 0
12894 12841 53 2 0.799908 0.791772 0.00813613 5 4 3 2
13262 13167 95 9 0.599947 0.588251 0.0116964 6 3 6 3
13561 13489 72 5 0.399902 0.389431 0.0104707 6 3 5 3
14293 14038 255 8 0.599997 0.568134 0.0318631 6 3 5 3
14836 14682 154 3 0.499952 0.47963 0.020322 7 2 7 2
15903 15850 53 6 0.69996 0.692286 0.00767433 7 2 6 2
15992 15734 258 4 0.699985 0.667027 0.0329584 6 3 6 3
16635 16329 306 7 0.699986 0.665694 0.0342926 7 2 7 2
17252 17140 112 1 0.499901 0.485586 0.0143146 5 4 5 4
17674 17348 326 9 0.699978 0.663005 0.0369734 8 1 8 1
18087 17998 89 6 0.899903 0.887987 0.0119162 7 2 2 0
18099 17805 294 2 0.499994 0.465462 0.0345322 7 2 7 2
18380 18180 200 0 0.499997 0.473673 0.026324 4 5 4 5
19280 19011 269 4 0.7999 0.76776 0.0321399 4 5 3 4
20396 20324 72 8 0.480555 0.472147 0.00840827 5 4 5 4
20447 20159 288 6 0.799945 0.765187 0.0347582 6 3 5 3
21243 21034 209 4 0.899984 0.876113 0.0238706 6 3 3 0
21520 21241 279 3 0.49992 0.465242 0.0346774 8 1 6 1
22139 21932 207 5 0.299908 0.272746 0.0271627 3 6 3 6
22260 22139 121 0 0.799933 0.783917 0.0160161 7 2 5 2
22348 22133 215 7 0.499958 0.47394 0.0260186 4 5 4 4
23370 23077 293 6 0.8 0.764322 0.0356779 6 3 5 2
23582 23401 181 1 0.499938 0.477523 0.0224148 4 5 4 5
23621 23275 346 9 0.499897 0.455822 0.0440744 8 1 6 1
24893 24585 308 3 0.8998 0.863039 0.036761 8 1 2 0
25858 25639 219 0 0.699892 0.674421 0.0254714 5 4 4 4
26156 26002 154 6 0.799946 0.780295 0.0196507 7 2 5 0
26361 26021 340 2 0.299986 0.25974 0.0402463 8 1 8 1
26703 26195 508 7 0.799938 0.726023 0.0739153 5 4 3 3
26737 26583 154 1 0.899941 0.882602 0.0173388 4 5 3 1
27795 27588 207 4 0.299931 0.276478 0.0234531 6 3 6 3
27959 27615 344 8 0.399929 0.358083 0.0418458 7 2 7 1
27967 27602 365 5 0.699981 0.653641 0.0463394 8 1 6 1
28809 28740 69 6 0.799904 0.790667 0.00923727 6 3 3 3
28913 28740 173 3 0.599961 0.577191 0.0227706 7 2 6 2
29792 29705 87 0 0.69994 0.690379 0.00956111 5 4 3 2
