880 796 84 5 0.89988 0.889956 0.00992457 6 0 6 0
953 756 197 2 0.89993 0.876475 0.0234549 3 0 3 0
1144 816 328 0 0.899931 0.860988 0.0389433 4 0 4 0
1619 1534 85 1 0.799936 0.788477 0.0114584 5 2 5 2
1737 1579 158 3 0.799912 0.782525 0.017387 6 0 6 0
1966 1654 312 6 0.799844 0.759932 0.0399124 6 0 6 0
2295 2167 128 5 0.899914 0.88144 0.0184745 8 0 3 0
2647 2577 70 8 0.679697 0.67201 0.00768677 6 2 6 2
3486 3249 237 4 0.599994 0.571842 0.0281522 6 2 6 2
3517 3385 132 3 0.899985 0.881979 0.0180062 9 0 7 0
4080 4020 60 7 0.499823 0.490676 0.00914697 8 1 8 1
4122 3907 215 2 0.699968 0.675255 0.024713 7 1 7 1
4347 4228 119 0 0.699835 0.682867 0.0169682 9 0 9 0
4892 4791 101 3 0.899906 0.88611 0.0137967 9 0 2 0
5224 4877 347 9 0.399986 0.358716 0.0412695 6 3 6 3
5640 5325 315 5 0.69999 0.661174 0.0388152 8 1 4 1
6007 5693 314 8 0.799916 0.761325 0.0385914 5 4 2 4
6090 5802 288 1 0.599903 0.56288 0.0370231 7 2 7 2
7226 7090 136 6 0.499929 0.479712 0.0202175 3 6 3 6
7458 7306 152 0 0.799985 0.780258 0.0197274 7 2 2 2
7915 7819 96 7 0.799985 0.786227 0.0137586 6 3 5 2
8944 8685 259 5 0.799936 0.769336 0.0306003 7 2 6 2
9064 8814 250 4 0.599904 0.570486 0.0294184 7 2 6 2
9558 9475 83 3 0.499929 0.489272 0.0106569 5 4 5 4
9567 9190 377 0 0.899867 0.850409 0.0494573 7 2 3 2
10530 10332 198 9 0.699974 0.675083 0.0248904 5 4 5 3
10672 10313 359 1 0.69255 0.650728 0.0418222 8 1 6 1
11284 11158 126 8 0.499952 0.48313 0.0168219 8 1 8 1
11298 11202 96 2 0.299909 0.287598 0.0123106 5 4 5 4
11298 11245 53 7 0.699986 0.693693 0.00629264 7 2 6 2
12747 12575 172 6 0.59996 0.578982 0.0209778 6 3 6 3
13223 12952 271 1 0.899972 0.86897 0.0310022 9 0 3 0
13487 13372 115 4 0.69998 0.686281 0.0136991 9 0 6 0
13500 13353 147 7 0.899987 0.882596 0.0173913 9 0 3 0
14153 14100 53 3 0.699852 0.692667 0.00718487 6 3 5 2
14659 14339 320 9 0.699996 0.659999 0.0399977 8 1 7 1
15342 15090 252 2 0.899784 0.869552 0.0302318 8 1 5 1
15460 15177 283 0 0.399964 0.366138 0.0338259 8 1 8 1
15979 15757 222 5 0.299905 0.272951 0.0269539 5 4 5 4
16050 15782 268 8 0.699968 0.667905 0.032063 8 1 7 1
16594 16407 187 4 0.7999 0.775064 0.0248365 9 0 8 0
16797 16485 312 7 0.699991 0.66296 0.0370304 7 2 6 2
17976 17736 240 6 0.599945 0.570667 0.0292776 6 3 6 3
18400 18275 125 8 0.899945 0.883302 0.0166437 9 0 4 0
18541 18400 141 2 0.69992 0.682686 0.0172339 6 3 4 3
19053 18782 271 1 0.39998 0.367521 0.032459 9 0 9 0
20654 20402 252 3 0.39995 0.37189 0.0280595 7 2 7 2
20691 20560 131 0 0.699966 0.679845 0.0201207 7 2 6 2
20710 20530 180 8 0.799975 0.778796 0.0211784 8 1 5 1
21756 21490 266 2 0.799981 0.767086 0.0328948 6 3 5 3
21980 21920 60 9 0.299947 0.287933 0.0120143 5 4 5 4
22530 22356 174 7 0.499982 0.477465 0.0225173 8 1 6 1
22601 22266 335 5 0.599768 0.560426 0.0393419 6 3 6 2
22608 22442 166 8 0.899937 0.87992 0.0200163 8 1 3 0
23626 23328 298 4 0.299943 0.265254 0.0346887 7 2 7 2
23721 23667 54 0 0.799935 0.791715 0.0082193 5 4 4 4
24151 23817 334 6 0.499971 0.457961 0.04201 4 5 4 5
24372 24300 72 2 0.799907 0.789455 0.0104511 8 1 6 1
25908 25855 53 1 0.499857 0.491187 0.00866929 5 4 5 4
26239 26059 180 2 0.899821 0.874308 0.0255134 7 2 3 2
26351 26248 103 0 0.799964 0.785343 0.014621 6 3 3 3
27427 27319 108 3 0.499804 0.487124 0.0126807 6 3 5 3
27460 27147 313 8 0.499916 0.460791 0.0391258 8 1 6 1
27592 27377 215 9 0.69991 0.673768 0.0261421 8 1 7 1
27845 27758 87 5 0.59996 0.590399 0.00956111 6 3 6 2
28477 28344 133 4 0.799975 0.783026 0.0169484 6 3 4 2
28975 28750 225 7 0.499915 0.474157 0.0257576 8 1 8 1
29275 29196 79 2 0.699991 0.690417 0.00957342 7 2 5 2
29741 29675 66 6 0.599973 0.592722 0.00725111 6 3 6 3
29988 29760 228 0 0.69994 0.672659 0.027281 4 5 4 5
