866 813 53 4 0.899948 0.891984 0.007964 5 1 5 0
934 807 127 1 0.899947 0.88406 0.0158875 5 0 5 0
953 812 141 7 0.899969 0.884356 0.0156125 6 0 5 0
1640 1587 53 5 0.782462 0.774623 0.00783883 4 1 4 1
1839 1624 215 3 0.799952 0.772635 0.027317 6 0 6 0
2785 2446 339 8 0.699901 0.656745 0.0431564 8 1 8 1
3364 3135 229 0 0.599947 0.571999 0.0279482 7 2 7 2
3527 3215 312 6 0.599937 0.562012 0.0379243 8 0 8 0
3582 3237 345 9 0.599946 0.558155 0.0417919 5 4 5 4
4177 3896 281 7 0.699965 0.66648 0.0334854 8 1 7 1
4904 4707 197 1 0.599965 0.575551 0.0244137 9 0 7 0
5180 4848 332 2 0.399927 0.359493 0.0404344 3 6 3 6
5711 5398 313 4 0.499974 0.463219 0.0367548 6 3 6 3
6159 5895 264 5 0.599981 0.567062 0.0329189 7 1 7 1
6291 6136 155 3 0.599971 0.581775 0.0181956 9 0 9 0
7795 7627 168 8 0.599969 0.58143 0.0185391 7 2 5 2
8020 7933 87 9 0.690081 0.676896 0.0131848 5 4 5 3
8683 8547 136 6 0.599971 0.583626 0.016345 6 3 6 3
8818 8443 375 0 0.599986 0.556231 0.0437549 9 0 8 0
9397 9108 289 1 0.699951 0.666353 0.0335985 7 2 7 2
9843 9655 188 7 0.499962 0.476804 0.0231583 6 3 5 3
10482 10310 172 2 0.699931 0.677702 0.0222287 4 5 4 4
11237 11159 78 4 0.599972 0.590754 0.00921779 8 1 7 0
12180 12044 136 6 0.799911 0.781661 0.0182502 7 2 4 1
12916 12790 126 8 0.599911 0.582148 0.0177633 7 2 6 2
12941 12780 161 7 0.899894 0.881349 0.0185448 7 2 3 0
13230 12903 327 3 0.399996 0.360893 0.0391033 6 3 6 3
13331 13224 107 1 0.699763 0.68587 0.0138931 5 4 3 3
13757 13544 213 9 0.499958 0.475059 0.0248992 8 1 7 1
13887 13741 146 5 0.299896 0.279846 0.0200501 7 2 7 2
14656 14564 92 4 0.799936 0.787451 0.0124846 6 3 4 3
15195 14880 315 0 0.499943 0.46387 0.0360734 6 3 4 3
15313 15056 257 7 0.799995 0.769931 0.0300643 9 0 5 0
15432 15164 268 2 0.599917 0.56405 0.0358666 8 1 8 1
16447 16276 171 8 0.799971 0.778401 0.0215698 5 4 5 4
17176 17079 97 7 0.899803 0.88714 0.012663 7 2 5 2
17231 17148 83 4 0.799808 0.786846 0.0129617 8 1 5 1
17298 17167 131 6 0.499914 0.480147 0.0197675 6 3 6 3
18767 18714 53 1 0.499911 0.494092 0.00581898 8 1 8 1
19523 19273 250 9 0.599873 0.569752 0.0301206 7 2 5 2
20174 19887 287 0 0.699903 0.666553 0.0333504 9 0 8 0
20306 19964 342 3 0.499915 0.457337 0.0425778 9 0 8 0
20576 20226 350 6 0.899983 0.855149 0.0448334 7 2 4 0
20766 20712 54 8 0.599891 0.591379 0.00851241 7 2 6 1
21682 21442 240 4 0.599931 0.571251 0.0286795 5 4 5 4
22072 21725 347 5 0.399957 0.355515 0.0444423 5 4 5 4
22536 22181 355 2 0.399933 0.358714 0.0412193 7 2 7 2
22892 22597 295 7 0.399903 0.363218 0.0366857 7 2 7 1
23140 22864 276 6 0.79994 0.765835 0.034105 6 3 5 2
25091 25035 56 3 0.699967 0.692342 0.00762482 7 2 6 2
25191 24938 253 0 0.599906 0.570722 0.0291848 5 4 5 4
25191 24930 261 1 0.499907 0.470154 0.0297535 5 4 5 4
26098 25833 265 6 0.799971 0.76674 0.033231 5 4 1 2
26316 25986 330 4 0.699927 0.659062 0.0408656 4 5 3 3
26432 26304 128 9 0.399988 0.384743 0.0152453 7 2 6 2
27400 27190 210 7 0.799986 0.774216 0.0257702 6 3 4 1
27748 27451 297 8 0.399948 0.363078 0.0368698 6 3 6 3
27844 27693 151 2 0.699952 0.682762 0.0171895 6 3 6 3
28068 28015 53 5 0.599918 0.593737 0.00618111 8 1 8 1
29145 28993 152 1 0.79993 0.781433 0.018496 8 1 6 1
29323 29164 159 7 0.899912 0.881199 0.0187128 6 3 3 1
29621 29509 112 6 0.699934 0.686643 0.013291 7 2 6 2
29774 29667 107 3 0.599913 0.585451 0.0144615 7 2 6 2
