796 719 77 3 0.899981 0.890416 0.00956469 5 0 5 0
1030 761 269 6 0.899959 0.870075 0.0298832 4 0 4 0
1738 1624 114 7 0.799979 0.785781 0.0141971 7 1 7 1
1802 1629 173 8 0.799908 0.776764 0.0231444 7 0 7 0
1836 1606 230 5 0.799972 0.769389 0.0305821 6 0 6 0
1967 1637 330 0 0.799961 0.759678 0.0402835 8 1 8 1
2482 2427 55 2 0.699917 0.691542 0.00837557 7 2 7 2
2611 2295 316 4 0.699943 0.662703 0.0372407 5 3 5 3
3034 2886 148 3 0.799968 0.782646 0.0173219 7 1 4 1
3282 3229 53 9 0.599992 0.593803 0.00618833 5 4 5 4
4301 4108 193 1 0.499986 0.475803 0.0241829 8 1 8 1
4337 4085 252 6 0.699923 0.668801 0.0311225 6 2 6 2
5339 5068 271 7 0.699907 0.668489 0.0314182 8 0 7 0
5441 5315 126 5 0.699948 0.683504 0.0164446 9 0 6 0
6497 6298 199 0 0.599921 0.577222 0.0226994 7 2 6 2
6563 6250 313 2 0.699949 0.663392 0.0365563 7 2 6 2
6998 6803 195 8 0.499905 0.475607 0.0242984 8 1 8 1
7275 7222 53 3 0.599934 0.591605 0.00832902 6 3 6 3
7444 7326 118 9 0.699906 0.683942 0.0159642 8 1 7 0
7604 7333 271 4 0.599921 0.569069 0.0308516 5 3 5 2
7695 7564 131 7 0.899971 0.885192 0.0147793 7 1 2 1
9662 9592 70 9 0.89989 0.891951 0.00793899 7 2 2 1
9947 9741 206 1 0.599951 0.575007 0.0249443 7 2 7 2
10047 9761 286 3 0.899894 0.866225 0.0336686 7 2 4 1
10698 10638 60 7 0.699913 0.6915 0.00841273 6 3 6 3
11052 10690 362 0 0.699906 0.655773 0.0441329 7 2 7 2
11123 10805 318 8 0.799922 0.762446 0.0374755 8 1 4 1
11375 11167 208 2 0.599928 0.573012 0.0269162 3 6 2 6
11689 11533 156 6 0.299943 0.281709 0.0182339 8 1 8 0
11817 11746 71 5 0.399923 0.387207 0.0127162 5 4 5 4
13580 13501 79 4 0.499854 0.486012 0.0138429 7 2 7 2
13617 13399 218 9 0.59996 0.570834 0.0291263 7 2 6 2
13740 13601 139 7 0.799902 0.783058 0.0168446 5 4 2 3
13934 13737 197 8 0.799954 0.777215 0.0227397 9 0 5 0
14118 13887 231 3 0.599968 0.572424 0.0275435 6 3 5 3
14282 14101 181 0 0.799958 0.779184 0.0207743 9 0 6 0
15874 15654 220 2 0.69998 0.672819 0.0271604 6 3 6 3
16400 16038 362 0 0.899847 0.857684 0.0421632 8 1 3 1
16601 16255 346 7 0.7998 0.755975 0.0438251 8 1 7 0
16877 16671 206 1 0.39982 0.374972 0.0248482 8 1 8 1
17467 17137 330 6 0.699942 0.661393 0.0385496 9 0 9 0
17621 17553 68 3 0.799995 0.792088 0.00790692 9 0 6 0
17910 17598 312 5 0.599974 0.564544 0.0354303 6 3 6 3
18775 18654 121 9 0.599836 0.584584 0.0152518 5 4 5 4
18875 18692 183 0 0.799933 0.777774 0.0221587 5 4 4 4
19124 18909 215 2 0.79997 0.774179 0.0257913 6 3 3 2
19244 19050 194 4 0.599909 0.572674 0.0272351 8 1 7 1
19682 19312 370 7 0.799999 0.752496 0.0475026 6 3 2 2
19895 19729 166 8 0.399961 0.379093 0.0208676 4 5 4 5
21696 21359 337 5 0.799959 0.760543 0.0394154 8 1 6 1
21901 21767 134 3 0.599943 0.583041 0.0169021 6 3 6 3
22048 21863 185 4 0.899913 0.878267 0.0216457 8 1 3 0
22237 22149 88 6 0.599894 0.589256 0.0106382 8 1 6 1
22387 22080 307 9 0.799912 0.760645 0.0392673 5 4 4 4
22715 22614 101 1 0.599904 0.587648 0.0122563 7 2 6 2
23339 23286 53 2 0.599972 0.591896 0.00807543 5 4 4 3
24290 24230 60 4 0.799908 0.791846 0.0080624 6 3 3 2
24379 24233 146 9 0.899928 0.881916 0.0180121 6 3 4 1
24737 24681 56 8 0.699922 0.691853 0.00806904 5 4 4 2
24893 24739 154 6 0.899891 0.882539 0.0173515 7 2 3 1
25088 24769 319 0 0.399939 0.363825 0.0361138 7 2 6 2
25253 24910 343 7 0.499888 0.459342 0.0405461 7 2 7 2
26819 26539 280 9 0.799771 0.765786 0.0339857 7 2 4 1
26905 26804 101 5 0.49992 0.487791 0.0121294 6 3 6 3
27235 27049 186 6 0.79997 0.774614 0.0253556 8 1 5 0
27628 27475 153 2 0.699891 0.682419 0.0174729 6 3 4 3
27767 27522 245 4 0.699897 0.671291 0.0286062 6 3 5 3
28131 27795 336 3 0.49998 0.460263 0.0397168 4 5 4 4
29233 29177 56 7 0.799925 0.792547 0.00737788 7 2 3 1
29625 29281 344 1 0.399932 0.359832 0.0401004 6 3 6 3
29635 29282 353 8 0.599935 0.554532 0.0454034 8 1 7 1
29689 29386 303 0 0.799926 0.763432 0.0364937 7 2 2 2
