775 693 82 2 0.899864 0.888324 0.01154 4 0 4 0
785 719 66 8 0.899939 0.892288 0.00765103 4 0 4 0
931 820 111 9 0.899924 0.88732 0.0126037 4 1 4 0
1660 1518 142 6 0.799975 0.783185 0.0167898 6 1 6 1
1726 1579 147 3 0.799969 0.782078 0.0178914 7 0 7 0
1877 1599 278 5 0.799978 0.766623 0.033355 7 0 7 0
2107 2044 63 2 0.899971 0.891723 0.00824758 6 0 2 0
2368 2243 125 9 0.899958 0.885274 0.0146844 7 0 4 0
2619 2423 196 0 0.699932 0.676691 0.0232408 7 0 7 0
2728 2371 357 4 0.69999 0.658648 0.041342 5 1 5 1
3565 3357 208 6 0.89992 0.872458 0.0274621 7 2 4 1
3588 3216 372 1 0.59995 0.556231 0.0437194 6 2 6 2
4866 4519 347 8 0.599971 0.559193 0.0407779 7 2 6 2
5154 5021 133 2 0.69999 0.68393 0.0160606 8 0 6 0
5643 5308 335 9 0.699969 0.660943 0.0390262 9 0 9 0
5683 5402 281 5 0.699972 0.664592 0.0353799 5 4 4 4
5755 5679 76 7 0.299992 0.28912 0.010872 7 2 7 2
5931 5609 322 0 0.7999 0.759932 0.0399681 6 2 6 2
6040 5846 194 3 0.599917 0.576455 0.0234623 9 0 9 0
6695 6579 116 6 0.699989 0.683498 0.0164908 3 6 3 6
7815 7496 319 4 0.599958 0.564082 0.0358759 7 2 7 2
8697 8613 84 0 0.799912 0.790681 0.00923111 8 1 6 1
8846 8752 94 1 0.599901 0.585973 0.013928 8 1 7 1
9119 8787 332 6 0.899925 0.859547 0.0403779 6 3 5 0
9741 9504 237 9 0.699933 0.671389 0.0285432 8 1 5 1
9807 9602 205 5 0.699991 0.675997 0.0239933 6 3 5 2
10226 9931 295 8 0.599919 0.562959 0.0369597 6 3 5 2
10662 10326 336 3 0.69998 0.661599 0.0383809 8 1 6 1
11621 11337 284 4 0.799964 0.764678 0.0352858 7 2 4 1
12562 12288 274 2 0.2999 0.26629 0.0336103 7 2 7 2
12911 12737 174 7 0.499926 0.475669 0.0242574 7 2 6 2
13059 13006 53 6 0.599978 0.592961 0.00701652 6 3 5 3
13072 12886 186 0 0.59994 0.577215 0.0227256 8 1 6 1
14493 14352 141 9 0.599984 0.582627 0.0173573 3 6 3 6
14715 14538 177 5 0.599998 0.5778 0.0221988 6 3 5 2
14756 14542 214 8 0.699957 0.674201 0.0257566 6 3 4 0
15236 15098 138 4 0.699994 0.682652 0.017342 7 2 5 2
15638 15585 53 1 0.399873 0.392635 0.00723749 3 6 3 6
15826 15458 368 3 0.599963 0.553835 0.0461282 7 2 4 2
17069 16933 136 8 0.899819 0.884611 0.0152084 6 3 5 1
17380 17266 114 5 0.899994 0.887253 0.0127402 7 2 6 1
17384 17331 53 4 0.899989 0.892371 0.00761766 7 2 3 1
17501 17276 225 2 0.799895 0.775154 0.0247411 7 2 5 1
17609 17307 302 0 0.699902 0.663985 0.0359169 9 0 7 0
17723 17429 294 7 0.699995 0.664789 0.0352067 6 3 5 3
18050 17841 209 9 0.79994 0.770928 0.0290124 6 3 5 3
18804 18648 156 4 0.899894 0.880393 0.0195007 9 0 4 0
20402 20086 316 4 0.899949 0.86379 0.0361585 9 0 6 0
20722 20374 348 6 0.299817 0.259807 0.0400094 8 1 8 1
20799 20674 125 0 0.799962 0.783012 0.0169501 8 1 6 1
20857 20599 258 1 0.699944 0.668331 0.0316127 8 1 7 0
21156 20930 226 3 0.599975 0.572312 0.0276632 7 2 6 2
21738 21386 352 9 0.699975 0.659361 0.0406141 4 5 4 4
21994 21644 350 7 0.699773 0.65816 0.0416131 6 3 5 1
22199 22022 177 5 0.49996 0.477931 0.0220288 4 5 4 5
22614 22484 130 8 0.399942 0.382822 0.0171192 5 4 5 4
23557 23298 259 2 0.399935 0.37014 0.0297954 7 2 7 2
24203 23919 284 1 0.799941 0.764512 0.0354294 7 2 4 2
25260 24865 395 0 0.599955 0.551819 0.0481359 7 2 5 2
25555 25476 79 9 0.699974 0.68795 0.0120241 4 5 4 4
25628 25400 228 6 0.799832 0.769746 0.0300855 7 2 6 1
26448 26377 71 3 0.57408 0.566283 0.00779677 7 2 3 2
27024 26765 259 4 0.299994 0.269513 0.0304815 8 1 8 1
28005 27698 307 5 0.599948 0.562464 0.0374835 8 1 6 1
28717 28463 254 1 0.599977 0.568823 0.0311539 6 3 6 3
28799 28707 92 2 0.699898 0.687731 0.0121665 6 3 6 3
29197 29092 105 3 0.899915 0.888064 0.0118509 8 1 3 0
29423 29227 196 7 0.299923 0.277449 0.0224743 6 3 6 3
29564 29329 235 8 0.499938 0.471332 0.0286054 6 3 6 3
29576 29370 206 9 0.699963 0.676361 0.0236016 4 5 4 4
