806 655 151 2 0.899979 0.883063 0.016916 6 0 6 0
883 830 53 1 0.899999 0.890405 0.00959468 4 1 4 1
950 779 171 8 0.899915 0.877782 0.0221335 7 0 7 0
978 827 151 9 0.89979 0.875953 0.0238376 6 0 6 0
1884 1651 233 4 0.799915 0.769272 0.0306432 9 0 9 0
1986 1641 345 0 0.799976 0.756237 0.0437389 6 3 6 3
2546 2433 113 7 0.699949 0.684222 0.0157269 6 0 6 0
3215 2951 264 1 0.799994 0.769962 0.0300326 8 0 6 0
4238 4009 229 5 0.499997 0.471325 0.0286722 6 2 6 2
4333 3942 391 9 0.699925 0.654164 0.0457611 9 0 9 0
4614 4519 95 4 0.799803 0.784286 0.0155169 6 3 5 3
4875 4752 123 3 0.39999 0.385474 0.0145165 7 1 7 1
4893 4635 258 2 0.599916 0.570044 0.0298727 7 2 7 2
4954 4694 260 0 0.8 0.76914 0.0308595 8 1 5 1
5194 4819 375 6 0.399946 0.354139 0.0458069 6 3 6 3
5693 5512 181 7 0.799962 0.777758 0.0222037 5 2 2 2
6668 6411 257 8 0.399892 0.369256 0.0306358 3 6 3 6
7619 7420 199 7 0.899995 0.871778 0.0282163 5 3 4 3
7655 7602 53 0 0.799816 0.792906 0.00690997 8 1 5 1
8646 8315 331 1 0.499939 0.460355 0.0395835 8 1 7 1
9249 8993 256 7 0.899768 0.870706 0.0290621 8 1 4 1
9262 8995 267 9 0.599879 0.56821 0.0316699 7 2 7 2
9361 9073 288 2 0.699957 0.666888 0.033069 7 2 6 1
9972 9702 270 5 0.599976 0.567696 0.0322796 8 1 7 1
10303 10168 135 0 0.799952 0.784699 0.0152533 9 0 5 0
10740 10491 249 4 0.399946 0.367539 0.032407 7 2 7 2
11907 11537 370 3 0.499914 0.453338 0.0465761 7 2 7 2
12218 12018 200 6 0.499955 0.476238 0.0237164 7 2 7 2
12723 12585 138 8 0.59995 0.58307 0.0168798 7 2 7 2
13586 13530 56 9 0.699825 0.690482 0.00934289 4 5 3 5
13720 13374 346 1 0.699925 0.657542 0.0423833 8 1 7 1
14020 13924 96 7 0.499957 0.488713 0.0112444 6 3 6 3
15101 14929 172 2 0.499905 0.47885 0.0210556 5 4 4 4
15423 15223 200 8 0.899897 0.876342 0.0235547 7 2 4 2
16156 15868 288 4 0.699912 0.664452 0.0354597 7 2 6 2
16515 16462 53 9 0.799918 0.792195 0.00772278 8 1 7 0
16838 16740 98 5 0.399909 0.386924 0.012985 8 1 8 1
17082 16958 124 7 0.899967 0.885462 0.014505 7 2 3 0
17084 17021 63 0 0.29985 0.292783 0.00706714 7 2 7 2
17927 17651 276 1 0.699935 0.667567 0.0323682 7 2 6 1
18388 18200 188 9 0.899978 0.875366 0.0246118 7 2 2 2
18602 18388 214 4 0.899925 0.87421 0.0257158 8 1 3 0
19315 19223 92 8 0.599922 0.586006 0.0139156 5 4 5 4
19364 19138 226 3 0.399939 0.370129 0.0298106 5 4 4 4
19561 19405 156 6 0.399897 0.381227 0.01867 8 1 8 1
20042 19700 342 2 0.699937 0.661519 0.0384173 5 4 5 3
21240 21021 219 1 0.799891 0.773382 0.0265086 7 2 3 2
21994 20806 1188 0 0.899974 0.774277 0.125697 7 2 2 1
22385 22220 165 9 0.599956 0.577549 0.0224066 5 4 4 4
22615 22412 203 4 0.599935 0.575419 0.0245163 7 2 5 2
23015 22706 309 3 0.899943 0.865531 0.0344118 6 3 5 1
23450 23294 156 7 0.299905 0.280234 0.0196705 4 5 3 5
24778 24555 223 0 0.799975 0.773833 0.0261421 7 2 6 1
24842 24752 90 2 0.599773 0.586802 0.0129711 7 2 7 1
24941 24593 348 5 0.399939 0.358746 0.041193 8 1 7 1
25138 25085 53 8 0.49989 0.493079 0.00681155 8 1 8 1
26296 26058 238 3 0.699924 0.671042 0.0288823 6 3 5 2
26485 26230 255 6 0.499936 0.468223 0.0317123 4 5 4 5
26828 26660 168 9 0.699986 0.680769 0.019217 7 2 6 1
27401 27181 220 1 0.3999 0.373698 0.0262018 6 3 6 3
28564 28483 81 4 0.499896 0.490995 0.00890111 5 4 5 4
29108 29052 56 0 0.599898 0.590914 0.00898379 8 1 6 1
29198 28988 210 2 0.699901 0.673343 0.0265586 9 0 8 0
29831 29778 53 9 0.799964 0.793085 0.00687856 9 0 6 0
