785 719 66 8 0.899939 0.892288 0.00765103 8 0 8 0
797 725 72 4 0.89992 0.890326 0.00959446 4 0 4 0
1556 1499 57 2 0.799892 0.793174 0.00671757 8 0 8 0
1771 1642 129 0 0.79989 0.783277 0.0166136 6 3 6 3
1779 1573 206 5 0.799929 0.773779 0.0261501 9 0 9 0
1816 1564 252 1 0.799918 0.769589 0.0303289 9 0 9 0
1828 1591 237 6 0.799936 0.770861 0.0290748 9 0 9 0
1915 1640 275 9 0.799993 0.766069 0.033924 8 1 8 1
3170 2904 266 8 0.799914 0.766686 0.0332274 5 4 5 4
3538 3466 72 0 0.899974 0.88956 0.0104143 7 2 5 1
3568 3289 279 7 0.599901 0.566265 0.0336358 8 1 8 1
4560 4440 120 4 0.599956 0.584311 0.0156457 8 1 8 1
4595 4433 162 5 0.799915 0.781351 0.0185639 8 1 8 1
5515 5181 334 1 0.699795 0.660948 0.0388469 7 2 7 2
5753 5696 57 3 0.299976 0.29175 0.00822614 6 3 6 3
5856 5638 218 0 0.799999 0.773397 0.0266015 9 0 9 0
6044 5700 344 2 0.599929 0.556672 0.0432576 7 2 7 2
6473 6166 307 9 0.599995 0.565948 0.0340473 5 4 5 4
6852 6580 272 8 0.699974 0.665493 0.0344812 7 2 7 2
7176 7085 91 5 0.799894 0.78788 0.012014 6 3 5 3
7404 6941 463 6 0.499926 0.443528 0.0563982 4 5 4 5
8719 8540 179 1 0.799941 0.777676 0.0222643 6 3 6 3
8820 8761 59 4 0.69997 0.692593 0.00737753 7 2 7 2
9376 9272 104 0 0.699992 0.68575 0.0142419 8 1 8 1
9658 9563 95 2 0.799896 0.78701 0.012886 6 3 6 3
9738 9479 259 7 0.499892 0.465824 0.0340681 5 4 5 4
11678 11536 142 8 0.59985 0.582341 0.0175088 7 2 7 2
11715 11374 341 5 0.599979 0.558855 0.0411244 6 3 6 3
11926 11602 324 9 0.599933 0.561443 0.0384904 7 2 7 2
12847 12488 359 4 0.699992 0.657675 0.0423169 7 2 7 2
13098 13044 54 0 0.699965 0.693456 0.00650916 4 5 4 5
13121 12861 260 3 0.499929 0.467 0.032929 5 4 5 4
13930 13835 95 6 0.499928 0.486154 0.0137738 7 2 7 2
14478 14194 284 8 0.89993 0.86805 0.0318798 6 3 5 3
14652 14531 121 1 0.399923 0.384255 0.0156681 4 5 4 5
14764 14704 60 2 0.499988 0.49115 0.00883877 3 6 3 6
15533 15283 250 7 0.59992 0.568901 0.0310188 8 1 8 1
16391 16336 55 9 0.699977 0.692065 0.00791231 5 4 5 4
17132 16877 255 5 0.59995 0.569427 0.0305226 6 3 6 3
17887 17724 163 0 0.599923 0.57982 0.0201027 8 1 8 1
17944 17584 360 4 0.599983 0.55814 0.0418422 6 3 6 3
18114 17740 374 3 0.699937 0.652883 0.0470541 6 3 6 3
18549 18353 196 8 0.5999 0.575999 0.0239007 9 0 9 0
18555 18502 53 6 0.699812 0.692578 0.00723425 5 4 5 4
20253 20190 63 9 0.699971 0.691081 0.00889065 7 2 6 2
20788 20652 136 7 0.599904 0.582511 0.0173923 8 1 8 1
20887 20600 287 1 0.599894 0.564917 0.034977 7 2 7 2
20918 20591 327 5 0.799942 0.758759 0.0411832 9 0 7 0
21317 21008 309 2 0.499968 0.462741 0.0372275 7 2 7 2
21375 21198 177 3 0.79998 0.77753 0.0224502 6 3 6 2
21667 21415 252 4 0.799961 0.771292 0.0286683 6 3 5 3
22377 22305 72 6 0.699942 0.689311 0.0106301 6 3 5 3
22836 22783 53 8 0.699909 0.693043 0.00686568 5 4 5 4
23645 23424 221 4 0.899938 0.875674 0.0242641 6 3 2 1
23946 23748 198 0 0.499945 0.478246 0.0216986 5 4 5 4
24246 23936 310 3 0.799952 0.764184 0.0357682 8 1 7 1
24802 24442 360 6 0.899902 0.858164 0.0417376 5 4 3 3
24991 24906 85 8 0.899976 0.888305 0.0116714 6 3 6 3
25395 25184 211 2 0.799898 0.775486 0.0244115 5 4 5 4
25458 25125 333 1 0.699789 0.661214 0.0385745 5 4 5 4
25642 25288 354 5 0.59984 0.558287 0.0415533 5 4 5 4
25971 25806 165 7 0.599874 0.580687 0.0191869 6 3 6 3
26805 26541 264 9 0.399928 0.369751 0.0301776 5 4 5 4
27059 26694 365 4 0.699952 0.655121 0.0448311 8 1 8 1
27181 26960 221 0 0.899978 0.87293 0.0270477 6 3 1 1
28095 27982 113 2 0.8 0.785165 0.014835 7 2 5 2
28107 27788 319 3 0.699934 0.662345 0.0375891 5 4 5 4
28801 28719 82 6 0.599984 0.589479 0.0105052 7 2 7 2
29050 28786 264 8 0.599959 0.568075 0.0318842 7 2 7 2
29682 29313 369 4 0.89997 0.856634 0.0433353 6 3 4 3
