835 765 70 7 0.899993 0.891053 0.00894015 6 0 6 0
1347 827 520 0 0.899925 0.839569 0.060356 9 0 9 0
1809 1568 241 6 0.799961 0.767988 0.0319725 7 1 7 1
1814 1656 158 3 0.799991 0.779958 0.020033 7 2 7 2
2427 2374 53 5 0.69984 0.693598 0.00624192 7 2 7 2
2509 2385 124 4 0.699934 0.684134 0.0158 6 3 6 3
3383 3166 217 2 0.599954 0.573781 0.0261734 9 0 9 0
3916 3772 144 7 0.699909 0.683252 0.0166571 6 3 6 3
4113 3975 138 9 0.499958 0.484723 0.0152348 6 3 6 3
4396 4296 100 3 0.799966 0.786611 0.0133554 5 4 5 4
4509 4110 399 1 0.49993 0.451483 0.0484474 9 0 9 0
4586 4385 201 6 0.799933 0.77691 0.0230234 6 3 6 3
5160 4919 241 8 0.399957 0.369694 0.0302627 4 5 4 5
6338 6036 302 7 0.899919 0.862989 0.03693 7 2 6 2
7162 7065 97 0 0.399973 0.386904 0.0130694 7 2 7 2
7171 7071 100 4 0.599914 0.584693 0.0152204 8 1 8 1
7876 7572 304 1 0.899936 0.863573 0.0363629 7 2 6 2
8177 7864 313 5 0.499923 0.462648 0.0372749 7 2 7 2
8828 8621 207 8 0.899921 0.875532 0.0243886 7 2 4 1
9093 8798 295 6 0.599896 0.563747 0.0361485 5 4 5 4
9479 9291 188 2 0.499952 0.476364 0.0235877 6 3 6 3
9733 9631 102 9 0.599902 0.585197 0.0147051 5 4 5 4
11156 11093 63 7 0.499966 0.491167 0.00879981 6 3 6 3
11318 11114 204 3 0.299917 0.276 0.0239166 6 3 6 3
12433 12165 268 4 0.599891 0.5685 0.0313917 8 1 8 1
12849 12649 200 1 0.499998 0.475223 0.0247757 6 3 6 3
13961 13782 179 0 0.499962 0.479233 0.0207289 6 3 6 3
14289 14087 202 2 0.699928 0.677454 0.022474 7 2 7 2
14331 14142 189 8 0.399984 0.374147 0.0258376 5 4 5 4
15275 15087 188 6 0.499992 0.478914 0.0210785 5 4 5 4
15730 15581 149 9 0.499919 0.48108 0.0188389 7 2 7 2
16273 16219 54 5 0.299944 0.29221 0.00773333 6 3 6 3
16585 16485 100 7 0.599912 0.587633 0.012279 5 4 5 4
17044 16772 272 3 0.699969 0.666653 0.033316 6 3 6 3
17077 16729 348 4 0.699782 0.658824 0.0409572 6 3 5 3
17486 17413 73 1 0.699902 0.691916 0.00798637 4 5 4 5
18208 18090 118 2 0.699892 0.68645 0.0134421 4 5 4 5
19222 19112 110 7 0.899958 0.88561 0.0143478 5 4 5 3
19280 19227 53 3 0.899968 0.891182 0.00878547 7 2 5 1
19422 19070 352 6 0.799795 0.757937 0.0418581 6 3 6 3
19601 19543 58 9 0.799925 0.792605 0.00731971 6 3 6 3
20723 20501 222 7 0.899926 0.874406 0.0255202 7 2 4 1
21303 21094 209 0 0.399928 0.374009 0.0259189 8 1 8 1
21329 21275 54 9 0.89996 0.892519 0.00744118 6 3 5 2
21430 21102 328 1 0.699957 0.65962 0.0403366 7 2 7 2
21644 21480 164 5 0.699917 0.679855 0.0200623 7 2 7 2
22199 21883 316 8 0.399957 0.362213 0.0377434 7 2 7 2
22856 22672 184 4 0.4999 0.474742 0.0251586 5 4 5 4
23677 23424 253 9 0.799966 0.770963 0.0290025 7 2 6 1
23878 23743 135 6 0.599921 0.58265 0.017271 6 3 6 3
24636 24514 122 1 0.799973 0.785955 0.0140185 5 4 5 3
24718 24545 173 7 0.5999 0.578154 0.0217456 6 3 6 3
24743 24407 336 2 0.399969 0.356442 0.0435274 5 4 5 4
24848 24659 189 3 0.399961 0.375847 0.0241144 3 6 3 6
25568 25420 148 5 0.699961 0.683626 0.0163347 3 6 3 6
25631 25578 53 0 0.799997 0.793495 0.00650299 4 5 2 5
25866 25669 197 8 0.899984 0.873925 0.0260584 6 3 4 3
26042 25868 174 4 0.899956 0.879637 0.0203189 3 6 2 3
27452 27216 236 6 0.799997 0.769254 0.030743 8 1 6 1
27470 27157 313 9 0.699932 0.662368 0.0375634 6 3 6 3
28035 27940 95 1 0.699839 0.687785 0.0120535 7 2 7 2
28339 28248 91 3 0.899979 0.888767 0.0112116 6 3 4 3
28356 28138 218 4 0.799975 0.773278 0.0266967 8 1 8 1
29152 28944 208 0 0.699941 0.671109 0.0288322 7 2 7 1
29224 29078 146 2 0.799961 0.781899 0.0180619 7 2 7 2
29406 29263 143 6 0.899902 0.883468 0.016434 7 2 6 2
