934 807 127 1 0.899947 0.88406 0.0158875 9 0 9 0
975 723 252 2 0.899934 0.86658 0.0333545 5 0 5 0
1774 1532 242 9 0.79995 0.769045 0.0309044 7 2 7 2
2300 2244 56 1 0.899967 0.892844 0.0071228 9 0 5 0
2563 2375 188 2 0.899916 0.877326 0.0225906 7 0 6 0
2586 2379 207 7 0.699908 0.676554 0.0233541 6 3 6 3
2625 2443 182 3 0.6999 0.679357 0.0205434 7 2 7 2
3237 3159 78 5 0.599898 0.590934 0.00896416 6 3 6 3
3456 3195 261 0 0.599931 0.570341 0.0295895 8 1 8 1
4265 4114 151 8 0.49993 0.483202 0.0167281 5 4 5 4
4304 4166 138 4 0.49991 0.483264 0.0166462 5 4 5 4
4374 4108 266 6 0.499986 0.46764 0.032346 6 3 6 3
4633 4380 253 1 0.799952 0.771193 0.0287591 7 2 6 2
5493 5245 248 9 0.699958 0.669694 0.0302647 5 4 5 4
5736 5575 161 3 0.799941 0.777138 0.0228031 4 5 4 5
6270 6094 176 0 0.899984 0.879025 0.0209587 7 2 4 2
6622 6351 271 2 0.599905 0.566726 0.0331795 7 2 7 2
7603 7440 163 5 0.699984 0.679224 0.0207602 8 1 8 1
8087 7954 133 8 0.799999 0.783112 0.0168868 7 2 7 2
8408 8122 286 7 0.499922 0.464213 0.0357088 8 1 8 1
8560 8308 252 3 0.799928 0.768943 0.0309852 7 2 7 2
9047 8894 153 1 0.599964 0.580651 0.0193126 7 2 7 2
9315 9201 114 9 0.699921 0.687122 0.0127993 7 2 7 2
9726 9658 68 4 0.599936 0.590185 0.00975121 6 3 6 3
9883 9817 66 8 0.899941 0.89116 0.00878043 6 3 6 3
11181 10838 343 0 0.499971 0.459777 0.0401943 6 3 6 3
11293 10957 336 2 0.699964 0.662349 0.0376145 6 3 6 3
11462 11165 297 3 0.799933 0.764445 0.0354877 6 3 6 3
12362 12166 196 4 0.899917 0.873199 0.0267181 8 1 3 0
12614 12457 157 6 0.299971 0.280655 0.0193158 5 4 5 4
12689 12446 243 1 0.799984 0.769201 0.0307833 6 3 5 3
13205 13044 161 5 0.499946 0.477912 0.0220336 5 4 5 4
13348 13109 239 7 0.699899 0.673518 0.0263812 5 4 5 4
14053 13930 123 9 0.599929 0.585998 0.0139312 5 4 5 4
14585 14515 70 8 0.49992 0.492049 0.00787085 4 5 4 5
14696 14507 189 1 0.899904 0.875426 0.0244775 6 3 4 2
14804 14558 246 4 0.799906 0.771488 0.0284177 7 2 5 2
16695 16381 314 6 0.89995 0.863286 0.0366639 8 1 6 1
17214 16854 360 2 0.499919 0.456395 0.0435238 8 1 8 1
17451 17221 230 7 0.699955 0.672503 0.0274526 8 1 8 1
17470 17412 58 3 0.399804 0.390354 0.00944998 7 2 7 2
17789 17507 282 0 0.499891 0.465818 0.0340736 8 1 8 1
18552 18328 224 8 0.799986 0.771551 0.0284354 6 3 6 3
18889 18558 331 1 0.599986 0.556357 0.0436286 5 4 5 4
19265 19030 235 9 0.599964 0.570615 0.0293498 4 5 4 5
20150 19869 281 4 0.499913 0.463795 0.0361177 4 5 4 5
20291 20238 53 8 0.899971 0.892616 0.00735434 6 3 4 2
20836 20499 337 6 0.59986 0.56036 0.0395002 4 5 4 5
21333 21153 180 5 0.299895 0.280104 0.0197911 6 3 6 3
21593 21335 258 7 0.699948 0.668522 0.031426 7 2 7 2
22168 21944 224 2 0.699909 0.673067 0.0268422 7 2 6 2
22628 22379 249 8 0.799895 0.771315 0.0285801 5 4 4 4
22771 22504 267 3 0.699891 0.668302 0.0315896 4 5 4 5
24421 24211 210 0 0.49992 0.471795 0.0281255 7 2 7 2
24631 24330 301 6 0.79991 0.760949 0.0389608 8 1 7 1
24661 24325 336 9 0.599893 0.554906 0.044987 6 3 6 3
24822 24767 55 1 0.499919 0.491732 0.00818686 6 3 6 3
24996 24835 161 4 0.699992 0.678798 0.021194 7 2 7 2
25297 25237 60 8 0.799912 0.7899 0.010012 5 4 5 4
26346 26003 343 2 0.699795 0.66013 0.0396649 8 1 8 1
27031 26742 289 5 0.699941 0.666955 0.0329854 4 5 4 5
27231 27107 124 7 0.499925 0.486294 0.0136311 9 0 9 0
27441 27135 306 4 0.899896 0.864125 0.0357712 8 1 7 1
28456 28289 167 3 0.499966 0.481604 0.0183611 5 4 5 4
29462 29392 70 2 0.799824 0.791306 0.00851719 6 3 6 3
29549 29231 318 5 0.899979 0.859519 0.04046 9 0 6 0
29667 29614 53 9 0.599936 0.592392 0.00754383 6 3 6 3
