824 744 80 8 0.899973 0.889012 0.0109615 9 0 9 0
896 771 125 3 0.899986 0.882683 0.0173035 6 0 6 0
901 702 199 7 0.899983 0.876543 0.0234396 9 0 9 0
987 838 149 9 0.89989 0.879963 0.019927 8 1 8 1
1803 1558 245 4 0.799907 0.771474 0.0284327 7 2 7 2
2196 2130 66 8 0.899894 0.892563 0.00733079 8 1 5 1
2277 2207 70 3 0.899949 0.891737 0.00821169 8 1 8 1
2465 2234 231 7 0.89993 0.873419 0.0265116 9 0 5 0
2618 2291 327 6 0.699893 0.662975 0.0369177 8 1 8 1
2635 2472 163 2 0.699946 0.679386 0.0205606 7 2 7 2
3451 3185 266 1 0.599958 0.569874 0.0300843 8 1 8 1
3673 3568 105 4 0.899955 0.886606 0.0133497 7 2 5 1
4119 4062 57 5 0.481777 0.475176 0.00660037 6 3 6 3
4536 4304 232 8 0.799926 0.773194 0.0267323 6 3 6 3
5013 4766 247 9 0.599909 0.566778 0.0331313 7 2 7 2
5097 4853 244 6 0.899906 0.871515 0.0283908 7 2 6 2
5362 5195 167 3 0.699938 0.679249 0.0206885 6 3 4 3
5835 5705 130 0 0.299898 0.285607 0.0142911 4 5 4 5
6131 6037 94 1 0.899951 0.887915 0.0120359 5 4 4 4
6513 6405 108 7 0.599892 0.586969 0.0129229 5 4 5 4
7009 6645 364 4 0.699935 0.656515 0.0434194 6 3 5 3
7569 7516 53 3 0.899895 0.891562 0.00833337 5 4 4 2
8433 8158 275 6 0.699934 0.667064 0.0328699 4 5 3 4
9011 8854 157 8 0.599947 0.581871 0.0180759 7 2 7 2
9210 8888 322 2 0.399968 0.360448 0.0395205 6 3 6 3
9234 8998 236 7 0.899985 0.870785 0.0291994 8 1 6 0
9906 9627 279 5 0.599949 0.565369 0.0345802 7 2 6 2
11017 10714 303 1 0.499936 0.462663 0.0372729 6 3 6 3
11531 11289 242 3 0.599906 0.57051 0.029396 6 3 6 3
11711 11410 301 7 0.799928 0.766135 0.0337932 6 3 6 3
11885 11832 53 9 0.399854 0.391895 0.00795902 4 5 4 5
12148 12060 88 0 0.599964 0.588596 0.0113683 7 2 7 2
12844 12637 207 4 0.499997 0.474427 0.0255703 6 3 6 3
13548 13467 81 2 0.799902 0.789788 0.0101138 6 3 6 3
13671 13339 332 5 0.799867 0.761293 0.038574 9 0 6 0
14950 14760 190 6 0.399937 0.37676 0.0231778 8 1 8 1
15283 14898 385 1 0.799962 0.75048 0.0494816 6 3 6 3
15398 15145 253 7 0.699956 0.66854 0.0314153 5 4 5 4
15910 15673 237 8 0.399999 0.373089 0.0269104 6 3 6 3
16522 16348 174 0 0.699921 0.677491 0.0224309 7 2 7 2
16816 16656 160 3 0.59993 0.579968 0.0199616 8 1 8 1
17077 16771 306 9 0.699898 0.661464 0.0384345 7 2 7 2
17950 17592 358 2 0.599918 0.55823 0.0416877 6 3 6 3
19476 19342 134 9 0.899976 0.883551 0.0164248 8 1 8 1
19517 19228 289 4 0.499941 0.467293 0.0326483 7 2 7 2
19917 19663 254 5 0.39978 0.371302 0.028478 7 2 7 2
20631 20353 278 0 0.699949 0.668614 0.0313353 7 2 7 2
20923 20870 53 6 0.599835 0.592898 0.00693653 7 2 6 2
21081 20890 191 7 0.499942 0.473937 0.0260051 7 2 7 2
21149 20954 195 8 0.69987 0.675279 0.0245911 6 3 5 3
21351 21024 327 3 0.699892 0.663699 0.0361934 7 2 6 2
21473 21262 211 1 0.399985 0.372789 0.0271954 5 4 5 4
23078 23023 55 2 0.599894 0.593853 0.00604111 4 5 4 5
23755 23407 348 6 0.899977 0.859043 0.0409339 8 1 6 1
24991 24918 73 9 0.399983 0.390511 0.00947109 8 1 8 1
25072 24920 152 8 0.699983 0.680294 0.0196898 8 1 8 1
25096 25038 58 4 0.599936 0.591692 0.00824368 6 3 6 3
25130 24923 207 1 0.899956 0.876191 0.0237652 8 1 7 0
25164 24931 233 5 0.699967 0.672775 0.0271926 8 1 8 1
25366 25205 161 6 0.899891 0.880589 0.0193022 9 0 5 0
25404 25322 82 0 0.599902 0.588909 0.0109933 3 6 3 6
26409 26066 343 3 0.599911 0.560771 0.0391404 4 5 4 5
26585 26354 231 2 0.799982 0.773743 0.0262391 5 4 4 4
27443 27360 83 7 0.499946 0.488584 0.0113622 5 4 5 4
27578 27289 289 1 0.799893 0.76702 0.0328727 6 3 6 3
29356 29142 214 6 0.599968 0.576214 0.023754 8 1 8 1
29472 29371 101 1 0.899942 0.886469 0.013473 8 1 5 1
