847 783 64 9 0.899896 0.890472 0.00942496 8 1 8 1
877 807 70 8 0.89999 0.891411 0.00857902 9 0 9 0
908 766 142 5 0.899957 0.881725 0.0182328 6 0 6 0
927 813 114 7 0.899926 0.887104 0.0128218 5 2 5 2
1606 1537 69 4 0.799989 0.789973 0.0100155 8 1 8 1
1724 1607 117 1 0.799996 0.784962 0.0150336 8 1 8 1
1900 1633 267 0 0.799881 0.767578 0.0323031 8 0 8 0
3131 2925 206 9 0.799993 0.773469 0.0265238 8 1 8 1
3356 3011 345 5 0.79989 0.757672 0.0422176 8 1 8 1
3424 3296 128 6 0.59991 0.585188 0.0147212 7 2 7 2
3435 3209 226 3 0.599948 0.572879 0.0270695 8 1 8 1
3508 3230 278 2 0.599948 0.567531 0.0324173 9 0 9 0
3864 3736 128 8 0.69997 0.684194 0.0157767 8 1 8 1
4304 4052 252 4 0.799957 0.766001 0.0339566 3 6 3 6
5010 4883 127 9 0.899999 0.886038 0.0139611 8 1 4 1
5531 5319 212 0 0.699929 0.673898 0.0260308 5 4 5 4
6153 5931 222 1 0.599979 0.572531 0.027448 7 2 7 2
6256 6135 121 2 0.8999 0.884925 0.0149744 7 2 7 2
6435 6318 117 9 0.899981 0.885705 0.0142758 9 0 8 0
6452 6303 149 7 0.399959 0.38102 0.018939 7 2 7 2
7676 7581 95 6 0.699925 0.687062 0.0128628 8 1 7 1
7804 7550 254 2 0.899892 0.867655 0.0322377 6 3 5 1
7954 7715 239 9 0.899959 0.871633 0.0283264 7 2 6 2
8691 8469 222 8 0.599893 0.571285 0.0286084 6 3 6 3
9562 9346 216 3 0.499993 0.475376 0.0246162 8 1 8 1
9572 9439 133 4 0.499938 0.482716 0.0172217 7 2 7 2
10346 10107 239 5 0.299955 0.27103 0.0289245 9 0 9 0
10751 10571 180 6 0.799937 0.776144 0.0237929 7 2 7 2
11107 11009 98 0 0.499934 0.485382 0.0145515 6 3 6 3
11470 11187 283 1 0.599983 0.566532 0.0334516 5 4 5 4
11847 11653 194 2 0.599829 0.575556 0.0242732 5 4 5 4
12075 11806 269 9 0.599948 0.569789 0.030159 4 5 4 5
12640 12524 116 4 0.899956 0.885792 0.0141644 8 1 4 1
13399 13095 304 7 0.499986 0.462592 0.037394 4 5 4 5
14393 14164 229 6 0.699972 0.672468 0.0275041 6 3 6 3
14431 14207 224 5 0.899916 0.871881 0.0280359 9 0 6 0
14679 14291 388 3 0.699904 0.652172 0.0477317 7 2 7 2
15616 15554 62 4 0.699931 0.69312 0.00681111 5 4 5 4
15633 15382 251 8 0.399948 0.36662 0.0333274 6 3 6 3
16198 16070 128 2 0.699909 0.684537 0.0153714 6 3 6 3
16372 16318 54 9 0.699908 0.691646 0.00826229 6 3 6 3
16619 16503 116 0 0.599959 0.585933 0.0140261 5 4 5 4
16653 16467 186 7 0.899913 0.877676 0.0222365 5 4 4 1
16774 16566 208 6 0.899988 0.875405 0.024583 6 3 4 2
17758 17434 324 5 0.69997 0.660031 0.0399387 5 4 5 4
19139 18853 286 7 0.799993 0.765305 0.0346884 9 0 7 0
19199 19085 114 1 0.299992 0.286161 0.013831 7 2 7 2
19361 19091 270 8 0.899897 0.86787 0.032027 8 1 7 1
19378 19068 310 2 0.799901 0.762898 0.0370029 8 1 8 1
20062 19737 325 6 0.699918 0.663147 0.0367708 5 4 5 4
20801 20378 423 3 0.499903 0.44784 0.0520626 6 3 6 3
20994 20814 180 0 0.699918 0.676469 0.0234491 6 3 6 3
21003 20896 107 9 0.599999 0.586635 0.0133637 7 2 7 2
21071 20852 219 5 0.799975 0.773702 0.0262734 5 4 5 4
21222 20934 288 7 0.899949 0.864906 0.0350433 5 4 4 4
22949 22585 364 4 0.299899 0.256303 0.0435958 5 4 5 4
23186 22992 194 1 0.899799 0.877679 0.0221196 9 0 7 0
23477 23185 292 6 0.799893 0.764292 0.0356011 7 2 7 2
24150 23776 374 2 0.599976 0.554195 0.0457815 7 2 7 2
24338 24093 245 8 0.499981 0.471615 0.0283657 7 2 7 2
24686 24350 336 9 0.79993 0.762681 0.037249 6 3 6 3
25198 24855 343 0 0.699948 0.65865 0.0412975 7 2 7 2
25644 25333 311 5 0.599903 0.563853 0.0360496 5 4 5 4
25727 25556 171 3 0.6999 0.677216 0.0226837 5 4 5 4
27961 27810 151 6 0.599963 0.582996 0.0169666 7 2 7 2
28004 27644 360 7 0.299914 0.256524 0.0433904 9 0 9 0
28133 27852 281 1 0.499975 0.46802 0.0319555 7 2 7 2
28485 28308 177 0 0.799967 0.779568 0.0203989 9 0 8 0
29205 29005 200 9 0.599938 0.574385 0.0255529 7 2 7 2
29545 29314 231 2 0.599937 0.570988 0.028949 4 5 4 5
29846 29561 285 3 0.699935 0.665523 0.0344119 4 5 4 5
