841 788 53 0 0.899893 0.893154 0.00673861 7 0 7 0
919 781 138 3 0.899997 0.884804 0.0151928 8 0 8 0
1058 750 308 7 0.899935 0.864274 0.0356611 7 0 7 0
1673 1617 56 6 0.799913 0.791919 0.00799384 9 0 9 0
2484 2384 100 5 0.699935 0.688564 0.0113707 7 2 7 2
2692 2441 251 1 0.699949 0.67004 0.0299095 8 1 8 1
2751 2406 345 4 0.69991 0.659565 0.0403445 8 1 8 1
3244 3191 53 9 0.599917 0.590432 0.00948491 7 2 7 2
3567 3315 252 8 0.599896 0.571502 0.0283934 6 3 6 3
4351 3888 463 2 0.499998 0.443548 0.0564497 6 3 6 3
5241 5036 205 6 0.699913 0.676062 0.0238509 6 3 5 3
5824 5607 217 1 0.799915 0.772778 0.0271373 6 3 6 3
6069 5832 237 4 0.799985 0.771432 0.0285525 6 3 6 3
6386 6283 103 0 0.399927 0.386165 0.0137624 5 4 5 4
6523 6315 208 3 0.399951 0.376643 0.0233079 6 3 6 3
7343 7042 301 5 0.599967 0.561188 0.0387793 4 5 4 5
7628 7354 274 7 0.299923 0.266666 0.0332576 6 3 6 3
7719 7414 305 6 0.899991 0.859657 0.0403335 6 3 3 3
8427 8222 205 9 0.599918 0.575105 0.0248134 4 5 4 5
8970 8620 350 8 0.599891 0.558558 0.0413327 4 5 4 5
10086 9887 199 3 0.899951 0.876886 0.023065 7 2 5 2
10193 9972 221 6 0.79991 0.773945 0.0259647 5 4 5 4
10689 10550 139 0 0.799977 0.782968 0.0170095 5 4 5 4
12001 11636 365 2 0.399956 0.356638 0.043318 6 3 6 3
12035 11814 221 9 0.799972 0.771148 0.0288238 8 1 8 1
12112 11906 206 4 0.399991 0.377316 0.0226752 6 3 6 3
12256 12198 58 3 0.799892 0.792285 0.00760686 6 3 6 3
12700 12473 227 5 0.599912 0.574808 0.0251043 7 2 7 1
12715 12490 225 8 0.799904 0.773817 0.0260869 6 3 5 3
12784 12644 140 1 0.299997 0.282586 0.0174113 3 6 3 6
14269 13971 298 7 0.599967 0.564639 0.0353282 6 3 5 3
14865 14492 373 6 0.599994 0.555416 0.044578 4 5 4 5
15137 14852 285 0 0.599922 0.567335 0.0325871 6 3 6 3
15376 15261 115 8 0.79991 0.785039 0.0148704 8 1 7 1
15747 15491 256 9 0.699902 0.670834 0.0290683 6 3 6 3
15759 15682 77 3 0.675115 0.664549 0.0105656 6 3 6 3
16433 16346 87 2 0.799992 0.788021 0.0119707 3 6 3 6
16543 16345 198 4 0.799931 0.777998 0.021933 6 3 5 3
17301 16948 353 5 0.699985 0.653501 0.0464838 5 4 5 4
18092 17749 343 0 0.899961 0.860042 0.0399198 8 1 7 0
18437 18138 299 2 0.89986 0.861994 0.0378661 7 2 7 1
18543 18308 235 4 0.899929 0.86732 0.0326083 7 2 7 1
19145 18795 350 8 0.699941 0.658708 0.0412337 6 3 6 3
19162 18814 348 3 0.799958 0.757741 0.0422169 4 5 4 5
19964 19876 88 1 0.499869 0.487154 0.0127154 6 3 6 3
19972 19657 315 9 0.699924 0.662133 0.0377908 7 2 7 2
21187 21132 55 7 0.399945 0.392007 0.00793828 5 4 5 4
21442 21256 186 5 0.699934 0.674578 0.0253559 5 4 4 4
21629 21573 56 6 0.399989 0.391887 0.00810224 8 1 8 1
22384 22022 362 0 0.599849 0.554803 0.0450462 6 3 6 3
22463 22270 193 8 0.799909 0.777092 0.0228167 7 2 7 2
22615 22447 168 4 0.599978 0.577884 0.0220938 5 4 5 4
22896 22726 170 3 0.699859 0.677115 0.0227449 2 7 2 7
23346 23117 229 2 0.499985 0.472124 0.0278617 4 5 4 5
24636 24466 170 5 0.799933 0.77969 0.020243 6 3 4 3
24793 24593 200 9 0.599906 0.576144 0.0237618 6 3 6 3
25260 25081 179 0 0.89991 0.878768 0.0211423 8 1 5 1
25409 25100 309 8 0.799912 0.762582 0.0373299 7 2 6 2
26226 26114 112 4 0.799989 0.785511 0.0144776 3 6 2 5
26508 26127 381 7 0.699802 0.652853 0.046949 6 3 6 3
27089 26742 347 3 0.699803 0.658075 0.0417275 6 3 6 3
27262 26964 298 1 0.399994 0.363375 0.0366195 7 2 7 2
28322 28006 316 5 0.699937 0.65808 0.041857 6 3 6 3
28416 28237 179 0 0.6999 0.673118 0.0267822 6 3 6 3
28534 28264 270 6 0.499919 0.466163 0.0337554 6 3 6 3
29087 28909 178 8 0.699922 0.679021 0.0209011 4 5 4 5
29948 29695 253 2 0.499946 0.466956 0.03299 4 5 4 5
