850 797 53 7 0.899977 0.892393 0.0075842 4 0 4 0
984 819 165 4 0.899985 0.879328 0.0206567 9 0 9 0
1620 1499 121 2 0.799917 0.785344 0.0145728 9 0 9 0
1626 1553 73 6 0.799945 0.789623 0.0103222 7 1 7 1
2518 2459 59 0 0.699981 0.692096 0.00788515 7 2 7 2
2560 2479 81 3 0.699789 0.688569 0.01122 8 1 8 1
2701 2366 335 1 0.699891 0.661311 0.0385803 7 2 7 2
2709 2394 315 8 0.699922 0.658839 0.041083 6 3 6 3
2749 2476 273 9 0.699919 0.6668 0.0331193 6 3 6 3
3295 2939 356 7 0.799946 0.754747 0.0451995 5 4 5 4
3484 3092 392 5 0.599945 0.552692 0.0472531 7 2 7 2
4758 4675 83 3 0.899993 0.88968 0.0103135 9 0 7 0
4975 4857 118 4 0.599949 0.585341 0.0146084 6 3 5 3
5200 4992 208 9 0.899916 0.874467 0.0254499 6 3 4 0
5350 4967 383 6 0.699952 0.653218 0.0467341 7 2 6 2
5356 5168 188 7 0.899902 0.877283 0.0226185 6 3 4 2
5917 5813 104 1 0.799891 0.78846 0.0114311 6 3 6 3
6808 6486 322 2 0.499942 0.460664 0.0392777 6 3 6 3
6854 6646 208 8 0.699956 0.674921 0.0250347 5 4 5 4
7716 7599 117 1 0.899982 0.885579 0.0144036 7 2 6 1
7829 7668 161 3 0.699974 0.677382 0.0225922 6 3 5 3
8495 8415 80 6 0.799979 0.790031 0.00994766 7 2 7 2
8862 8683 179 5 0.599973 0.579341 0.0206324 8 1 8 1
8947 8732 215 0 0.399963 0.374558 0.0254053 6 3 6 3
9360 9180 180 4 0.699967 0.678201 0.0217654 6 3 6 3
9894 9780 114 9 0.49993 0.485873 0.0140575 5 4 5 4
10113 10030 83 7 0.499998 0.487574 0.0124237 6 3 6 3
10916 10673 243 1 0.699979 0.670829 0.0291503 5 4 5 4
10943 10720 223 8 0.699901 0.671029 0.0288715 6 3 6 3
11054 10823 231 3 0.799977 0.768842 0.031135 8 1 7 1
11723 11373 350 5 0.899969 0.858684 0.0412844 6 3 3 3
12637 12379 258 2 0.59989 0.568673 0.031217 4 5 4 5
12797 12665 132 6 0.599935 0.583671 0.0162638 6 3 6 3
13283 13083 200 1 0.899989 0.876938 0.0230506 8 1 7 1
13532 13125 407 4 0.699968 0.650738 0.04923 7 2 7 1
13992 13887 105 7 0.782794 0.767246 0.0155487 7 2 7 2
14164 13911 253 0 0.699964 0.671968 0.027996 6 3 6 3
14593 14445 148 3 0.699972 0.682224 0.0177485 5 4 5 4
14747 14683 64 8 0.699968 0.691161 0.00880691 6 3 6 3
15747 15692 55 5 0.599919 0.592256 0.00766304 7 2 7 2
15818 15765 53 7 0.899905 0.893852 0.00605294 6 3 5 2
16314 16099 215 9 0.499915 0.475293 0.0246226 7 2 7 2
17112 16827 285 8 0.899918 0.866795 0.0331228 9 0 7 0
18113 17816 297 6 0.599974 0.565309 0.0346656 7 2 7 2
18592 18235 357 5 0.899801 0.857135 0.0426652 8 1 6 1
18916 18703 213 7 0.699893 0.672511 0.0273824 7 2 7 2
19368 19121 247 4 0.499999 0.47112 0.0288783 7 2 7 2
19614 19346 268 2 0.399958 0.368853 0.0311049 7 2 7 2
19649 19230 419 3 0.59998 0.546365 0.0536151 7 2 7 2
19722 19628 94 1 0.299943 0.287724 0.0122187 4 5 4 5
20378 20206 172 8 0.699912 0.678303 0.0216087 4 5 3 5
21058 20888 170 5 0.799954 0.778869 0.0210851 5 4 4 4
21436 21181 255 0 0.299969 0.268832 0.0311366 4 5 4 5
22175 21865 310 9 0.59999 0.561864 0.0381261 3 6 3 6
22683 22344 339 3 0.8999 0.860603 0.0392971 5 4 5 4
23476 23181 295 4 0.799898 0.766415 0.0334833 7 2 6 2
24569 24478 91 7 0.499954 0.484512 0.0154423 8 1 8 1
24640 24485 155 5 0.699929 0.681839 0.0180895 7 2 7 2
24945 24892 53 6 0.399999 0.390906 0.00909315 8 1 8 1
25299 25008 291 8 0.599933 0.566142 0.0337908 8 1 8 1
26259 26002 257 1 0.59993 0.569175 0.0307547 6 3 6 3
26286 26130 156 0 0.799928 0.778043 0.0218849 8 1 7 1
27034 26981 53 4 0.699914 0.694028 0.0058853 6 3 6 3
28125 27944 181 8 0.899909 0.878779 0.0211305 7 2 6 2
28241 28004 237 0 0.899994 0.86999 0.0300047 6 3 6 3
28465 28129 336 9 0.499929 0.459761 0.0401683 7 2 7 2
28506 28090 416 2 0.299978 0.241025 0.058953 7 2 7 2
29204 29109 95 3 0.299885 0.287532 0.0123531 6 3 6 3
29268 29171 97 5 0.599911 0.586113 0.0137978 7 2 7 2
