1534 789 745 14 0.899986 0.810651 0.0893355 3 0 3 0
1752 1689 63 2 0.799956 0.791492 0.00846354 6 0 6 0
2088 1696 392 8 0.799984 0.754154 0.0458301 7 0 7 0
2810 2440 370 4 0.699946 0.657313 0.0426335 11 0 11 0
2857 2524 333 9 0.699909 0.662919 0.0369904 12 0 12 0
2887 2447 440 6 0.69989 0.6509 0.0489906 10 1 10 1
2944 2506 438 12 0.699928 0.651096 0.0488319 6 1 6 1
2995 2500 495 5 0.699957 0.644105 0.0558522 11 0 11 0
3017 2469 548 7 0.699893 0.63879 0.0611034 12 0 12 0
3046 2463 583 3 0.699873 0.631689 0.0681839 8 1 8 1
3071 2508 563 11 0.699975 0.635865 0.0641093 9 1 9 1
3230 2586 644 18 0.699991 0.623558 0.0764322 7 1 7 1
3453 3286 167 17 0.599896 0.579624 0.0202714 13 4 13 4
3688 3454 234 13 0.599965 0.569108 0.0308576 10 1 10 1
3771 3325 446 0 0.599915 0.547846 0.0520695 9 3 9 3
3981 3462 519 1 0.599989 0.540533 0.0594559 5 1 5 1
4413 4360 53 2 0.799964 0.793538 0.00642585 6 0 0 0
4708 4265 443 15 0.499999 0.450578 0.0494213 9 4 9 4
4716 4316 400 19 0.499963 0.452857 0.0471058 7 7 7 6
5662 5131 531 16 0.399964 0.335975 0.0639897 13 2 13 2
5681 5130 551 10 0.399973 0.336389 0.063584 10 3 10 3
6769 6141 628 5 0.799936 0.730263 0.0696731 15 0 7 0
6922 6323 599 18 0.799944 0.73201 0.0679336 10 2 5 1
7402 6968 434 2 0.799937 0.750794 0.0491427 10 1 5 1
7471 6929 542 12 0.699959 0.637304 0.0626555 8 5 6 4
7474 7176 298 11 0.699924 0.66462 0.0353041 12 4 7 3
7684 7357 327 0 0.799947 0.760348 0.0395983 13 4 6 1
7803 7727 76 9 0.599915 0.589101 0.0108133 14 2 8 2
7866 7517 349 14 0.399919 0.357799 0.0421194 8 6 6 6
8144 7791 353 6 0.599951 0.55649 0.0434619 16 3 9 3
8677 8541 136 4 0.499957 0.483428 0.0165297 11 4 6 4
9123 8724 399 17 0.599938 0.549195 0.050743 14 3 8 3
9496 9287 209 1 0.599924 0.573209 0.0267153 10 6 8 6
9990 9279 711 10 0.899815 0.81114 0.0886753 11 2 1 0
10269 10180 89 2 0.799948 0.78832 0.0116279 11 1 2 0
10347 9753 594 7 0.399944 0.332107 0.0678369 12 4 9 4
10434 9922 512 8 0.199912 0.142019 0.0578933 11 5 10 5
10724 10628 96 3 0.2999 0.288252 0.0116478 10 6 8 5
10957 10595 362 11 0.799948 0.756235 0.0437133 15 4 7 0
11846 11271 575 15 0.499919 0.435825 0.064094 10 6 7 3
12597 12293 304 13 0.199897 0.165606 0.0342901 12 6 10 6
12649 12107 542 1 0.899939 0.839754 0.0601852 11 5 3 0
13016 12831 185 9 0.599936 0.57779 0.0221461 15 3 10 3
13158 13094 64 5 0.399934 0.390815 0.00911896 15 3 10 3
13354 12757 597 16 0.49999 0.432421 0.0675693 14 2 7 1
13711 13447 264 6 0.599996 0.570767 0.0292295 13 6 6 3
13712 13291 421 18 0.399901 0.348439 0.0514621 12 3 7 2
13797 13120 677 14 0.69993 0.619275 0.0806551 7 8 3 3
13910 13296 614 12 0.499902 0.429438 0.0704634 13 4 10 4
14448 14207 241 4 0.599971 0.571562 0.0284089 15 2 8 2
14713 14231 482 10 0.59998 0.543155 0.0568249 12 3 8 2
14958 14368 590 17 0.599906 0.53281 0.0670962 16 2 11 1
14964 14572 392 11 0.69991 0.65338 0.0465297 15 4 4 2
15073 14714 359 0 0.299908 0.258612 0.0412963 17 1 9 1
15170 14631 539 19 0.0999124 0.0402273 0.0596851 13 6 10 5
16952 16278 674 2 0.399783 0.323477 0.0763067 12 5 7 5
18617 18534 83 15 0.49995 0.489232 0.0107179 8 8 7 2
19184 18819 365 4 0.699995 0.65827 0.0417252 15 2 7 1
19194 19081 113 5 0.599909 0.586108 0.0138008 16 2 10 2
19250 18986 264 11 0.699929 0.668495 0.0314348 17 2 7 0
19295 18777 518 3 0.399893 0.340324 0.0595696 12 5 9 2
19370 19123 247 16 0.59995 0.572725 0.0272253 15 3 6 3
19370 18974 396 18 0.699993 0.654042 0.0459502 14 1 6 1
19390 19096 294 9 0.499987 0.467656 0.0323311 15 4 9 3
19508 19419 89 1 0.299946 0.289901 0.010045 15 3 11 1
19625 19194 431 7 0.299977 0.24988 0.0500962 13 5 6 3
19671 19149 522 8 0.399951 0.338678 0.0612735 12 5 9 3
19679 19145 534 10 0.699923 0.640611 0.059312 14 3 6 0
20054 19768 286 14 0.499976 0.464755 0.0352203 8 8 3 2
20311 19737 574 6 0.499972 0.432969 0.0670037 15 4 10 1
20536 20414 122 13 0.499992 0.485726 0.0142656 15 3 9 0
21793 21497 296 12 0.399961 0.365248 0.0347128 13 4 3 2
22517 22123 394 17 0.399886 0.35137 0.0485162 16 3 9 2
23309 23197 112 2 0.599932 0.587621 0.0123111 11 7 7 4
23515 23442 73 19 0.499948 0.491759 0.00818941 13 6 7 5
23567 23319 248 15 0.699928 0.671147 0.0287814 11 5 5 1
23997 23475 522 5 0.699897 0.641482 0.058415 16 2 7 2
24267 23719 548 3 0.799996 0.739279 0.0607169 12 5 3 0
24372 24074 298 4 0.599997 0.562848 0.0371484 16 2 6 1
24435 24196 239 9 0.699895 0.669663 0.0302326 14 5 8 2
24702 24141 561 1 0.799905 0.736683 0.0632225 15 3 4 0
25137 24596 541 10 0.599944 0.534752 0.0651912 12 6 5 5
25606 25051 555 0 0.199914 0.137187 0.062728 15 4 11 4
25813 25476 337 16 0.499954 0.46054 0.0394141 15 4 5 3
26660 26044 616 18 0.399958 0.329229 0.0707285 14 3 9 3
27091 27038 53 7 0.49994 0.493834 0.00610588 16 3 9 1
27095 26665 430 11 0.299967 0.249852 0.0501151 14 5 11 5
27461 26725 736 8 0.499918 0.410311 0.0896071 12 6 11 2
27904 27484 420 15 0.699936 0.650943 0.0489927 11 6 7 3
28522 28088 434 5 0.699989 0.651377 0.0486121 16 2 7 1
28961 28642 319 17 0.599929 0.562287 0.0376417 12 7 5 5
28972 28428 544 2 0.599986 0.538784 0.061202 13 6 9 2
29374 28778 596 12 0.499901 0.432022 0.0678785 14 3 4 2
29401 29247 154 1 0.599901 0.580746 0.0191547 16 2 10 2
29608 29141 467 14 0.1999 0.147289 0.0526107 9 10 9 6
