1668 1609 59 6 0.799877 0.791718 0.00815974 8 0 8 0
1850 1634 216 16 0.799954 0.774431 0.0255232 7 0 7 0
1877 1661 216 13 0.799973 0.772799 0.0271739 9 0 9 0
1957 1699 258 17 0.799893 0.767964 0.0319291 7 0 7 0
2006 1675 331 8 0.799978 0.759102 0.0408762 5 0 5 0
2029 1693 336 10 0.799925 0.760437 0.0394877 7 0 7 0
3066 2529 537 9 0.699935 0.638302 0.061633 8 1 8 1
3192 2577 615 5 0.699922 0.631356 0.0685667 11 1 11 1
3487 3431 56 15 0.599921 0.592722 0.00719846 13 1 13 1
3507 3454 53 4 0.599873 0.593227 0.00664573 12 0 12 0
3594 3377 217 19 0.599894 0.572773 0.0271204 14 0 14 0
3733 3434 299 11 0.599954 0.56548 0.0344741 13 1 13 1
3882 3378 504 2 0.599913 0.541621 0.0582913 12 0 12 0
4455 4178 277 7 0.499935 0.467776 0.0321594 16 0 16 0
4517 4345 172 1 0.499945 0.479728 0.0202172 13 1 13 1
4871 4236 635 3 0.499936 0.429117 0.0708188 9 2 9 2
4897 4352 545 0 0.499997 0.438189 0.0618076 10 1 10 1
4908 4317 591 18 0.499908 0.432493 0.0674154 9 0 9 0
5627 5160 467 12 0.399931 0.345071 0.0548594 10 2 10 2
6087 5595 492 10 0.699828 0.64469 0.0551384 10 3 8 3
6638 6423 215 17 0.599934 0.575927 0.0240071 11 1 7 1
6912 6838 74 14 0.199932 0.18938 0.0105519 12 5 12 5
6948 6873 75 6 0.499944 0.490388 0.00955578 9 4 7 4
7967 7289 678 5 0.699941 0.621318 0.0786231 15 0 4 0
8098 7975 123 16 0.399942 0.382639 0.0173032 10 2 6 2
8123 8054 69 13 0.399987 0.391229 0.00875824 12 3 5 3
8384 8081 303 18 0.899937 0.864822 0.0351151 11 0 4 0
8843 8235 608 8 0.399986 0.329396 0.0705902 13 1 13 1
9088 8645 443 15 0.599988 0.549651 0.0503373 14 2 10 1
9430 8793 637 19 0.599956 0.527666 0.0722905 15 2 11 2
10147 10094 53 2 0.499923 0.494101 0.00582257 14 1 9 1
10185 9476 709 4 0.499978 0.416267 0.083711 13 4 5 4
10446 10102 344 7 0.599964 0.56051 0.0394535 12 5 6 5
10684 10631 53 9 0.299931 0.2923 0.00763111 11 3 9 3
10877 10678 199 3 0.599922 0.577573 0.0223485 13 2 9 1
11151 11005 146 10 0.599993 0.581924 0.018069 13 2 9 1
12153 11616 537 12 0.599959 0.53984 0.0601188 13 5 7 4
12286 11866 420 17 0.599849 0.551489 0.0483599 13 3 7 2
12299 11609 690 11 0.299809 0.219944 0.079865 12 5 5 4
12433 11791 642 1 0.399936 0.325055 0.074881 16 3 10 3
13818 13322 496 8 0.799981 0.742626 0.0573549 15 1 7 0
13862 13393 469 6 0.499924 0.446619 0.0533058 12 7 9 5
14206 14153 53 0 0.199922 0.192651 0.00727084 14 3 13 3
14242 13537 705 15 0.699903 0.616855 0.0830482 17 1 8 0
15100 14816 284 2 0.699967 0.667929 0.0320376 17 1 8 0
15117 14666 451 5 0.399972 0.346746 0.0532259 14 4 10 4
15452 14949 503 13 0.499895 0.441601 0.0582938 13 5 5 4
15978 15925 53 16 0.399918 0.3932 0.00671796 11 4 5 3
16123 15742 381 7 0.599833 0.556985 0.0428489 13 5 9 4
16448 15913 535 18 0.199994 0.136216 0.0637778 13 5 9 5
16790 16346 444 10 0.599957 0.546154 0.0538034 15 3 8 2
16829 16366 463 14 0.299973 0.246986 0.052987 14 4 10 3
17004 16704 300 17 0.699944 0.666414 0.0335293 14 4 10 3
17091 17035 56 9 0.599972 0.58977 0.0102021 13 5 8 4
17349 17227 122 11 0.799942 0.783209 0.0167328 12 5 3 1
17552 17497 55 12 0.599936 0.591712 0.00822463 17 1 10 0
17706 17477 229 8 0.699924 0.673515 0.0264085 15 1 5 0
19072 18629 443 4 0.29999 0.249294 0.0506958 12 5 11 4
19427 19266 161 19 0.0999167 0.0792509 0.0206658 15 4 10 4
19821 19694 127 7 0.799972 0.784269 0.0157026 12 6 4 2
20123 19534 589 3 0.199943 0.131388 0.0685549 15 3 9 1
20376 20179 197 15 0.499979 0.477061 0.0229183 16 3 8 3
20868 20395 473 10 0.799891 0.744766 0.0551257 16 2 8 0
20988 20353 635 1 0.399891 0.325237 0.0746543 10 9 5 8
21599 21211 388 13 0.599994 0.555739 0.0442551 16 3 13 2
21873 21818 55 0 0.499912 0.492555 0.00735731 13 6 6 4
22377 21678 699 2 0.399904 0.320174 0.0797299 13 6 6 6
22760 22160 600 5 0.499938 0.429852 0.0700857 16 2 10 2
23012 22690 322 12 0.599934 0.5627 0.0372346 16 3 6 3
23924 23382 542 14 0.599986 0.539079 0.0609068 15 3 9 2
24146 23658 488 16 0.399924 0.340466 0.0594575 13 4 10 4
24384 24205 179 11 0.299968 0.280287 0.0196811 14 5 11 3
24431 23969 462 9 0.399893 0.347145 0.0527474 14 5 8 3
24622 24235 387 15 0.799977 0.75644 0.0435378 17 2 5 0
24718 24301 417 8 0.399975 0.354082 0.0458934 12 5 10 4
24800 24024 776 6 0.0998904 0.00832268 0.0915678 14 5 10 4
25115 24542 573 17 0.299953 0.232723 0.0672298 9 10 5 8
26500 26052 448 18 0.299955 0.2482 0.0517543 9 10 8 9
26812 26240 572 10 0.499936 0.433934 0.0660024 17 2 12 1
27073 26507 566 4 0.499913 0.436924 0.0629885 12 6 5 2
28199 28086 113 1 0.499991 0.48719 0.0128008 12 7 5 5
28247 27536 711 19 0.499919 0.416567 0.0833515 8 11 4 9
28301 28247 54 12 0.599972 0.590618 0.00935386 13 6 5 4
28310 27628 682 7 0.199995 0.121319 0.0786755 7 12 5 9
28869 28590 279 2 0.599935 0.568526 0.0314097 14 5 6 3
29007 28442 565 14 0.699954 0.636954 0.0630001 14 4 3 1
29135 28841 294 9 0.799959 0.764385 0.0355736 15 4 5 0
29365 28914 451 3 0.399944 0.349704 0.0502397 14 5 5 4
29380 29103 277 8 0.799835 0.767526 0.0323085 12 6 3 1
