1409 843 566 5 0.899996 0.836814 0.0631816 3 0 3 0
1420 767 653 12 0.899897 0.826399 0.0734981 5 0 5 0
1911 1670 241 16 0.799914 0.770749 0.0291653 7 0 7 0
1990 1645 345 10 0.799964 0.75828 0.0416844 7 0 7 0
2074 1671 403 11 0.799933 0.751064 0.048869 6 0 6 0
2154 1678 476 1 0.799918 0.743117 0.0568015 8 1 8 1
2989 2513 476 14 0.699975 0.644991 0.0549836 7 1 7 1
3020 2568 452 9 0.699916 0.648911 0.0510051 9 1 9 1
3305 2528 777 17 0.699989 0.608519 0.0914701 14 3 13 1
4621 4288 333 6 0.499982 0.462242 0.0377397 12 0 12 0
4754 4191 563 18 0.499996 0.434571 0.0654254 13 0 13 0
4841 4733 108 12 0.699904 0.687857 0.0120471 9 3 7 3
4853 4337 516 13 0.499932 0.440571 0.0593614 9 3 9 3
4880 4346 534 8 0.499991 0.438254 0.0617377 10 3 10 3
5261 5159 102 19 0.399944 0.388733 0.0112111 11 5 11 4
5279 5158 121 15 0.399983 0.386584 0.0133991 10 2 10 2
5424 5140 284 2 0.399963 0.366556 0.0334063 8 1 8 1
5530 5176 354 0 0.399867 0.360396 0.0394704 11 2 11 2
5904 5584 320 10 0.699983 0.659989 0.0399945 9 1 6 1
6051 5376 675 16 0.699909 0.623598 0.0763101 8 1 4 1
6119 5515 604 5 0.599923 0.530663 0.0692604 9 5 8 5
6549 6086 463 3 0.299908 0.246376 0.0535323 10 4 10 4
6681 5960 721 4 0.299989 0.216039 0.0839502 12 3 12 3
8022 7569 453 1 0.499983 0.448561 0.0514225 7 6 6 6
8091 7830 261 7 0.0999552 0.0702925 0.0296627 15 1 15 1
9170 8794 376 14 0.5 0.455075 0.0449246 9 3 4 2
9305 9123 182 11 0.299908 0.27761 0.0222983 13 4 11 4
9659 9528 131 15 0.799948 0.783107 0.0168409 12 2 3 0
9964 9798 166 5 0.79997 0.77956 0.0204094 12 4 6 1
10062 9454 608 6 0.699925 0.629756 0.0701688 14 2 7 2
10172 9618 554 9 0.39995 0.336156 0.0637948 11 4 9 4
10261 10127 134 17 0.399914 0.385055 0.0148597 17 1 10 1
10732 10584 148 18 0.599991 0.579897 0.0200937 12 4 3 4
11422 11152 270 12 0.399941 0.366779 0.0331613 13 5 8 4
12462 11935 527 16 0.499893 0.438311 0.0615822 11 3 8 2
13389 13116 273 3 0.599826 0.568044 0.0317819 11 4 6 2
13433 12843 590 1 0.699977 0.634418 0.0655588 11 5 6 1
13542 12976 566 19 0.399919 0.332844 0.0670752 11 6 7 4
13568 13081 487 2 0.399899 0.345414 0.0544855 11 5 8 4
13965 13256 709 8 0.299949 0.220494 0.0794554 12 6 9 4
13982 13375 607 0 0.399803 0.327656 0.0721466 14 3 9 2
14427 14226 201 10 0.199978 0.174779 0.0251992 15 3 13 3
14488 14090 398 13 0.199983 0.153834 0.0461481 14 3 9 3
15008 14767 241 15 0.499969 0.470345 0.0296239 12 7 7 6
15206 15153 53 4 0.399864 0.391739 0.00812471 15 2 7 2
15307 14633 674 9 0.799977 0.719227 0.0807497 13 5 2 1
16193 15772 421 14 0.49994 0.451328 0.0486117 12 5 9 3
16468 15937 531 18 0.59993 0.536517 0.0634129 13 5 8 3
16848 16226 622 7 0.499954 0.406446 0.0935075 15 2 8 2
17356 16872 484 5 0.299948 0.244905 0.0550438 14 3 12 2
17607 17469 138 11 0.399894 0.381933 0.017961 13 5 9 4
17798 17499 299 12 0.599938 0.564373 0.0355651 10 8 4 3
18592 18509 83 6 0.199953 0.188294 0.0116591 12 7 10 6
18606 17967 639 17 0.399915 0.325386 0.0745293 13 6 11 5
18665 18612 53 2 0.699853 0.693526 0.0063267 12 5 4 2
18708 18478 230 3 0.59991 0.566951 0.0329582 12 7 7 5
19475 19297 178 1 0.499909 0.47996 0.0199497 11 7 8 4
19854 19678 176 13 0.799959 0.779076 0.0208825 15 2 4 0
19914 19339 575 0 0.699907 0.631441 0.068466 16 2 9 0
19944 19741 203 19 0.599958 0.574758 0.0252 11 7 6 4
20474 19133 1341 16 0.499932 0.344649 0.155284 12 5 8 4
21272 21072 200 14 0.699927 0.675791 0.0241367 13 5 5 1
21644 21313 331 10 0.599958 0.563557 0.0364011 15 3 7 2
21941 21503 438 8 0.499957 0.450789 0.0491678 11 8 9 4
22195 21895 300 11 0.799906 0.76597 0.0339358 13 5 4 1
22377 21877 500 18 0.599941 0.544011 0.0559309 15 4 4 0
22525 22406 119 9 0.299928 0.28683 0.0130974 11 8 9 6
23339 22928 411 4 0.399953 0.352677 0.0472758 9 9 7 8
23413 23358 55 13 0.699992 0.691811 0.00818041 16 1 5 1
23990 23299 691 15 0.299783 0.219744 0.0800383 10 9 7 7
24460 23917 543 5 0.599903 0.537629 0.0622739 16 2 5 0
24729 24184 545 2 0.499982 0.433397 0.0665845 12 5 7 2
24902 24847 55 12 0.399986 0.393736 0.0062493 10 9 9 5
24956 24331 625 10 0.899948 0.822627 0.0773209 16 2 4 0
25180 25021 159 1 0.599923 0.579547 0.0203752 10 8 7 6
25412 24846 566 3 0.499947 0.433267 0.0666798 11 8 7 5
26799 26084 715 19 0.499891 0.415217 0.0846741 14 5 6 3
26817 26198 619 7 0.199916 0.124882 0.0750332 15 3 10 2
26972 26916 56 14 0.499929 0.492551 0.00737732 15 4 9 4
27769 27530 239 0 0.299933 0.272002 0.0279304 13 6 9 5
27838 27479 359 16 0.499911 0.455889 0.0440215 11 7 7 3
27846 27415 431 17 0.299896 0.249197 0.0506991 10 9 9 7
28089 27464 625 11 0.499985 0.429267 0.0707175 13 6 8 3
28776 28042 734 9 0.699983 0.616315 0.0836679 12 7 4 1
29172 28533 639 8 0.499936 0.426997 0.0729381 15 4 10 2
29196 28614 582 18 0.499956 0.432576 0.0673803 12 7 8 5
29281 28868 413 6 0.199927 0.153006 0.0469212 15 4 11 3
