1405 857 548 11 0.899909 0.838494 0.0614154 6 0 6 0
1861 1658 203 18 0.799963 0.776375 0.0235881 8 0 8 0
1956 1606 350 7 0.8 0.757278 0.0427215 4 0 4 0
2819 2446 373 9 0.699921 0.658804 0.0411164 6 0 6 0
2835 2564 271 16 0.699914 0.668854 0.0310598 8 0 8 0
3165 2562 603 12 0.699928 0.629951 0.0699773 9 0 9 0
3195 2541 654 4 0.699872 0.626696 0.0731755 9 1 9 1
3414 3331 83 0 0.599844 0.587554 0.0122904 13 0 13 0
3451 3294 157 14 0.599935 0.580877 0.0190577 10 1 10 1
3471 3351 120 5 0.599959 0.584388 0.015571 14 2 14 2
3634 3405 229 17 0.599906 0.570846 0.0290602 13 0 13 0
3636 3283 353 10 0.599993 0.556324 0.0436691 9 1 9 1
3696 3404 292 3 0.599915 0.564435 0.0354799 8 1 8 1
4185 3828 357 7 0.899995 0.859259 0.0407355 6 0 3 0
4507 4328 179 15 0.49994 0.479089 0.0208519 9 2 9 2
4516 4283 233 1 0.499991 0.474369 0.0256211 13 2 13 2
4572 4309 263 6 0.499907 0.470986 0.0289211 12 2 12 2
4580 4195 385 8 0.499993 0.45687 0.0431229 12 1 12 1
4921 4709 212 11 0.699904 0.675832 0.0240716 9 2 5 2
5269 5163 106 13 0.399962 0.38803 0.0119319 7 6 7 6
5430 5094 336 19 0.399944 0.361808 0.0381369 11 1 11 1
6301 5934 367 2 0.299997 0.256469 0.043528 12 2 12 2
6608 6489 119 4 0.799945 0.787059 0.0128863 10 1 3 1
6952 6325 627 10 0.899943 0.828045 0.0718984 9 1 1 0
7186 7132 54 18 0.499978 0.492876 0.0071027 12 4 7 4
7628 7265 363 3 0.799895 0.756847 0.043048 10 0 4 0
8051 7998 53 11 0.799939 0.794121 0.00581817 10 2 3 0
8439 7987 452 17 0.699833 0.644851 0.054982 16 0 10 0
8535 8379 156 15 0.799918 0.780406 0.0195126 10 3 6 1
8813 8430 383 0 0.599952 0.555474 0.0444786 12 2 6 2
9233 9001 232 12 0.499938 0.472933 0.0270045 14 3 11 3
9597 9412 185 10 0.799962 0.77721 0.0227516 13 2 4 1
9796 9483 313 14 0.499969 0.465548 0.0344211 14 2 11 2
9968 9424 544 9 0.399826 0.337127 0.0626985 14 3 10 3
10050 9546 504 8 0.699903 0.642307 0.0575955 13 4 7 3
11104 10602 502 11 0.799948 0.744151 0.0557967 11 3 3 1
11470 11245 225 5 0.299995 0.273444 0.026551 13 4 9 3
11493 11424 69 19 0.599969 0.590493 0.00947546 9 6 7 6
11497 11141 356 16 0.199949 0.157506 0.0424431 11 5 11 5
12058 11870 188 6 0.399967 0.374203 0.0257638 17 1 12 1
12399 11782 617 7 0.199998 0.128252 0.0717459 15 1 13 1
12443 12390 53 0 0.799835 0.793262 0.00657311 13 3 5 1
13130 12690 440 18 0.59991 0.548623 0.0512876 11 6 7 3
13207 12507 700 17 0.699948 0.618051 0.0818975 15 2 5 2
13297 12725 572 1 0.299761 0.236438 0.0633236 15 5 12 4
13744 12969 775 13 0.39999 0.305367 0.0946229 14 4 12 1
13810 13534 276 3 0.399964 0.367042 0.0329213 8 8 7 8
14392 13765 627 15 0.499894 0.428139 0.0717552 16 0 11 0
14614 14014 600 19 0.899925 0.830025 0.0699004 10 5 1 0
14884 14471 413 4 0.199968 0.150383 0.049585 10 8 10 8
16554 16133 421 9 0.599896 0.550953 0.0489438 13 5 5 4
16583 16250 333 2 0.199929 0.160956 0.0389732 16 3 12 2
16694 16564 130 12 0.39994 0.38159 0.0183506 9 9 6 8
17914 17610 304 8 0.299931 0.265154 0.0347769 10 8 7 6
18321 18014 307 14 0.299994 0.265184 0.0348105 13 5 7 5
18407 18201 206 10 0.099995 0.0772126 0.0227824 15 4 15 3
19078 18946 132 11 0.199948 0.183754 0.0161938 11 6 8 6
19536 19407 129 7 0.599948 0.58516 0.0147884 15 3 8 2
19633 19266 367 16 0.499998 0.458421 0.0415772 16 3 12 1
19721 19246 475 0 0.299909 0.24196 0.0579495 16 3 13 2
19724 18986 738 6 0.499942 0.414357 0.0855845 16 3 9 3
20287 19918 369 3 0.599893 0.55775 0.0421428 11 5 6 0
20307 20038 269 13 0.599897 0.568068 0.0318298 14 4 7 2
20548 19898 650 1 0.599996 0.523876 0.0761197 15 5 10 1
20937 20595 342 5 0.299999 0.260449 0.0395497 15 3 11 3
20998 20552 446 19 0.399976 0.350237 0.0497389 11 5 9 2
21600 21016 584 18 0.299902 0.233785 0.0661168 12 6 9 4
22322 21961 361 15 0.399957 0.358949 0.0410087 17 1 11 1
22396 21641 755 17 0.199946 0.11433 0.0856154 11 8 7 8
22950 22628 322 2 0.699903 0.663748 0.0361549 16 3 4 1
23375 22697 678 8 0.799905 0.718253 0.0816516 11 7 3 0
23700 23458 242 4 0.39994 0.370184 0.0297562 12 7 5 1
24509 23966 543 14 0.699903 0.639407 0.0604965 12 6 4 2
25368 24977 391 11 0.699844 0.655569 0.0442745 13 5 6 2
25460 25216 244 2 0.899928 0.871444 0.0284842 16 3 1 0
25558 25249 309 9 0.199902 0.162472 0.0374302 14 5 13 4
25773 25198 575 1 0.699954 0.635632 0.0643221 13 7 6 3
26085 25689 396 5 0.799956 0.755253 0.0447029 17 2 8 0
26091 25250 841 16 0.599937 0.499894 0.100044 15 4 7 2
26671 26279 392 19 0.699977 0.650012 0.0499651 15 3 8 0
26916 26451 465 13 0.499947 0.442772 0.057175 14 5 6 2
27194 26996 198 12 0.0999925 0.0755281 0.0244644 10 9 9 9
27761 27385 376 10 0.399965 0.356279 0.0436859 15 4 9 4
28309 28082 227 0 0.399905 0.372578 0.0273274 16 3 11 2
28364 28166 198 18 0.599928 0.576766 0.0231618 13 6 4 1
28514 28024 490 8 0.599935 0.544526 0.0554081 15 4 12 1
28606 28204 402 6 0.299943 0.254287 0.0456557 12 7 7 5
28818 28626 192 17 0.699972 0.67679 0.0231821 13 6 6 2
29145 29091 54 3 0.199926 0.191951 0.00797484 14 5 10 2
29672 29118 554 7 0.0999663 0.0365846 0.0633817 11 8 7 6
29802 29348 454 15 0.499973 0.449228 0.0507452 18 1 3 0
