1957 1703 254 14 0.799877 0.770247 0.0296302 10 0 10 0
2539 2453 86 6 0.699983 0.690532 0.00945111 8 1 8 1
2586 2408 178 9 0.699935 0.678586 0.0213496 8 0 8 0
2737 2450 287 1 0.699923 0.667418 0.0325053 10 0 10 0
2882 2498 384 10 0.699931 0.655621 0.0443098 7 0 7 0
3154 2494 660 3 0.699973 0.622447 0.0775259 11 0 11 0
3354 2529 825 12 0.699946 0.602668 0.0972774 6 1 6 1
3419 3354 65 13 0.599988 0.591001 0.00898685 9 3 9 3
3530 3385 145 4 0.599976 0.580943 0.0190334 9 2 9 2
3536 3389 147 2 0.599944 0.582279 0.0176644 12 0 12 0
3598 3482 116 18 0.599947 0.586939 0.0130083 4 0 4 0
3715 3487 228 15 0.599999 0.571225 0.0287739 11 0 11 0
3774 3384 390 16 0.5999 0.552768 0.0471324 12 0 12 0
4084 3371 713 0 0.599973 0.516845 0.0831277 8 1 8 1
4389 4222 167 11 0.499981 0.477144 0.0228373 8 4 8 4
4541 4255 286 7 0.499921 0.468235 0.0316868 10 2 10 2
4639 4356 283 8 0.499892 0.466747 0.0331446 10 1 10 1
4780 4666 114 14 0.799965 0.785413 0.0145521 12 0 3 0
5597 5169 428 5 0.399911 0.346519 0.0533919 8 7 8 7
6226 5989 237 17 0.29992 0.27358 0.0263399 10 4 10 4
6377 5964 413 19 0.299927 0.252966 0.0469608 13 3 13 3
6564 5938 626 13 0.899912 0.827895 0.0720165 10 2 2 0
7696 7215 481 3 0.699914 0.64478 0.0551334 9 4 6 4
7949 7410 539 9 0.599902 0.535649 0.0642525 13 1 9 1
8303 8187 116 16 0.699908 0.687369 0.0125391 14 0 7 0
8413 7895 518 18 0.699917 0.638006 0.061911 6 2 4 2
8490 8418 72 7 0.799982 0.790248 0.0097338 13 3 7 1
8859 8697 162 2 0.599925 0.580582 0.0193429 14 2 10 2
8935 8279 656 12 0.599971 0.524671 0.0752992 11 3 10 3
9009 8614 395 10 0.499939 0.45379 0.0461491 10 2 8 2
9254 8575 679 8 0.799968 0.718348 0.0816202 10 2 4 1
9564 8867 697 6 0.399895 0.320801 0.0790945 13 1 8 1
10334 10179 155 1 0.29996 0.282837 0.0171231 13 3 9 3
10414 9996 418 11 0.599928 0.551977 0.047951 9 6 6 5
10827 10744 83 13 0.599926 0.590138 0.00978802 12 4 6 2
11669 11605 64 15 0.299976 0.292068 0.00790761 15 2 12 2
11775 11361 414 4 0.29993 0.250609 0.0493214 11 5 9 3
12351 11961 390 0 0.299992 0.252448 0.0475448 15 1 12 1
12722 12028 694 19 0.699971 0.619906 0.080065 16 2 8 1
13073 12594 479 14 0.199963 0.144938 0.0550246 13 6 10 6
13259 12595 664 5 0.499911 0.422811 0.0771003 10 7 7 5
13729 13010 719 16 0.599976 0.516739 0.0832367 14 2 10 2
14494 13899 595 8 0.59993 0.532279 0.0676509 10 4 7 3
14845 14222 623 18 0.499918 0.428073 0.0718453 11 5 10 4
15236 14499 737 7 0.39985 0.315407 0.0844436 15 1 9 1
15313 15197 116 12 0.499935 0.484841 0.0150947 15 4 11 2
15400 15164 236 3 0.299948 0.27172 0.0282283 12 6 10 4
15590 15090 500 13 0.699937 0.643758 0.0561792 13 5 7 1
15604 15214 390 17 0.299993 0.256608 0.0433855 12 5 10 5
15882 15603 279 10 0.499969 0.467292 0.0326767 13 3 7 3
16047 15724 323 2 0.399907 0.360022 0.0398851 12 5 5 4
16133 15921 212 9 0.29998 0.273725 0.0262554 11 7 6 7
18131 17781 350 19 0.599893 0.557851 0.0420428 16 3 4 2
18308 18040 268 0 0.699974 0.66684 0.0331338 16 0 6 0
18827 18344 483 4 0.599912 0.543194 0.0567184 14 3 5 0
19574 19395 179 1 0.299939 0.27921 0.0207292 14 5 8 4
19981 19921 60 5 0.499895 0.492432 0.00746346 11 7 9 6
20146 20064 82 11 0.0999547 0.0890803 0.0108744 15 4 12 3
20236 20181 55 6 0.0999365 0.0923377 0.00759872 13 6 11 6
20831 20602 229 18 0.599973 0.573464 0.0265084 17 1 11 1
21063 20613 450 15 0.299919 0.247567 0.0523517 16 3 14 3
21496 20982 514 3 0.699928 0.642477 0.057451 14 5 9 0
21549 20856 693 9 0.799783 0.72112 0.0786626 14 5 6 1
21631 21561 70 10 0.599853 0.589426 0.0104269 13 4 4 1
21805 21701 104 14 0.399832 0.385685 0.0141468 16 3 11 0
22078 21626 452 8 0.399925 0.350102 0.0498227 12 5 11 2
22182 21808 374 16 0.299924 0.257191 0.0427328 17 1 12 1
22733 22306 427 13 0.39995 0.351148 0.0488019 10 9 6 7
22928 22397 531 7 0.499909 0.434411 0.0654976 15 4 7 4
24075 23738 337 17 0.399993 0.360517 0.0394762 12 6 8 2
24770 24374 396 12 0.199973 0.152774 0.0471986 16 3 12 2
25710 25621 89 11 0.799927 0.788692 0.0112353 16 3 4 0
25736 25681 55 0 0.299906 0.292546 0.00735982 14 5 8 5
26101 25554 547 2 0.199901 0.138929 0.0609727 16 2 14 1
26173 25919 254 4 0.399914 0.37109 0.0288233 13 6 10 4
26273 26023 250 18 0.599925 0.570202 0.0297234 16 3 8 3
26615 25871 744 10 0.699951 0.613072 0.0868791 15 4 9 1
26898 26481 417 3 0.599951 0.552988 0.0469635 14 5 6 2
26942 26887 55 19 0.199924 0.192062 0.00786162 14 5 9 5
27144 27021 123 9 0.499951 0.48616 0.0137917 17 2 12 0
27881 27781 100 1 0.399925 0.388266 0.0116585 12 7 6 5
28085 27361 724 8 0.699962 0.615722 0.0842398 13 5 6 2
28411 27830 581 16 0.699919 0.63379 0.0661289 17 1 4 0
29598 29385 213 15 0.399924 0.375133 0.0247911 13 6 6 5
29732 29616 116 7 0.499923 0.486243 0.0136799 13 6 9 4
