1462 822 640 10 0.899942 0.826603 0.0733385 6 0 6 0
1505 772 733 6 0.899861 0.810921 0.0889402 5 0 5 0
2875 2481 394 16 0.699994 0.655955 0.0440386 9 0 9 0
3009 2475 534 8 0.699952 0.638574 0.0613783 10 1 10 1
3031 2544 487 2 0.699868 0.642054 0.0578142 10 1 10 1
3065 2454 611 15 0.699979 0.62889 0.0710898 11 1 11 1
3639 3304 335 1 0.599985 0.56192 0.0380657 11 0 11 0
3683 3324 359 7 0.59994 0.559121 0.0408194 11 0 11 0
3948 3367 581 19 0.599973 0.532893 0.0670799 10 1 10 1
4179 3466 713 17 0.599919 0.517147 0.082772 12 0 12 0
4446 4165 281 0 0.499976 0.467848 0.0321285 12 2 12 2
4511 4069 442 4 0.499949 0.448704 0.0512449 10 2 10 2
4557 4185 372 18 0.499941 0.456217 0.0437238 10 4 10 4
5022 4779 243 10 0.699913 0.67292 0.0269927 13 1 9 1
5045 4324 721 12 0.499977 0.416053 0.083924 10 2 10 2
5156 5028 128 14 0.39997 0.383565 0.0164046 11 4 11 4
5476 5137 339 9 0.399916 0.359462 0.0404547 12 3 12 1
5616 5155 461 3 0.399969 0.346103 0.0538664 9 3 9 3
6042 5798 244 6 0.599932 0.569229 0.0307032 9 0 6 0
6065 6012 53 11 0.299945 0.293258 0.00668655 8 5 8 5
6417 5913 504 13 0.299974 0.237523 0.0624509 6 8 6 8
6547 6356 191 7 0.899953 0.877792 0.0221608 12 0 2 0
7111 6833 278 5 0.199953 0.169382 0.0305711 13 3 13 3
8373 7935 438 8 0.599993 0.548383 0.0516102 10 6 5 5
9506 8855 651 2 0.499904 0.425574 0.0743298 14 3 11 2
9687 9326 361 19 0.599933 0.558174 0.0417599 14 2 9 2
9876 9211 665 0 0.699891 0.624628 0.0752632 13 3 7 3
9902 9821 81 9 0.799989 0.78891 0.011079 14 2 9 0
10089 9643 446 17 0.599911 0.550776 0.0491349 14 3 8 3
10292 9630 662 7 0.699864 0.624975 0.0748882 14 0 5 0
10321 10267 54 18 0.599826 0.592513 0.00731309 13 5 6 3
11124 10424 700 16 0.299926 0.220299 0.0796271 13 3 9 3
11188 11108 80 4 0.499979 0.48933 0.0106488 13 5 7 4
11288 10654 634 11 0.799955 0.724484 0.0754715 10 5 5 0
11333 10636 697 15 0.299905 0.217734 0.082171 12 1 10 1
11621 11565 56 1 0.299894 0.293743 0.00615111 15 3 11 3
11711 11574 137 10 0.399949 0.382887 0.017062 12 4 10 3
11713 11287 426 6 0.599919 0.550816 0.0491031 12 2 7 2
11986 11611 375 9 0.89989 0.853476 0.0464139 15 2 3 0
12931 12560 371 12 0.39999 0.355164 0.0448262 13 5 10 5
13302 12602 700 3 0.499947 0.41872 0.0812272 12 5 8 4
13729 13676 53 14 0.299916 0.293468 0.00644769 12 7 8 6
14900 14428 472 7 0.699939 0.645886 0.054053 14 1 5 1
15085 15024 61 11 0.699996 0.693295 0.00670111 15 4 9 3
15134 14708 426 13 0.399982 0.349703 0.0502796 12 6 11 3
15456 14962 494 19 0.599906 0.542777 0.0571291 16 2 10 1
15666 15324 342 1 0.89993 0.859361 0.0405689 16 2 6 0
16302 15757 545 5 0.399968 0.336909 0.063059 14 5 10 3
16675 16078 597 18 0.499971 0.430832 0.0691392 17 2 12 1
16697 16622 75 0 0.399997 0.391418 0.00857931 14 4 10 3
16698 16365 333 8 0.299949 0.259162 0.0407868 12 4 9 2
16832 16285 547 17 0.499997 0.437528 0.062469 13 6 9 5
17251 17004 247 9 0.499996 0.471101 0.0288944 10 8 8 7
17302 16763 539 10 0.699898 0.636243 0.0636553 13 5 5 2
17432 16920 512 16 0.699978 0.640532 0.0594454 15 2 8 0
17641 17135 506 15 0.699976 0.641147 0.0588288 12 2 2 1
18039 17916 123 2 0.299921 0.28494 0.0149816 11 8 7 8
19952 19380 572 4 0.299996 0.230395 0.0696005 16 3 10 1
20175 20062 113 14 0.599942 0.586628 0.0133139 11 8 8 4
20311 19612 699 6 0.299903 0.220038 0.0798653 11 6 11 6
20363 20036 327 3 0.499972 0.462458 0.0375138 14 3 8 3
20586 19888 698 12 0.499995 0.419881 0.0801141 14 4 6 2
21266 20821 445 19 0.599984 0.547762 0.0522226 13 5 5 3
21839 21548 291 18 0.699907 0.664367 0.0355399 18 1 8 0
22187 21501 686 11 0.399934 0.32157 0.0783636 14 5 9 3
22389 22300 89 1 0.299991 0.288173 0.0118179 12 7 7 6
22585 22128 457 13 0.499943 0.447745 0.0521978 17 2 10 0
22729 22596 133 15 0.599891 0.584236 0.0156554 15 2 10 0
22962 22378 584 16 0.599935 0.527503 0.0724319 16 2 11 0
23262 22812 450 9 0.59992 0.550123 0.0497962 11 9 6 3
23460 23316 144 7 0.199987 0.181014 0.0189725 12 6 9 6
23632 23243 389 8 0.599974 0.55393 0.0460441 16 2 7 1
25140 24855 285 10 0.299986 0.266273 0.0337137 12 7 9 5
25245 25055 190 5 0.29994 0.277077 0.0228631 14 5 11 5
25381 25211 170 0 0.299954 0.27832 0.0216339 12 7 9 5
25537 25189 348 17 0.29989 0.257017 0.0428729 15 4 12 1
26291 25580 711 12 0.699847 0.618506 0.0813412 16 3 8 0
26525 26058 467 14 0.499976 0.448259 0.0517173 12 7 8 2
26782 26729 53 18 0.59984 0.592233 0.00760627 14 5 7 4
27338 27136 202 2 0.299972 0.277403 0.0225682 11 8 9 5
27832 27469 363 16 0.699987 0.659214 0.0407728 16 2 5 0
28152 27781 371 3 0.399938 0.354021 0.045917 15 3 11 1
28249 27659 590 7 0.899943 0.834224 0.0657184 13 5 2 0
29071 28980 91 8 0.599948 0.587468 0.01248 14 5 3 3
29098 28718 380 6 0.399894 0.354957 0.0449373 14 4 10 2
29885 29439 446 9 0.499895 0.450307 0.0495874 11 9 8 3
29985 29606 379 15 0.399984 0.355596 0.0443885 17 2 10 1
