1691 1589 102 2 0.799833 0.786408 0.0134247 14 0 14 0
1711 1644 67 13 0.799897 0.792326 0.00757115 13 2 12 1
2910 2583 327 15 0.699918 0.663783 0.0361358 8 0 8 0
2913 2462 451 6 0.699974 0.649464 0.0505102 9 0 9 0
2940 2517 423 8 0.699992 0.651328 0.0486637 9 1 9 1
3035 2510 525 7 0.699962 0.641865 0.0580966 9 0 9 0
3100 2523 577 1 0.699981 0.635629 0.0643512 10 1 10 1
3466 3407 59 4 0.59992 0.592243 0.00767748 12 2 12 2
3492 3410 82 19 0.599982 0.587947 0.012035 10 0 10 0
3533 3409 124 17 0.599907 0.584755 0.0151526 9 3 9 3
3663 3415 248 18 0.599894 0.571776 0.0281181 12 2 12 1
3791 3447 344 12 0.599998 0.559659 0.0403395 11 0 11 0
3971 3440 531 9 0.599946 0.537153 0.0627926 13 0 13 0
4522 4312 210 11 0.499902 0.473136 0.0267663 13 1 13 1
4567 4373 194 0 0.499895 0.477564 0.0223315 9 4 9 4
4626 4263 363 3 0.499951 0.45414 0.0458112 9 3 9 3
4962 4299 663 13 0.799942 0.722292 0.07765 14 2 1 0
4978 4287 691 16 0.499893 0.421659 0.0782343 9 1 9 1
6388 6011 377 10 0.299951 0.257561 0.0423894 13 4 12 2
6416 6025 391 5 0.299951 0.254367 0.0455844 7 9 7 9
6695 6095 600 6 0.799953 0.731689 0.0682641 13 0 5 0
7226 7170 56 1 0.699952 0.692804 0.00714745 10 3 6 2
7297 6897 400 2 0.499964 0.45367 0.0462937 11 7 5 7
7394 6870 524 14 0.199947 0.140257 0.0596905 14 1 15 1
8261 7976 285 7 0.599897 0.562747 0.0371499 11 1 7 1
8421 8209 212 12 0.699978 0.674988 0.0249904 9 3 4 3
9029 8502 527 9 0.6999 0.638182 0.0617181 14 0 4 0
9221 8621 600 8 0.499983 0.431099 0.0688837 11 4 7 3
9546 9448 98 3 0.699936 0.686137 0.013799 10 4 5 2
9777 9290 487 11 0.699896 0.646029 0.0538666 12 2 4 1
10447 10332 115 13 0.499947 0.487516 0.0124317 16 5 11 4
10865 10420 445 15 0.299942 0.250842 0.0491 7 6 6 6
11383 10635 748 18 0.399906 0.31252 0.087386 11 5 6 5
11473 11256 217 19 0.299917 0.274823 0.025094 12 3 6 3
11515 11190 325 5 0.799954 0.763881 0.0360724 10 7 5 1
12629 12143 486 2 0.699982 0.6462 0.0537815 14 5 7 2
12743 12068 675 10 0.699906 0.622193 0.0777124 14 5 3 2
12803 12115 688 4 0.199926 0.121992 0.077933 11 6 6 6
13362 12952 410 6 0.399921 0.351841 0.0480796 10 7 7 7
13559 13420 139 16 0.299799 0.281102 0.0186967 12 5 9 4
13592 13037 555 17 0.0999383 0.0308571 0.0690812 14 3 10 2
13624 13564 60 0 0.19993 0.191637 0.00829219 11 8 9 6
14079 13414 665 3 0.699858 0.623211 0.0766466 14 2 7 1
14626 14074 552 12 0.499923 0.43591 0.0640135 14 3 9 3
14670 14400 270 14 0.599938 0.568187 0.031751 13 4 6 4
14724 14193 531 8 0.69995 0.640704 0.0592456 14 3 6 2
14762 14527 235 1 0.299967 0.274077 0.0258902 12 4 7 2
15706 15332 374 7 0.399927 0.355902 0.0440254 12 3 8 3
15914 15686 228 15 0.799897 0.772707 0.0271905 8 5 3 1
16565 16428 137 11 0.39995 0.384153 0.0157965 14 4 8 4
17142 17087 55 19 0.699918 0.692309 0.00760868 11 4 3 1
17271 16879 392 13 0.499955 0.456079 0.0438758 16 5 5 2
17792 17589 203 2 0.599934 0.577046 0.0228875 13 6 5 3
17927 17494 433 9 0.199982 0.149881 0.0501008 13 5 8 5
17996 17751 245 6 0.79996 0.772674 0.027286 10 7 4 1
18031 17703 328 5 0.399964 0.363608 0.0363561 14 4 11 1
18377 18251 126 3 0.699918 0.686003 0.0139147 15 2 5 0
18746 18546 200 18 0.499973 0.47412 0.0258531 10 7 7 5
20151 19440 711 15 0.699964 0.6173 0.082664 11 6 7 2
20320 19755 565 14 0.599984 0.534158 0.0658265 11 7 8 4
20363 19829 534 4 0.599991 0.540136 0.0598545 14 5 7 3
20383 19789 594 6 0.899966 0.831758 0.0682078 10 7 0 0
20534 20366 168 0 0.599986 0.578585 0.0214005 14 5 10 2
20681 20379 302 10 0.299891 0.264915 0.0349751 12 6 7 4
21090 20801 289 16 0.499971 0.465524 0.0344472 12 6 7 2
21262 21035 227 17 0.59996 0.574836 0.0251244 14 3 6 2
21454 21400 54 8 0.399961 0.392816 0.0071454 13 4 8 3
21456 21222 234 1 0.599918 0.570176 0.0297418 13 3 4 1
21726 20839 887 11 0.799904 0.694059 0.105845 13 5 6 1
23172 23017 155 12 0.299893 0.278605 0.0212887 15 4 11 4
24169 23802 367 13 0.499961 0.456594 0.0433676 8 13 5 11
24477 23963 514 4 0.799905 0.743229 0.0566754 14 5 4 0
24486 24430 56 7 0.299996 0.292677 0.00731917 11 7 8 7
24507 23995 512 3 0.499895 0.44255 0.0573455 14 4 7 3
24707 24008 699 9 0.699894 0.618944 0.0809506 12 6 8 2
24838 24419 419 19 0.299895 0.25174 0.0481556 11 5 8 3
25007 24727 280 2 0.399927 0.369002 0.0309256 14 5 8 3
25013 24543 470 6 0.59996 0.547954 0.052006 14 4 8 1
25246 25147 99 15 0.59991 0.585522 0.0143879 12 7 8 5
25764 25534 230 11 0.699996 0.671682 0.0283142 15 3 9 1
25892 25242 650 18 0.499907 0.421046 0.0788613 12 7 6 3
26609 26555 54 0 0.5 0.491895 0.0081054 14 5 8 2
26813 26573 240 14 0.499952 0.471154 0.0287983 12 7 7 2
26905 26732 173 1 0.599978 0.580137 0.0198411 14 3 5 1
27200 26770 430 5 0.299895 0.247568 0.0523278 15 4 10 2
28399 28143 256 17 0.399818 0.368801 0.0310177 16 3 10 2
28435 28066 369 10 0.49991 0.456964 0.0429461 8 11 6 8
28791 28247 544 7 0.899925 0.835891 0.0640337 11 7 1 0
29623 29135 488 8 0.399909 0.343876 0.056033 14 5 7 4
29783 29611 172 12 0.599943 0.580051 0.0198911 16 3 6 2
29928 29360 568 16 0.299924 0.232872 0.0670522 17 2 12 2
