1387 823 564 16 0.899926 0.837047 0.0628789 5 0 5 0
1569 748 821 6 0.899892 0.80335 0.096542 4 0 4 0
1978 1632 346 0 0.799967 0.757227 0.0427407 5 1 5 1
2812 2575 237 4 0.69995 0.672938 0.0270118 8 1 8 1
3091 2595 496 15 0.699998 0.642366 0.0576322 9 0 9 0
3110 2564 546 5 0.699958 0.637981 0.0619771 12 4 11 3
3139 2572 567 18 0.699972 0.632831 0.0671412 11 3 11 3
3254 2548 706 17 0.699902 0.619159 0.080743 11 0 11 0
3572 3324 248 13 0.599899 0.569973 0.0299262 9 0 9 0
3672 3365 307 14 0.599908 0.56424 0.0356677 10 3 10 3
3687 3414 273 11 0.59993 0.56784 0.0320894 8 0 8 0
3923 3347 576 8 0.599983 0.536021 0.0639612 9 6 9 3
4365 3792 573 16 0.799956 0.734324 0.065632 8 0 3 0
4600 4283 317 12 0.499965 0.461357 0.0386084 11 5 10 3
4733 4201 532 19 0.499916 0.440365 0.0595518 9 1 9 1
4743 4191 552 3 0.499931 0.435983 0.0639479 10 3 10 3
4872 4246 626 9 0.499964 0.428312 0.0716528 10 2 10 2
5294 5172 122 10 0.399977 0.384208 0.0157692 9 2 9 2
5661 5139 522 1 0.399948 0.339911 0.0600365 12 3 12 3
5695 5135 560 7 0.399978 0.329865 0.070113 10 2 10 2
5946 5871 75 4 0.799944 0.790356 0.00958844 13 0 6 0
7366 6684 682 6 0.499968 0.422005 0.0779634 15 0 14 0
7422 7353 69 0 0.499969 0.492283 0.00768631 10 3 7 2
7757 7703 54 2 0.0999632 0.0921611 0.00780213 10 6 10 6
8591 8106 485 18 0.59993 0.545528 0.0544025 14 3 11 3
9141 8535 606 4 0.799906 0.728632 0.071274 15 0 5 0
9359 8928 431 5 0.499983 0.450053 0.0499298 14 4 12 3
9539 9268 271 13 0.499924 0.469767 0.0301574 16 2 9 2
9738 9365 373 12 0.699982 0.656671 0.0433105 15 4 7 2
10026 9619 407 19 0.699969 0.652862 0.0471069 13 2 8 1
10120 9802 318 15 0.399924 0.364247 0.0356769 12 2 9 2
10142 9804 338 16 0.499933 0.459521 0.040412 12 2 8 2
10215 9607 608 3 0.699917 0.627908 0.0720093 12 3 8 2
10421 9783 638 14 0.499951 0.425005 0.0749459 14 4 11 3
11593 10885 708 17 0.29989 0.215815 0.0840756 14 4 13 4
11602 11029 573 8 0.399967 0.33396 0.0660067 13 6 10 3
11848 11563 285 11 0.299891 0.266344 0.033547 11 3 6 3
11911 11854 57 1 0.599961 0.592466 0.00749485 12 5 4 4
12555 12397 158 9 0.399967 0.378318 0.0216486 12 5 8 4
12903 12342 561 19 0.899973 0.833785 0.066188 13 2 2 0
13168 13047 121 18 0.699998 0.683884 0.016114 12 5 6 2
13604 13018 586 10 0.399987 0.334433 0.0655534 10 6 7 5
13855 13801 54 0 0.499942 0.492944 0.00699813 14 2 9 1
14116 13667 449 7 0.4 0.345874 0.0541251 11 6 7 5
14445 13752 693 4 0.599917 0.519625 0.0802925 12 5 5 5
16050 15750 300 6 0.299986 0.265132 0.0348539 14 3 10 3
16652 16038 614 13 0.499941 0.431288 0.0686527 16 2 8 1
16806 16143 663 1 0.699813 0.621052 0.0787616 13 5 7 2
17061 16628 433 2 0.399876 0.351372 0.0485041 10 8 8 4
17139 16947 192 3 0.399952 0.378841 0.0211111 11 5 7 4
17215 16619 596 16 0.49993 0.431906 0.0680238 13 4 8 4
17318 17055 263 15 0.499924 0.469613 0.0303114 14 3 7 2
18235 17937 298 18 0.599896 0.566065 0.0338311 15 3 10 1
18307 17968 339 19 0.499908 0.462208 0.0377004 14 3 9 1
18440 18067 373 10 0.799993 0.756436 0.0435566 12 7 5 2
19167 18616 551 5 0.19994 0.135843 0.0640969 10 9 10 8
19242 18986 256 12 0.099934 0.0692536 0.0306804 13 7 10 6
19643 19400 243 9 0.499894 0.470628 0.0292661 12 6 8 3
19831 19491 340 8 0.399932 0.358591 0.0413411 12 7 8 5
19940 19745 195 14 0.199916 0.176545 0.0233704 15 4 10 2
20068 20012 56 17 0.399924 0.39292 0.00700398 14 5 8 4
21388 20925 463 11 0.299974 0.247596 0.0523777 17 2 15 1
21632 21457 175 2 0.799987 0.776854 0.0231338 13 6 5 0
21888 21683 205 4 0.399961 0.377281 0.0226803 13 5 7 4
22068 21390 678 19 0.899894 0.820158 0.0797364 14 3 0 0
22176 21845 331 1 0.599946 0.560989 0.0389561 13 5 6 1
22282 21991 291 0 0.299964 0.264626 0.0353385 11 7 6 6
22846 22479 367 13 0.599928 0.554698 0.0452306 14 4 5 3
23025 22874 151 7 0.29991 0.280621 0.0192892 10 8 7 5
23564 23408 156 6 0.499892 0.481354 0.0185379 13 5 9 4
23941 23571 370 5 0.899892 0.858157 0.0417349 11 8 2 0
23982 23816 166 16 0.499926 0.479457 0.0204696 16 3 10 2
24840 24758 82 12 0.799939 0.790912 0.00902699 14 6 3 0
25377 24933 444 3 0.399919 0.3487 0.0512196 13 6 9 4
25381 24639 742 10 0.399909 0.315224 0.0846851 13 6 8 3
25576 25307 269 9 0.599922 0.569265 0.0306574 12 6 5 4
26304 25583 721 15 0.299907 0.216059 0.0838485 13 6 9 4
26395 26021 374 17 0.599979 0.554969 0.0450106 12 7 6 2
26454 25949 505 8 0.599941 0.544079 0.0558624 13 6 7 2
26557 26018 539 18 0.299977 0.239827 0.0601498 16 3 8 1
26629 26151 478 0 0.899933 0.843015 0.0569177 11 7 2 0
28301 27579 722 2 0.399956 0.313893 0.0860628 16 3 11 1
28753 28174 579 13 0.599953 0.531831 0.0681218 15 4 8 2
28888 28556 332 7 0.699956 0.659553 0.0404025 10 8 3 2
29140 28915 225 19 0.299943 0.274468 0.0254747 15 2 6 1
29167 28744 423 16 0.699936 0.645511 0.0544245 14 5 3 2
29453 28874 579 5 0.499958 0.430324 0.0696342 13 6 9 3
29543 29158 385 12 0.599981 0.554844 0.0451366 14 7 8 2
29666 29610 56 11 0.399923 0.392518 0.00740451 10 9 6 9
29742 29686 56 4 0.399966 0.392051 0.00791472 11 8 6 6
