1366 832 534 9 0.899907 0.840766 0.0591411 4 0 4 0
1703 1608 95 7 0.79998 0.788079 0.0119008 7 0 7 0
1760 1607 153 16 0.799895 0.78217 0.0177251 9 0 9 0
2602 2528 74 5 0.699998 0.691701 0.00829731 8 1 8 1
2636 2494 142 3 0.699895 0.680711 0.0191846 12 0 12 0
2832 2519 313 15 0.69991 0.665279 0.0346309 9 0 9 0
3076 2556 520 8 0.699956 0.642765 0.0571911 12 0 12 0
3162 2522 640 4 0.699942 0.627248 0.0726938 10 1 10 1
3712 3446 266 18 0.599892 0.56553 0.0343621 11 1 11 1
3854 3424 430 17 0.599907 0.549649 0.0502579 11 3 11 3
3899 3411 488 10 0.599985 0.543641 0.0563437 12 1 12 1
4114 3491 623 11 0.599974 0.526857 0.0731174 9 0 9 0
4410 4198 212 0 0.499912 0.47622 0.0236919 12 0 12 0
4676 4105 571 2 0.499789 0.434226 0.0655633 12 3 12 3
4745 4371 374 14 0.499911 0.456988 0.0429235 9 2 9 2
4775 4276 499 13 0.499959 0.443514 0.0564445 13 1 13 1
4800 4274 526 19 0.499901 0.437305 0.0625964 12 0 12 0
5215 5162 53 6 0.399992 0.393408 0.00658392 9 2 9 2
5527 5051 476 12 0.399962 0.347531 0.0524306 10 2 10 2
5888 5147 741 1 0.399995 0.311766 0.0882289 8 2 8 2
7725 7201 524 9 0.399937 0.34028 0.059657 11 5 10 5
8228 7893 335 16 0.399976 0.358464 0.0415123 12 2 5 2
8336 7758 578 7 0.399928 0.333394 0.0665337 8 8 5 8
8471 7839 632 14 0.89994 0.829443 0.0704969 12 0 4 0
8579 7860 719 2 0.899942 0.817963 0.0819793 12 3 3 0
8952 8638 314 11 0.699936 0.664516 0.0354194 11 2 7 2
9554 8947 607 8 0.49998 0.428161 0.0718195 15 2 9 2
9667 8980 687 18 0.59992 0.520474 0.0794454 12 5 10 5
10094 10009 85 3 0.299937 0.288703 0.0112342 12 5 8 5
10252 9916 336 4 0.399933 0.361934 0.037999 13 1 9 0
10404 10291 113 15 0.299937 0.286129 0.0138081 8 6 6 6
10430 10071 359 10 0.499954 0.458758 0.0411963 13 2 7 2
10856 10498 358 19 0.599803 0.554054 0.0457485 15 3 10 3
11028 10760 268 17 0.399993 0.366121 0.0338723 13 4 8 2
11226 11156 70 6 0.599989 0.591635 0.00835404 9 4 2 2
11544 11382 162 13 0.499932 0.480508 0.0194246 10 6 5 6
12029 11734 295 5 0.0999475 0.0674743 0.0324732 11 6 8 6
12153 11831 322 0 0.399911 0.362921 0.0369898 13 4 5 4
13163 12572 591 16 0.799932 0.734229 0.0657029 12 2 4 1
13334 13082 252 1 0.499959 0.467594 0.0323645 12 2 9 1
14365 14310 55 12 0.299975 0.291589 0.00838626 13 4 5 4
15053 14405 648 14 0.399929 0.326068 0.0738611 14 1 8 1
15352 15299 53 2 0.299962 0.293339 0.00662318 13 6 8 5
15601 15467 134 4 0.69995 0.683171 0.0167788 14 2 9 1
16001 15248 753 10 0.69997 0.613645 0.0863242 16 1 9 0
16034 15666 368 9 0.39994 0.35494 0.0450004 14 3 10 1
16551 16420 131 11 0.299947 0.283798 0.016149 13 4 9 4
17569 17026 543 17 0.599994 0.536197 0.0637976 14 5 10 2
17649 17133 516 7 0.299961 0.24142 0.0585411 12 6 11 3
17725 16862 863 18 0.399993 0.301396 0.098597 12 6 10 6
18341 17873 468 19 0.399992 0.343958 0.056034 15 4 9 2
18708 18156 552 1 0.699946 0.632215 0.0677302 15 0 5 0
19133 18803 330 8 0.199896 0.162762 0.037134 12 6 8 5
19228 19137 91 3 0.299918 0.28584 0.0140785 11 8 7 5
19389 19294 95 10 0.799902 0.787614 0.0122886 16 2 5 1
19489 19087 402 0 0.499919 0.453232 0.0466868 8 9 4 7
20499 20310 189 15 0.199991 0.177026 0.0229653 12 6 8 5
20778 20364 414 16 0.299903 0.248522 0.0513817 13 4 7 4
20819 20750 69 12 0.599857 0.590504 0.00935306 12 7 6 5
20970 20361 609 4 0.599957 0.530137 0.0698196 11 7 6 6
21162 20641 521 6 0.0999395 0.0402477 0.0596918 14 3 12 3
21293 20831 462 2 0.699771 0.64515 0.0546213 15 4 4 1
21679 21406 273 13 0.0999162 0.0680725 0.0318437 13 6 11 5
22963 22808 155 5 0.199931 0.180907 0.0190235 14 4 9 2
23042 22989 53 9 0.499983 0.492504 0.00747922 13 5 6 5
24353 23905 448 14 0.299947 0.249274 0.0506733 13 5 9 5
24678 24497 181 19 0.599981 0.579755 0.020226 17 2 8 1
24915 24719 196 11 0.399965 0.378348 0.0216172 16 3 12 3
25052 24569 483 1 0.499994 0.445605 0.054389 12 5 7 5
25484 25431 53 10 0.399823 0.392614 0.00720935 16 3 10 2
25590 25144 446 8 0.699916 0.646397 0.0535193 15 3 10 0
26580 25964 616 9 0.89998 0.828826 0.0711542 13 5 0 0
26673 26314 359 4 0.599927 0.559188 0.0407388 13 5 9 2
27006 26784 222 7 0.299926 0.271793 0.0281325 16 3 12 1
27041 26791 250 12 0.499808 0.471267 0.0285411 16 3 9 2
27063 26439 624 16 0.699983 0.62735 0.072633 14 3 6 1
27087 26307 780 17 0.199943 0.109184 0.0907589 15 4 14 3
27219 27142 77 2 0.499913 0.489477 0.0104361 14 5 6 1
27299 27241 58 3 0.399917 0.389908 0.0100081 10 9 10 5
27350 26879 471 0 0.399944 0.34265 0.057294 10 7 9 3
28366 28311 55 18 0.0999746 0.0924021 0.00757243 11 8 9 6
28838 28738 100 15 0.399986 0.387546 0.0124404 15 4 9 1
