1437 757 680 5 0.899825 0.822019 0.0778067 5 0 5 0
1803 1611 192 6 0.799948 0.777248 0.0227 11 1 11 1
1880 1750 130 16 0.799933 0.783507 0.0164259 5 0 5 0
1926 1638 288 15 0.799986 0.761026 0.03896 5 0 5 0
2015 1668 347 8 0.799965 0.758209 0.041756 4 0 4 0
2016 1725 291 1 0.799922 0.76502 0.0349024 5 0 5 0
2047 1682 365 18 0.799975 0.756343 0.0436326 5 0 5 0
2222 1752 470 11 0.799933 0.742719 0.0572143 5 0 5 0
3266 2544 722 12 0.699991 0.61425 0.0857416 10 1 10 1
3509 3455 54 3 0.599947 0.592762 0.00718525 8 2 8 2
3515 3422 93 7 0.599965 0.587662 0.0123038 9 1 9 1
3661 3460 201 0 0.599994 0.575632 0.024362 9 1 9 1
4675 4340 335 9 0.49992 0.461283 0.0386369 11 3 11 3
4786 4278 508 10 0.499932 0.442701 0.0572309 13 0 13 0
5053 4316 737 19 0.499805 0.414639 0.0851669 10 1 10 1
5266 5133 133 13 0.399944 0.382333 0.0176102 9 6 9 6
5314 5176 138 4 0.399944 0.383635 0.0163093 13 4 13 4
5559 5022 537 2 0.399928 0.339469 0.0604588 11 2 11 2
5653 5598 55 5 0.599881 0.592217 0.00766373 10 0 8 0
5994 5941 53 17 0.299975 0.293581 0.00639407 12 4 12 4
6080 5550 530 1 0.699974 0.638587 0.0613871 9 1 6 1
6171 6072 99 14 0.299927 0.285892 0.0140357 11 2 11 2
6659 6022 637 3 0.899908 0.828946 0.0709616 9 1 2 0
6751 6197 554 6 0.599902 0.536143 0.0637596 12 4 6 3
7309 7040 269 16 0.499972 0.467147 0.0328251 13 1 12 1
7899 7384 515 18 0.499986 0.44071 0.059275 12 2 12 2
7929 7476 453 11 0.499921 0.447933 0.0519883 9 4 5 4
8190 8137 53 15 0.39998 0.393655 0.00632469 12 0 9 0
8876 8254 622 12 0.599956 0.52992 0.0700368 10 5 6 5
9631 9426 205 7 0.499984 0.474567 0.0254173 8 5 4 5
10467 9819 648 5 0.699948 0.625618 0.0743301 11 1 8 1
10535 10405 130 4 0.699964 0.682003 0.0179605 15 4 5 1
10591 9985 606 3 0.699852 0.629111 0.0707412 11 2 6 1
10872 10623 249 0 0.399971 0.370288 0.0296831 9 5 4 4
11135 10875 260 8 0.0999211 0.0710584 0.0288626 13 3 11 3
11165 11063 102 1 0.599925 0.581909 0.0180165 14 2 8 2
11251 10813 438 14 0.799893 0.750353 0.0495404 13 2 3 0
12144 11270 874 9 0.49998 0.39802 0.10196 12 5 7 3
12362 12149 213 6 0.599991 0.57484 0.0251513 15 2 7 0
12567 12128 439 16 0.699964 0.648414 0.0515501 12 2 2 1
12796 12555 241 2 0.499934 0.470269 0.0296649 12 3 9 3
13259 12583 676 19 0.399948 0.32272 0.0772287 12 3 10 3
13680 13190 490 10 0.299912 0.242216 0.0576958 14 2 12 2
13811 13623 188 18 0.599931 0.574088 0.0258424 15 2 6 2
14003 13464 539 4 0.799944 0.73518 0.0647639 16 3 4 0
14501 13881 620 13 0.299927 0.226387 0.0735396 14 4 13 2
15359 15185 174 0 0.79997 0.779148 0.0208223 9 5 2 0
15488 14888 600 17 0.299907 0.23049 0.0694171 11 8 11 7
15692 15123 569 12 0.499988 0.434268 0.0657198 16 3 11 2
16318 15806 512 15 0.399977 0.340376 0.0596007 13 4 9 4
16472 16369 103 1 0.599893 0.58771 0.0121832 12 5 3 3
16864 16616 248 14 0.499947 0.47038 0.0295672 11 7 9 6
16898 16279 619 11 0.299979 0.226207 0.0737716 11 6 10 4
16986 16711 275 6 0.699816 0.667469 0.0323467 16 2 7 2
17210 16973 237 7 0.399976 0.372039 0.0279368 9 10 6 9
17703 17313 390 3 0.399905 0.355261 0.0446442 10 6 7 6
17988 17743 245 4 0.699899 0.670487 0.0294126 16 3 6 0
18210 18072 138 5 0.299904 0.28268 0.0172239 14 2 11 2
19140 17540 1600 8 0.699962 0.402157 0.297805 13 4 6 2
20238 19884 354 16 0.29997 0.256795 0.0431755 14 3 9 2
20442 19825 617 9 0.399958 0.328519 0.0714392 10 7 3 3
20684 20196 488 2 0.399952 0.345134 0.0548183 10 7 3 6
21020 20512 508 0 0.499895 0.44029 0.0596047 13 4 9 1
21477 20770 707 18 0.399989 0.318174 0.0818147 15 4 11 4
22105 21503 602 1 0.599998 0.531477 0.0685211 13 5 7 4
22894 22665 229 17 0.499933 0.473241 0.026692 12 7 10 1
23142 23087 55 12 0.399825 0.391869 0.00795573 17 2 8 1
23434 22863 571 10 0.299963 0.234369 0.0655944 11 7 9 5
23965 23630 335 13 0.299958 0.262454 0.0375041 13 5 9 4
24035 23758 277 5 0.699891 0.666883 0.0330085 14 3 6 2
24085 23861 224 19 0.0999712 0.0722426 0.0277286 10 8 8 6
24180 23465 715 11 0.59988 0.516796 0.0830846 14 5 9 4
24209 23495 714 6 0.399938 0.311305 0.0886328 15 3 10 3
24746 24253 493 14 0.399914 0.344461 0.0554525 10 8 6 5
24797 24672 125 3 0.499922 0.4838 0.0161214 14 4 8 2
25995 25420 575 4 0.299999 0.230933 0.069065 15 4 11 3
26085 25929 156 8 0.499909 0.481354 0.0185546 10 9 7 6
26842 26724 118 7 0.199954 0.183712 0.0162424 12 7 10 3
26898 26797 101 0 0.599978 0.586472 0.0135055 15 3 7 0
27364 26747 617 15 0.0999879 0.0304298 0.069558 14 5 11 4
28013 27400 613 1 0.599939 0.530648 0.0692907 15 4 6 1
28259 27667 592 2 0.499781 0.43155 0.0682316 12 7 6 6
28748 28239 509 12 0.699985 0.639667 0.060317 18 1 2 0
28756 28476 280 16 0.399979 0.369188 0.0307911 11 8 8 8
28903 28513 390 17 0.599935 0.552861 0.0470743 15 4 10 1
29890 29340 550 9 0.299959 0.235792 0.0641665 12 6 9 5
