841 788 53 0 0.899893 0.893154 0.00673861 3 0 3 0
881 779 102 6 0.899963 0.887269 0.0126933 4 0 4 0
899 768 131 1 0.899957 0.883758 0.0161984 3 0 3 0
1619 1566 53 5 0.799838 0.792869 0.00696948 5 0 5 0
1866 1554 312 9 0.799986 0.762144 0.0378421 5 0 5 0
2600 2395 205 2 0.699771 0.675442 0.0243292 6 0 6 0
2673 2395 278 4 0.699945 0.667603 0.0323422 6 1 6 1
3146 2940 206 0 0.799991 0.775155 0.024836 6 2 5 2
3439 3327 112 8 0.599892 0.586205 0.0136871 7 0 7 0
3535 3223 312 7 0.599862 0.56272 0.0371419 8 1 8 1
3676 3623 53 6 0.699973 0.691627 0.00834617 8 0 6 0
4241 4093 148 3 0.49993 0.481997 0.0179325 7 2 7 2
5098 4981 117 5 0.699915 0.686715 0.0132003 7 1 6 1
5597 5542 55 4 0.799953 0.791879 0.00807439 8 0 6 0
5633 5476 157 1 0.499896 0.478648 0.0212471 7 1 7 1
5999 5756 243 0 0.799816 0.768062 0.0317543 8 1 7 1
6067 5963 104 9 0.599939 0.584719 0.0152197 4 5 3 5
7061 6832 229 8 0.8 0.770483 0.0295164 6 1 2 1
8182 7977 205 2 0.499904 0.473334 0.0265698 7 2 6 2
8278 8029 249 5 0.799954 0.771098 0.0288568 6 2 4 1
8474 8318 156 6 0.599961 0.580596 0.0193649 4 4 4 4
8725 8610 115 9 0.899932 0.885254 0.0146787 4 5 2 0
9672 9491 181 0 0.699935 0.677641 0.0222942 8 1 7 1
9712 9620 92 8 0.799837 0.787175 0.0126617 8 0 5 0
10077 9739 338 3 0.599924 0.560746 0.0391781 9 0 7 0
10164 10008 156 5 0.899949 0.88205 0.0178987 7 1 5 1
10468 10344 124 7 0.399958 0.385998 0.0139601 8 1 8 1
10717 10608 109 4 0.499913 0.485861 0.0140519 7 2 5 2
11320 11085 235 1 0.599951 0.57185 0.0281006 6 3 5 3
11941 11747 194 9 0.699943 0.677457 0.0224865 4 5 3 1
12240 12062 178 2 0.799968 0.779201 0.0207663 7 2 3 2
12801 12700 101 3 0.899965 0.886799 0.0131657 9 0 3 0
12823 12695 128 6 0.699933 0.683119 0.016814 4 5 4 3
13217 13065 152 8 0.699989 0.679269 0.02072 8 1 6 1
14158 14105 53 9 0.899974 0.893668 0.00630604 3 6 1 1
14201 14024 177 5 0.599925 0.577952 0.0219732 6 2 6 2
14737 14461 276 4 0.799944 0.7658 0.0341442 7 2 6 1
14987 14923 64 3 0.799979 0.792682 0.00729778 7 2 2 2
15016 14756 260 2 0.799978 0.767292 0.0326866 8 1 7 1
15560 15179 381 0 0.49998 0.451066 0.0489139 9 0 9 0
16362 16247 115 9 0.799892 0.785382 0.0145094 5 4 3 2
16423 16246 177 7 0.599952 0.576378 0.0235739 7 2 7 2
16795 16742 53 5 0.899838 0.890734 0.00910461 6 2 1 0
17242 16976 266 8 0.699902 0.666853 0.0330493 7 2 6 2
17454 17224 230 1 0.499985 0.471366 0.0286198 4 5 3 3
17848 17619 229 2 0.799956 0.773803 0.026153 8 1 4 1
18133 18059 74 9 0.899931 0.889563 0.0103679 7 2 4 1
19261 18921 340 5 0.799896 0.760243 0.0396524 7 2 4 1
19418 19034 384 4 0.599925 0.552221 0.0477042 6 3 5 3
19608 19389 219 9 0.899844 0.874914 0.0249307 7 2 3 0
20139 19860 279 7 0.79992 0.768683 0.031237 7 2 5 2
20227 19902 325 6 0.299987 0.259875 0.0401126 6 3 6 3
20532 20397 135 2 0.799948 0.783211 0.016737 5 4 2 3
21123 20721 402 3 0.399927 0.352014 0.047913 7 2 7 2
21268 21154 114 0 0.599964 0.587271 0.0126931 8 1 4 1
22069 21944 125 8 0.599942 0.585179 0.0147624 4 5 2 4
22787 22624 163 7 0.799998 0.778525 0.0214725 8 1 5 1
22864 22635 229 9 0.699944 0.671156 0.0287882 6 3 4 2
22925 22811 114 5 0.699981 0.686208 0.0137724 6 3 4 2
24148 23782 366 4 0.699988 0.656456 0.0435325 6 3 5 2
24239 23918 321 2 0.69998 0.661619 0.0383615 8 1 6 1
24797 24610 187 1 0.399901 0.376548 0.0233536 8 1 8 1
25803 25434 369 0 0.699973 0.658137 0.0418361 9 0 8 0
26032 25810 222 5 0.799924 0.771883 0.0280407 7 2 3 0
26457 26399 58 4 0.899966 0.89208 0.00788645 5 4 2 1
26758 26555 203 6 0.599916 0.572455 0.0274607 9 0 9 0
27360 27307 53 2 0.799915 0.791243 0.00867189 8 1 3 1
27419 27065 354 8 0.599791 0.557815 0.0419755 7 2 5 2
27552 27499 53 9 0.599833 0.592764 0.00706864 7 2 6 1
28165 27865 300 3 0.499899 0.465594 0.0343052 7 2 6 2
28997 28625 372 7 0.399971 0.356682 0.0432889 7 2 7 2
29825 29751 74 0 0.69994 0.691659 0.00828034 6 3 4 3
