882 738 144 9 0.899973 0.880907 0.0190666 3 0 3 0
969 723 246 2 0.899934 0.86889 0.0310444 3 0 3 0
1668 1518 150 5 0.799895 0.781355 0.01854 6 1 6 1
1752 1612 140 1 0.799944 0.78253 0.0174143 6 0 6 0
1801 1634 167 3 0.799971 0.776832 0.0231396 5 0 5 0
2228 2175 53 9 0.899932 0.892631 0.00730062 4 0 1 0
2597 2434 163 8 0.699965 0.68075 0.0192157 9 0 9 0
2621 2383 238 0 0.699936 0.672912 0.0270244 6 1 6 1
2701 2327 374 2 0.899985 0.856482 0.0435033 6 0 5 0
3415 3274 141 6 0.599992 0.583475 0.0165169 5 4 5 4
3610 3376 234 5 0.899949 0.867875 0.0320738 6 2 3 2
4192 4066 126 7 0.499983 0.484956 0.0150265 8 1 8 1
4447 4089 358 4 0.499932 0.460179 0.0397535 8 1 8 1
5013 4784 229 0 0.899946 0.869881 0.0300644 8 1 4 1
5255 4914 341 2 0.799923 0.758165 0.0417581 8 0 5 0
5455 5170 285 3 0.699973 0.665502 0.0344711 7 2 7 2
5863 5547 316 8 0.799979 0.76298 0.0369985 8 1 5 1
5869 5801 68 5 0.8 0.790135 0.00986431 6 2 3 2
6040 5908 132 1 0.599914 0.582918 0.0169959 6 3 6 3
6920 6819 101 9 0.499974 0.488873 0.0111011 7 2 7 2
7539 7206 333 0 0.799986 0.762536 0.0374495 8 1 5 1
7836 7497 339 4 0.899803 0.859749 0.040054 8 1 4 1
7865 7526 339 5 0.899966 0.859899 0.0400665 7 1 4 1
7940 7875 65 2 0.79993 0.790434 0.00949628 8 0 4 0
8312 7957 355 7 0.799943 0.757893 0.0420492 8 1 5 0
8893 8494 399 3 0.799908 0.750033 0.0498751 6 3 5 2
9447 9360 87 8 0.699899 0.688337 0.0115617 8 1 7 1
9809 9622 187 2 0.899926 0.87729 0.022636 7 1 2 1
10240 10154 86 6 0.399976 0.389283 0.0106937 8 1 7 0
10347 10121 226 5 0.799972 0.774081 0.0258905 6 2 6 2
10377 10105 272 0 0.799914 0.764426 0.0354882 8 1 6 1
10392 10038 354 4 0.799817 0.75961 0.0402073 7 2 4 2
11197 11110 87 1 0.599992 0.588721 0.0112715 7 2 4 0
11919 11763 156 7 0.699911 0.68276 0.0171511 6 3 6 2
12624 12380 244 8 0.799893 0.77108 0.0288134 7 2 4 1
13190 13108 82 9 0.499934 0.488399 0.0115352 7 2 6 2
13762 13626 136 2 0.599898 0.584623 0.0152747 9 0 9 0
13849 13741 108 5 0.699957 0.686534 0.0134231 7 2 6 1
13857 13539 318 6 0.899926 0.861527 0.0383987 8 1 5 1
14050 13848 202 4 0.699986 0.674767 0.0252187 7 2 6 2
14189 14106 83 3 0.49991 0.488096 0.0118137 6 3 6 3
14448 14392 56 8 0.899958 0.890657 0.00930176 7 2 1 0
15012 14742 270 0 0.599925 0.56542 0.0345051 6 3 5 3
16541 16196 345 4 0.899864 0.858925 0.0409383 7 2 3 0
16671 16559 112 7 0.59992 0.586467 0.0134532 8 1 7 0
17173 16923 250 1 0.49998 0.470763 0.0292175 7 2 7 2
17783 17405 378 8 0.699774 0.653078 0.0466957 6 3 5 2
17885 17644 241 0 0.899907 0.872329 0.0275787 6 3 3 0
17976 17723 253 9 0.69999 0.669952 0.0300376 4 5 4 3
19039 18730 309 2 0.599927 0.562464 0.0374628 7 2 6 2
19341 19206 135 5 0.499906 0.481915 0.0179909 7 2 7 2
19492 19175 317 7 0.899953 0.863035 0.0369183 9 0 4 0
19679 19619 60 3 0.599912 0.59256 0.00735268 6 3 4 1
20286 20233 53 6 0.299996 0.293098 0.00689853 8 1 8 1
20970 20872 98 8 0.799968 0.78773 0.0122383 8 1 5 1
21137 21044 93 1 0.799952 0.787404 0.0125474 7 2 4 1
21505 21286 219 4 0.499968 0.473246 0.0267216 6 3 6 2
22807 22468 339 2 0.799992 0.759908 0.0400841 8 1 5 1
22851 22447 404 0 0.499806 0.452362 0.0474446 8 1 8 1
23378 23103 275 5 0.799914 0.768865 0.0310489 8 1 3 0
23615 23442 173 9 0.499975 0.479861 0.0201136 6 3 6 3
23634 23374 260 7 0.599995 0.567769 0.0322257 6 3 2 3
24644 24372 272 8 0.699993 0.66934 0.0306527 8 1 6 1
24799 24529 270 4 0.8999 0.868152 0.0317482 7 2 1 0
25494 25283 211 1 0.599949 0.572331 0.0276179 6 3 6 3
26487 26283 204 3 0.399892 0.376548 0.0233447 6 3 6 3
26781 26483 298 6 0.599976 0.563096 0.0368804 7 2 7 2
26983 26878 105 5 0.699858 0.685362 0.0144959 8 1 5 0
27142 27070 72 7 0.799971 0.790331 0.00964004 7 2 5 1
28433 28185 248 9 0.699961 0.668284 0.0316773 7 2 5 1
29003 28758 245 2 0.399989 0.370507 0.0294823 7 2 7 2
29423 29338 85 8 0.599909 0.588358 0.0115508 7 2 6 2
29447 29314 133 0 0.49991 0.484375 0.0155352 8 1 7 1
29650 29455 195 4 0.499896 0.475571 0.0243243 6 3 6 3
29932 29657 275 7 0.79996 0.765952 0.0340081 7 2 3 2
