775 693 82 2 0.899864 0.888324 0.01154 3 0 3 0
785 719 66 8 0.899939 0.892288 0.00765103 4 0 4 0
1604 1551 53 7 0.799898 0.792503 0.0073953 8 0 8 0
2012 1640 372 9 0.799988 0.75678 0.0432075 6 0 6 0
2494 2368 126 0 0.699899 0.68299 0.0169096 5 1 5 1
2496 2359 137 6 0.699899 0.683443 0.0164559 8 0 8 0
2616 2356 260 4 0.699976 0.667365 0.0326112 7 0 7 0
2683 2392 291 1 0.699915 0.66553 0.034385 5 1 5 1
3318 3233 85 5 0.599967 0.588356 0.0116113 7 1 7 1
3885 3677 208 8 0.699992 0.67427 0.0257218 3 2 2 2
4254 4012 242 3 0.499903 0.472951 0.0269519 6 1 6 1
4587 4534 53 2 0.599813 0.591173 0.00864031 5 2 5 2
5029 4829 200 4 0.899904 0.874386 0.0255183 8 0 2 0
5664 5405 259 0 0.799968 0.770543 0.0294253 7 2 6 2
5850 5794 56 7 0.599988 0.592195 0.00779353 5 4 3 4
6392 6317 75 9 0.599959 0.590804 0.00915488 8 1 6 1
6704 6648 56 5 0.799977 0.791229 0.00874835 5 3 2 2
7438 7146 292 6 0.599933 0.564623 0.0353096 7 2 7 2
7818 7676 142 8 0.699933 0.682918 0.0170155 7 2 6 1
8275 7905 370 2 0.799993 0.754413 0.04558 8 1 5 1
8299 8231 68 0 0.799974 0.7899 0.0100731 7 2 5 2
8405 8078 327 4 0.699915 0.661136 0.0387794 7 2 4 2
9116 8943 173 1 0.399896 0.37854 0.0213555 8 1 8 1
10001 9786 215 3 0.599935 0.575035 0.0249003 6 2 6 2
10232 10049 183 6 0.899988 0.879493 0.0204947 7 2 2 0
10271 10125 146 2 0.899915 0.88356 0.0163552 7 2 2 1
11039 10754 285 8 0.799985 0.76368 0.0363049 7 2 5 2
11164 10835 329 0 0.799952 0.760614 0.0393383 7 2 4 0
11601 11370 231 9 0.599971 0.570681 0.0292896 9 0 8 0
11690 11526 164 6 0.899911 0.876806 0.0231044 7 2 2 1
12485 12431 54 7 0.399922 0.39027 0.00965195 7 2 7 2
13044 12391 653 2 0.799977 0.726317 0.0736604 7 2 4 1
13628 13385 243 5 0.299971 0.27104 0.028931 5 4 5 4
13675 13363 312 1 0.799906 0.761167 0.0387392 9 0 4 0
13785 13437 348 3 0.79994 0.756724 0.0432161 7 2 5 2
14014 13721 293 8 0.799961 0.764521 0.0354394 6 3 4 1
14030 13914 116 0 0.799873 0.784645 0.0152276 7 2 4 2
14835 14733 102 6 0.699909 0.687032 0.0128776 8 1 5 1
15059 13927 1132 4 0.499894 0.381009 0.118884 4 5 4 5
15821 15499 322 1 0.899912 0.858495 0.0414168 9 0 3 0
15917 15834 83 9 0.699842 0.689048 0.0107941 3 6 3 6
15966 15854 112 2 0.799911 0.787114 0.0127965 7 2 4 0
16104 15848 256 7 0.899891 0.86941 0.0304819 8 1 3 0
17498 17423 75 0 0.699891 0.691454 0.00843703 6 3 4 2
17911 17769 142 6 0.799936 0.783747 0.0161882 7 2 7 1
18284 17954 330 9 0.89995 0.862667 0.0372826 5 4 3 0
18381 18326 55 8 0.59982 0.591641 0.0081794 8 1 6 1
18418 18101 317 3 0.599935 0.562182 0.0377523 7 2 6 2
19324 18946 378 1 0.69979 0.653823 0.0459674 9 0 8 0
19383 19119 264 7 0.69993 0.668507 0.0314231 9 0 6 0
19953 19584 369 6 0.899891 0.855652 0.044239 5 4 4 2
20298 20095 203 2 0.599984 0.574024 0.0259594 5 4 4 4
21703 21557 146 7 0.899887 0.882097 0.0177901 8 1 4 1
21791 21659 132 5 0.399983 0.381524 0.0184584 7 2 7 2
21891 21728 163 8 0.799901 0.78086 0.0190413 9 0 4 0
22288 22231 57 9 0.599857 0.591764 0.00809289 5 4 5 1
22546 22423 123 1 0.799891 0.78328 0.0166111 8 1 6 1
22678 22575 103 4 0.399958 0.386346 0.0136111 6 3 6 3
23520 23043 477 6 0.699948 0.628253 0.0716944 6 3 5 2
23690 23603 87 0 0.399954 0.38866 0.0112936 9 0 9 0
24671 24303 368 3 0.499935 0.455986 0.0439493 8 1 6 1
25507 25451 56 7 0.599837 0.591994 0.00784294 7 2 5 2
25598 25317 281 2 0.599971 0.566176 0.0337951 6 3 6 3
26988 26728 260 1 0.599909 0.568552 0.0313571 5 4 5 4
27020 26702 318 6 0.799912 0.760357 0.0395553 7 2 3 0
27223 26874 349 5 0.699926 0.658386 0.04154 8 1 6 1
27633 27285 348 9 0.599985 0.555571 0.0444143 8 1 6 1
27789 27683 106 4 0.699893 0.687964 0.0119294 9 0 4 0
27967 27762 205 8 0.399948 0.374784 0.0251636 6 3 5 3
29113 28831 282 7 0.799952 0.765621 0.0343304 7 2 3 1
29681 29479 202 5 0.899894 0.875732 0.0241624 6 3 2 2
29863 29515 348 0 0.599919 0.558778 0.0411412 8 1 7 1
