1347 827 520 0 0.899925 0.839569 0.060356 3 0 3 0
1633 1521 112 2 0.799937 0.783638 0.0162983 3 1 3 1
1686 1610 76 8 0.799886 0.790355 0.00953081 5 2 5 2
1712 1646 66 3 0.799895 0.7916 0.00829571 8 0 8 0
2692 2428 264 7 0.7 0.668206 0.0317944 6 0 6 0
2732 2445 287 1 0.699929 0.662753 0.0371752 7 1 7 1
3308 3219 89 4 0.599933 0.590151 0.00978111 7 1 7 1
3332 3227 105 6 0.599982 0.584191 0.0157912 8 1 8 1
3516 3212 304 9 0.599982 0.565395 0.0345872 8 0 8 0
4564 4186 378 3 0.799965 0.754278 0.0456869 5 3 4 3
4935 4544 391 0 0.699986 0.652658 0.0473278 5 1 4 1
5179 4828 351 5 0.399898 0.357084 0.0428141 7 2 7 2
5906 5801 105 2 0.599981 0.586942 0.0130385 7 1 7 1
6009 5794 215 1 0.799916 0.772301 0.0276155 7 2 4 2
6046 5780 266 4 0.899892 0.86472 0.0351724 7 1 2 0
6806 6666 140 8 0.499981 0.483081 0.0169008 8 1 8 1
7544 7200 344 3 0.799997 0.758381 0.0416151 7 1 5 0
8689 8290 399 6 0.599925 0.548132 0.0517935 7 2 5 2
8722 8387 335 2 0.899775 0.860821 0.0389533 7 1 5 1
8903 8610 293 9 0.599947 0.565051 0.034896 8 0 7 0
9078 8878 200 0 0.699939 0.675666 0.0242739 4 3 3 3
9094 8941 153 7 0.399913 0.379715 0.0201977 6 3 6 3
9843 9761 82 8 0.899998 0.890987 0.00901111 8 1 2 0
10156 9992 164 4 0.5998 0.57574 0.0240606 5 3 5 2
10384 10319 65 1 0.599977 0.591251 0.00872665 7 2 7 1
12278 11942 336 3 0.599967 0.55705 0.0429175 4 4 2 3
12314 12001 313 5 0.499915 0.46365 0.0362651 6 3 4 3
13353 13167 186 9 0.699951 0.677465 0.0224868 8 1 6 1
13708 13444 264 4 0.79984 0.768229 0.0316107 6 3 5 1
13767 13690 77 1 0.799952 0.791177 0.00877485 5 4 2 2
13790 13397 393 2 0.499967 0.450655 0.0493122 7 2 6 2
14469 14126 343 7 0.699942 0.660102 0.0398392 5 4 4 3
14583 14491 92 8 0.499976 0.485884 0.0140916 7 2 7 1
14812 14483 329 0 0.499895 0.461861 0.038034 2 7 2 7
14916 14740 176 6 0.499994 0.479632 0.0203617 5 4 5 4
16102 16049 53 5 0.799949 0.7916 0.0083484 4 5 2 2
16474 16341 133 4 0.799978 0.782245 0.0177325 6 3 2 0
16841 16613 228 3 0.699903 0.670161 0.0297412 5 4 4 3
17393 17148 245 9 0.69992 0.667478 0.0324422 5 4 3 4
18733 18490 243 2 0.699902 0.669669 0.0302328 7 2 5 2
18853 18800 53 1 0.499959 0.492237 0.00772128 7 2 7 2
19068 18701 367 6 0.799832 0.755768 0.0440634 5 4 4 0
20055 20002 53 8 0.599958 0.594137 0.00582111 8 1 7 1
20068 19859 209 7 0.499933 0.474777 0.0251566 4 5 4 4
20182 19896 286 3 0.799948 0.764162 0.0357863 5 4 3 1
20639 20420 219 9 0.799898 0.774149 0.0257491 8 1 5 0
20731 20627 104 4 0.59996 0.586126 0.0138337 6 3 5 3
21049 20996 53 5 0.4999 0.49269 0.00720949 9 0 9 0
22056 21773 283 2 0.799942 0.766624 0.0333174 6 3 3 1
22367 22059 308 0 0.399948 0.363642 0.0363065 6 3 6 2
22960 22578 382 6 0.699921 0.654708 0.0452124 6 3 4 2
23325 23268 57 4 0.899941 0.89237 0.00757039 6 3 4 2
23658 23465 193 8 0.7999 0.77587 0.0240299 6 3 4 3
23844 23699 145 3 0.7 0.681861 0.018139 5 4 3 1
24296 24120 176 9 0.699894 0.677093 0.0228008 8 1 5 1
24350 24297 53 1 0.599981 0.593661 0.00632003 6 3 6 3
25007 24798 209 5 0.799947 0.774983 0.0249635 7 2 2 2
25110 24761 349 7 0.699986 0.659462 0.0405233 7 2 5 2
27146 26974 172 8 0.69991 0.679658 0.0202526 7 2 5 2
27593 27277 316 9 0.799952 0.763958 0.035994 9 0 6 0
27666 27365 301 7 0.899981 0.864294 0.0356867 7 2 1 0
27897 27686 211 3 0.699996 0.674822 0.0251739 7 2 4 1
27931 27532 399 0 0.69997 0.651648 0.0483219 6 3 5 1
27960 27698 262 6 0.59995 0.568492 0.0314574 6 3 5 2
28463 28410 53 5 0.699925 0.693047 0.00687783 7 2 6 0
28618 28516 102 1 0.69993 0.686688 0.013242 7 2 4 1
28991 28799 192 4 0.39997 0.374976 0.0249939 8 1 8 1
28997 28804 193 2 0.299968 0.274786 0.0251816 7 2 7 2
