799 715 84 6 0.899961 0.887784 0.0121775 6 0 6 0
870 811 59 0 0.899975 0.893494 0.00648111 6 0 6 0
883 830 53 1 0.899968 0.891633 0.00833534 4 1 4 1
1677 1607 70 7 0.799949 0.78989 0.0100589 6 0 6 0
1812 1620 192 9 0.799939 0.775103 0.0248365 6 1 6 1
1942 1628 314 4 0.799981 0.760927 0.0390534 8 0 8 0
2421 2094 327 1 0.899903 0.862942 0.036961 4 1 4 1
3164 2949 215 0 0.799993 0.772781 0.0272121 8 0 6 0
3246 3105 141 5 0.599914 0.58086 0.0190546 6 2 6 2
3280 3116 164 2 0.599897 0.578669 0.021228 6 1 6 1
3477 3270 207 3 0.599941 0.574684 0.0252565 8 1 8 1
4020 3766 254 4 0.899969 0.871807 0.0281615 9 0 2 0
4059 3736 323 6 0.699988 0.663639 0.0363492 7 1 3 1
4950 4694 256 1 0.799935 0.768917 0.0310182 5 1 3 1
5245 4966 279 8 0.399987 0.366993 0.0329938 9 0 9 0
5317 5026 291 7 0.699999 0.667167 0.0328317 8 0 6 0
5941 5846 95 2 0.899942 0.888376 0.0115662 6 1 2 1
6069 5828 241 5 0.899984 0.869563 0.030421 5 3 2 1
6092 5951 141 9 0.599902 0.581619 0.0182833 7 2 6 2
7751 7480 271 0 0.599988 0.567824 0.0321632 6 3 4 3
8091 8038 53 2 0.79984 0.79212 0.00772029 8 1 6 1
8342 8231 111 5 0.799954 0.784543 0.0154104 5 4 3 2
8706 8374 332 7 0.799781 0.760487 0.0392939 9 0 5 0
8732 8645 87 9 0.899951 0.890358 0.00959345 8 1 3 0
9574 9356 218 3 0.49995 0.472223 0.0277269 7 2 4 2
9765 9622 143 6 0.499958 0.481043 0.0189149 6 2 6 2
9807 9554 253 4 0.399782 0.371162 0.0286196 7 2 6 2
10348 10095 253 1 0.499963 0.469834 0.0301282 8 0 6 0
10732 10548 184 7 0.899978 0.879747 0.0202311 9 0 4 0
11517 11413 104 2 0.699965 0.688422 0.0115426 9 0 7 0
11773 11675 98 5 0.699759 0.687768 0.0119908 7 2 6 1
12153 12032 121 0 0.699931 0.685068 0.0148629 8 1 6 0
12819 12540 279 9 0.599974 0.563832 0.0361425 8 1 6 1
13513 13460 53 6 0.799936 0.792627 0.00730897 7 1 6 1
13718 13645 73 8 0.299772 0.290479 0.00929286 5 4 5 4
13750 13373 377 1 0.899998 0.854034 0.0459632 7 1 2 1
13901 13742 159 7 0.699965 0.681076 0.0188892 8 1 6 1
15065 14830 235 4 0.699934 0.671137 0.0287963 6 3 5 2
15418 15219 199 1 0.899955 0.876601 0.0233547 8 1 4 1
15530 15264 266 2 0.699933 0.66694 0.0329935 7 2 5 2
16194 15957 237 3 0.499935 0.47134 0.0285944 9 0 8 0
16931 16844 87 6 0.699955 0.688408 0.0115471 8 1 6 1
17021 16759 262 0 0.599946 0.569086 0.0308596 9 0 6 0
17044 16845 199 7 0.799948 0.774123 0.0258243 7 2 3 1
17767 17571 196 1 0.799941 0.778104 0.0218361 8 1 5 0
18018 17944 74 9 0.599856 0.588421 0.0114354 5 4 4 3
18257 18036 221 5 0.399997 0.374613 0.0253839 8 1 6 1
19478 19214 264 3 0.899975 0.867286 0.0326891 9 0 1 0
20565 20291 274 2 0.599976 0.565909 0.0340677 8 1 6 1
20977 20694 283 4 0.4999 0.465895 0.0340051 7 2 7 2
21346 21293 53 0 0.699819 0.69264 0.00717881 8 1 7 1
21401 21311 90 7 0.599982 0.587378 0.0126041 8 1 7 1
21501 21237 264 6 0.599933 0.565595 0.0343381 6 3 6 3
21946 21596 350 8 0.399907 0.356426 0.0434816 6 3 6 3
23883 23621 262 1 0.399926 0.369867 0.0300596 7 2 7 2
24117 23853 264 9 0.49997 0.470164 0.0298057 5 4 4 3
25056 24912 144 3 0.399973 0.381952 0.0180211 8 1 7 1
25180 24871 309 2 0.699905 0.662407 0.0374978 7 2 4 1
25610 25555 55 7 0.699979 0.692495 0.00748428 9 0 6 0
26139 25824 315 5 0.399984 0.363387 0.0365969 8 1 6 1
27001 26631 370 6 0.599768 0.555722 0.0440465 5 4 3 3
27068 26732 336 0 0.499939 0.460337 0.0396015 5 4 5 4
28231 28106 125 4 0.399985 0.384131 0.0158542 8 1 6 1
28400 28280 120 2 0.799964 0.785897 0.0140673 8 1 3 0
28639 28565 74 7 0.799903 0.790128 0.00977487 7 2 3 2
28986 28737 249 8 0.499954 0.464563 0.0353915 7 2 6 1
29760 29634 126 9 0.599976 0.584534 0.0154421 5 4 4 3
