806 707 99 0 0.899968 0.887774 0.0121938 5 0 5 0
839 766 73 1 0.899957 0.89082 0.00913698 4 0 4 0
915 820 95 5 0.899968 0.888635 0.0113325 5 0 5 0
1697 1538 159 9 0.799989 0.779641 0.0203479 7 0 7 0
1729 1550 179 7 0.799943 0.778622 0.021321 7 0 7 0
2289 2081 208 0 0.899959 0.875772 0.0241865 7 0 4 0
2391 2137 254 5 0.899992 0.869997 0.0299958 8 1 6 1
2554 2398 156 6 0.699906 0.679846 0.0200592 8 0 8 0
2700 2367 333 4 0.699918 0.659808 0.04011 7 1 7 1
3342 3161 181 3 0.599984 0.577901 0.0220829 8 1 8 1
3540 3472 68 7 0.899892 0.890049 0.00984241 7 0 2 0
4403 4070 333 8 0.499837 0.461323 0.0385137 8 1 8 1
5053 4890 163 2 0.399965 0.377228 0.0227373 9 0 9 0
5509 5268 241 0 0.699982 0.670383 0.029599 7 2 4 2
5613 5433 180 1 0.499905 0.478848 0.0210568 8 0 7 0
5656 5540 116 6 0.799899 0.782105 0.017794 7 2 3 2
6883 6710 173 9 0.499904 0.478878 0.0210257 6 3 5 3
7225 7089 136 5 0.499968 0.485017 0.0149511 8 1 8 1
7665 7469 196 4 0.599953 0.573586 0.0263665 7 2 3 2
7809 7460 349 8 0.899948 0.858766 0.0411812 7 2 2 1
8383 8181 202 7 0.499926 0.475352 0.0245742 6 3 5 3
8631 8525 106 0 0.799922 0.785715 0.014207 8 1 4 1
8694 8417 277 2 0.899922 0.866294 0.0336285 8 1 4 1
10269 9969 300 6 0.599832 0.558567 0.0412644 7 2 5 2
10378 10150 228 3 0.399937 0.372128 0.0278091 7 2 7 2
10386 10055 331 8 0.799935 0.759213 0.0407216 8 1 5 1
10415 10292 123 1 0.699945 0.68348 0.0164642 6 2 3 2
12048 11889 159 4 0.69999 0.681717 0.0182728 8 1 6 0
12373 12240 133 8 0.899927 0.884537 0.0153909 9 0 2 0
12624 12286 338 9 0.599949 0.55989 0.0400595 8 1 7 0
12866 12714 152 5 0.599898 0.581113 0.0187844 7 2 3 1
13190 13090 100 7 0.699999 0.686805 0.0131943 9 0 8 0
13498 13385 113 2 0.499947 0.485244 0.0147028 7 2 6 2
13715 13366 349 1 0.79994 0.757097 0.0428427 6 3 4 1
13964 13742 222 6 0.799919 0.773414 0.0265047 7 2 4 1
14003 13668 335 0 0.49999 0.460027 0.0399633 9 0 8 0
15210 14936 274 4 0.799898 0.766714 0.0331836 8 1 2 0
15578 15372 206 8 0.699921 0.675185 0.0247367 7 2 3 2
16438 16134 304 7 0.799961 0.764307 0.0356543 6 3 3 3
16537 16388 149 2 0.899862 0.881208 0.0186541 6 3 4 1
17314 16957 357 9 0.699993 0.659179 0.040814 7 2 6 2
17492 17120 372 5 0.699826 0.65327 0.0465561 6 3 5 2
18070 17859 211 2 0.899953 0.872557 0.0273958 6 3 3 0
18200 18060 140 1 0.599938 0.581369 0.0185692 8 1 6 1
18531 18264 267 6 0.599989 0.568072 0.0319173 8 1 7 1
19078 18840 238 3 0.299907 0.269817 0.0300895 7 2 7 2
19457 19209 248 7 0.799968 0.769534 0.0304335 5 4 2 3
19651 19423 228 8 0.6999 0.671305 0.0285951 6 3 5 2
19712 19562 150 9 0.899947 0.883197 0.0167496 7 2 3 0
19928 19622 306 0 0.599893 0.562158 0.0377353 7 2 6 2
20613 20321 292 4 0.499913 0.46533 0.0345828 7 2 5 2
21450 21209 241 7 0.899947 0.873446 0.0265011 6 3 3 1
22457 22244 213 5 0.599931 0.573742 0.0261892 7 2 5 2
22714 22570 144 0 0.89998 0.882129 0.0178514 7 2 3 1
22845 22772 73 7 0.899923 0.890513 0.00940978 6 3 2 0
23082 22738 344 2 0.499919 0.458636 0.0412834 7 2 6 2
23923 23820 103 1 0.49997 0.48654 0.0134298 7 2 7 1
24214 24108 106 7 0.89996 0.887619 0.0123417 7 2 4 2
24841 24521 320 3 0.699901 0.661458 0.0384436 7 2 6 1
25612 25339 273 6 0.399992 0.367293 0.0326983 9 0 9 0
26049 25926 123 9 0.299954 0.284392 0.0155619 7 2 7 2
26244 26087 157 4 0.599961 0.578885 0.0210754 7 2 6 2
26676 26333 343 7 0.799913 0.757739 0.0421744 7 2 3 1
26851 26764 87 8 0.299924 0.289092 0.010832 8 1 8 1
27583 27325 258 0 0.499823 0.467864 0.031959 6 3 5 3
28472 28386 86 5 0.499771 0.487852 0.0119192 4 5 4 5
