824 744 80 8 0.899973 0.889012 0.0109615 6 0 6 0
901 702 199 7 0.899983 0.876543 0.0234396 7 0 7 0
1636 1523 113 1 0.799905 0.785641 0.0142649 8 0 8 0
1722 1593 129 0 0.799934 0.783334 0.0165996 4 3 4 3
1835 1693 142 9 0.799915 0.781694 0.0182201 5 2 5 1
2270 2125 145 8 0.899974 0.882619 0.0173553 7 0 2 0
2597 2364 233 6 0.699911 0.672162 0.0277491 8 0 8 0
2604 2487 117 2 0.699917 0.685255 0.0146621 7 0 7 0
2775 2467 308 3 0.699937 0.66363 0.036307 6 0 6 0
3158 3095 63 7 0.799891 0.792004 0.00788661 7 0 2 0
3470 3417 53 0 0.899995 0.892329 0.00766572 5 3 2 1
3596 3517 79 9 0.899934 0.891128 0.00880555 8 1 3 0
4165 4021 144 5 0.49992 0.482318 0.0176015 8 1 8 1
4329 4140 189 1 0.799988 0.774432 0.0255563 7 1 3 1
4510 4451 59 8 0.799981 0.793499 0.00648111 7 2 5 2
4940 4827 113 7 0.899925 0.885086 0.0148387 8 0 2 0
5071 4926 145 4 0.399949 0.382756 0.0171932 6 3 6 3
6531 6179 352 8 0.899804 0.856444 0.0433597 7 2 5 0
6534 6389 145 2 0.699903 0.682261 0.0176416 6 3 4 3
6719 6626 93 3 0.699971 0.687226 0.0127448 7 2 6 2
7357 7230 127 6 0.599894 0.583584 0.0163103 9 0 8 0
7368 7313 55 9 0.599977 0.591439 0.00853753 7 2 5 2
7410 7164 246 0 0.599948 0.572179 0.0277688 8 1 7 0
7860 7700 160 1 0.699895 0.678268 0.0216277 7 2 5 2
8170 7896 274 7 0.699981 0.665588 0.0343927 6 3 6 3
8948 8801 147 8 0.799935 0.781639 0.0182964 6 3 3 2
8966 8777 189 5 0.699957 0.675376 0.0245809 7 2 4 2
10612 10324 288 2 0.699895 0.66514 0.0347547 8 1 6 0
10642 10473 169 3 0.699973 0.679011 0.0209624 9 0 6 0
11119 10869 250 4 0.599942 0.570306 0.0296359 8 1 7 1
11557 11466 91 6 0.699942 0.687481 0.0124616 8 1 6 1
11988 11935 53 7 0.699766 0.690786 0.00898024 7 2 4 1
12997 12699 298 5 0.699974 0.66591 0.0340644 8 1 6 0
13261 13156 105 8 0.599927 0.588135 0.0117926 9 0 9 0
13387 13122 265 9 0.49992 0.468824 0.0310957 8 1 8 1
13620 13289 331 1 0.49992 0.460321 0.0395988 7 2 7 2
13630 13314 316 0 0.499906 0.462712 0.0371943 9 0 6 0
13647 13584 63 3 0.799926 0.792901 0.00702495 8 1 5 1
13897 13623 274 2 0.799916 0.768068 0.031848 7 2 4 1
15498 15405 93 4 0.699994 0.688341 0.0116527 7 2 2 1
16079 15757 322 7 0.699925 0.662678 0.0372473 9 0 5 0
17092 17009 83 6 0.49997 0.490737 0.00923243 6 3 5 3
17617 17483 134 1 0.799915 0.783181 0.0167339 6 3 3 1
17810 17469 341 0 0.79998 0.755963 0.044017 8 1 5 1
18324 18208 116 8 0.599973 0.586779 0.0131938 6 3 3 3
19165 19014 151 2 0.499986 0.482195 0.0177911 8 1 5 1
19315 19199 116 5 0.399884 0.386623 0.0132616 9 0 9 0
19595 19472 123 3 0.399961 0.384639 0.0153222 7 2 7 2
20477 20420 57 9 0.399976 0.392043 0.0079329 7 2 6 2
20678 20518 160 0 0.799952 0.779352 0.0206004 8 1 2 0
20925 20872 53 6 0.799941 0.792784 0.00715777 7 2 4 2
21045 20852 193 8 0.899943 0.876932 0.0230108 7 2 2 1
21361 20998 363 4 0.499939 0.457231 0.0427082 6 3 5 3
22318 22092 226 2 0.899778 0.87359 0.0261873 8 1 3 0
22791 22642 149 1 0.499933 0.481556 0.0183774 6 3 6 3
22803 22502 301 7 0.399926 0.36317 0.0367562 7 2 5 2
23764 23392 372 6 0.799835 0.75529 0.0445455 7 2 4 1
24669 24400 269 4 0.89992 0.869235 0.0306852 6 3 2 2
24912 24825 87 8 0.599853 0.586564 0.0132892 8 1 5 1
25623 25303 320 2 0.699999 0.661206 0.038793 6 3 5 2
25703 25388 315 3 0.599942 0.562655 0.0372869 7 2 5 1
25995 25784 211 1 0.899958 0.873999 0.0259589 8 1 2 0
26465 26282 183 7 0.899996 0.876793 0.023203 6 3 2 2
27374 27294 80 6 0.699916 0.688739 0.0111774 7 2 5 1
27502 27410 92 0 0.299943 0.289832 0.0101111 8 1 7 1
27897 27715 182 5 0.299892 0.276319 0.0235736 6 3 6 3
28015 27659 356 4 0.699887 0.659162 0.0407251 7 2 5 1
28210 27860 350 9 0.399923 0.35985 0.0400733 7 2 7 2
28399 28171 228 1 0.799897 0.771981 0.0279159 8 1 5 1
28481 27402 1079 8 0.899914 0.693709 0.206205 8 1 3 0
