914 793 121 4 0.899939 0.884129 0.0158097 6 0 6 0
1645 1565 80 7 0.799978 0.78903 0.010948 6 1 5 0
1650 1544 106 5 0.799887 0.784606 0.0152814 8 0 8 0
2459 2406 53 0 0.699976 0.694155 0.00582111 6 2 6 2
2508 2290 218 9 0.699904 0.673694 0.0262104 7 1 7 1
2811 2487 324 3 0.699959 0.662347 0.0376125 7 0 7 0
3371 3230 141 2 0.599957 0.581955 0.0180022 7 1 7 1
3540 3209 331 8 0.599972 0.559145 0.0408268 7 1 7 1
4150 4097 53 1 0.499866 0.492394 0.00747213 8 1 8 1
4310 4107 203 7 0.799893 0.777026 0.0228675 6 3 4 2
4759 4546 213 4 0.599992 0.575511 0.0244815 7 1 7 1
5862 5471 391 9 0.799951 0.754105 0.0458458 6 2 4 1
5972 5871 101 3 0.79989 0.787163 0.0127276 7 0 5 0
5991 5900 91 5 0.59994 0.58966 0.0102802 8 1 7 1
6018 5776 242 6 0.299976 0.270581 0.0293945 9 0 9 0
6120 6036 84 7 0.899886 0.887802 0.0120835 7 2 2 1
7038 6734 304 2 0.799929 0.765335 0.0345939 7 1 4 0
7163 7014 149 8 0.7999 0.781942 0.0179574 8 0 4 0
7383 7055 328 0 0.599996 0.559662 0.0403349 7 2 6 2
9038 8700 338 1 0.699953 0.658171 0.0417816 8 1 5 1
10162 9853 309 6 0.899922 0.863018 0.0369036 9 0 4 0
10177 10016 161 0 0.899996 0.878264 0.0217319 7 2 3 1
10539 10182 357 3 0.599916 0.556906 0.0430098 8 1 8 1
10566 10186 380 5 0.699967 0.654892 0.0450754 7 2 6 2
10831 10744 87 7 0.499979 0.489439 0.0105405 8 1 8 1
10916 10524 392 2 0.699935 0.649401 0.050534 7 2 2 2
11746 11514 232 4 0.39995 0.372038 0.0279118 5 4 5 3
12316 12155 161 1 0.799923 0.779671 0.0202521 7 2 4 1
12518 12178 340 8 0.499822 0.460126 0.0396963 7 2 6 2
13057 12804 253 9 0.299958 0.27107 0.0288875 7 2 7 2
13118 13063 55 0 0.69996 0.69187 0.00809016 4 5 4 5
13647 13266 381 6 0.699891 0.653979 0.0459123 7 2 6 2
14236 14051 185 3 0.799988 0.77799 0.021998 7 2 3 1
15032 14842 190 2 0.699921 0.677019 0.0229022 8 1 5 1
15434 15157 277 4 0.9 0.86805 0.03195 5 4 2 0
15468 15261 207 5 0.599944 0.574642 0.025302 6 3 2 2
15490 15422 68 7 0.699903 0.691599 0.00830479 6 3 3 3
17264 17127 137 8 0.699857 0.682228 0.0176289 8 1 5 1
17365 17176 189 2 0.899988 0.875495 0.0244933 8 1 4 0
17532 17465 67 3 0.699945 0.690978 0.00896726 7 2 4 1
17879 17672 207 4 0.79995 0.773239 0.0267105 7 2 5 1
18538 18411 127 6 0.599931 0.584262 0.0156688 8 1 6 1
18845 18555 290 9 0.699892 0.665814 0.0340785 7 2 5 2
19282 18898 384 5 0.79995 0.753972 0.0459783 6 3 4 1
19336 19022 314 1 0.299854 0.262511 0.0373431 7 2 7 2
20396 20018 378 7 0.599956 0.551362 0.0485946 8 1 5 1
20416 20205 211 0 0.299893 0.275311 0.024582 5 4 5 4
20548 20462 86 4 0.799907 0.788754 0.0111531 7 2 3 2
20582 20429 153 3 0.799944 0.781455 0.0184882 7 2 4 0
22582 22317 265 3 0.899947 0.867479 0.0324684 7 2 2 0
22752 22634 118 8 0.499845 0.483029 0.0168168 7 2 4 2
23041 22722 319 5 0.699921 0.662787 0.0371341 5 4 5 3
23099 22845 254 2 0.399933 0.370336 0.0295972 6 3 5 3
23370 23105 265 4 0.79994 0.76528 0.03466 5 4 2 2
24995 24761 234 7 0.699928 0.6714 0.028528 8 1 5 1
25102 24841 261 3 0.79999 0.770156 0.0298339 7 2 3 2
25325 25220 105 9 0.399962 0.385231 0.0147316 6 3 6 2
25489 25345 144 6 0.399931 0.382327 0.0176039 8 1 8 1
26052 25703 349 1 0.599944 0.557882 0.0420616 7 2 6 2
26059 25877 182 0 0.69993 0.678362 0.0215679 7 2 5 2
27422 27308 114 8 0.699933 0.685989 0.0139438 6 3 4 1
28053 27711 342 5 0.599943 0.561491 0.038452 6 3 5 2
28833 28493 340 4 0.499964 0.460108 0.0398568 4 5 3 3
29032 28686 346 1 0.899921 0.857852 0.0420689 7 2 3 0
29099 29039 60 0 0.799926 0.79185 0.00807642 5 4 3 3
29284 29003 281 2 0.599955 0.567616 0.0323389 7 2 6 0
29724 29529 195 8 0.89992 0.8764 0.0235191 7 2 4 0
