929 750 179 7 0.899805 0.879118 0.0206867 4 0 4 0
1143 816 327 0 0.899931 0.861736 0.0381953 3 0 3 0
1654 1570 84 2 0.799957 0.790726 0.00923111 4 2 4 2
1802 1626 176 4 0.799927 0.776814 0.0231137 3 0 3 0
1910 1634 276 6 0.799949 0.764022 0.0359268 5 0 5 0
2447 2392 55 1 0.699972 0.691341 0.00863096 5 0 5 0
2585 2490 95 5 0.699979 0.689086 0.0108934 5 1 5 1
2722 2359 363 3 0.699832 0.657952 0.0418802 6 1 6 1
3366 3126 240 9 0.599901 0.572183 0.0277184 7 1 7 1
4330 4264 66 2 0.778522 0.769471 0.00905117 4 5 3 4
4800 4557 243 6 0.799948 0.770925 0.0290228 7 0 5 0
4914 4724 190 7 0.599955 0.576231 0.0237233 8 0 6 0
5163 5039 124 8 0.399984 0.38594 0.0140444 5 3 5 3
6150 5865 285 0 0.499967 0.467337 0.0326309 6 3 6 3
6153 5976 177 4 0.599956 0.577982 0.021974 5 3 5 3
7091 7007 84 1 0.599905 0.590852 0.00905298 7 2 6 2
7647 7438 209 3 0.599949 0.574742 0.0252074 8 1 8 1
7665 7610 55 9 0.699965 0.692387 0.00757755 9 0 5 0
8120 7971 149 5 0.499996 0.481809 0.0181875 6 2 6 2
8123 7819 304 2 0.699978 0.660871 0.0391065 8 1 4 0
8513 8292 221 6 0.7 0.67163 0.0283698 8 1 5 1
9372 9194 178 7 0.699924 0.678402 0.0215219 8 0 3 0
10419 10201 218 3 0.899988 0.870536 0.029452 8 1 3 0
10520 10189 331 8 0.699958 0.655752 0.0442059 7 2 7 2
11194 10846 348 0 0.699902 0.660202 0.0397001 6 3 5 3
11362 11235 127 9 0.699996 0.683233 0.0167631 4 5 4 5
11452 11082 370 5 0.89991 0.855675 0.0442342 6 2 2 1
11662 11255 407 1 0.699919 0.650157 0.0497618 8 1 6 1
12235 11952 283 4 0.499939 0.467215 0.0327236 6 3 6 3
13432 13218 214 7 0.699932 0.674005 0.025927 8 1 3 1
14116 13927 189 1 0.9 0.874307 0.0256927 8 1 4 0
14265 14210 55 9 0.799911 0.792211 0.00770021 6 3 5 1
14358 14049 309 6 0.499943 0.463003 0.0369397 7 2 7 2
14371 14253 118 3 0.599963 0.584434 0.0155289 7 2 7 1
14459 14282 177 0 0.799964 0.779043 0.0209212 7 2 7 1
14769 14555 214 5 0.699948 0.67525 0.0246979 8 1 7 1
14875 14503 372 2 0.399863 0.35776 0.0421031 7 2 7 2
16354 16090 264 4 0.799927 0.766956 0.0329704 7 2 4 0
16983 16730 253 9 0.799801 0.769237 0.0305641 7 2 3 0
17212 17017 195 0 0.79992 0.77637 0.0235494 7 2 3 2
17238 17008 230 8 0.399987 0.37072 0.0292679 8 1 6 1
18637 18531 106 3 0.699962 0.686823 0.0131393 8 1 7 1
18816 18763 53 1 0.499888 0.491893 0.00799512 7 2 6 2
19298 18929 369 0 0.899937 0.852932 0.0470046 7 2 5 2
19807 19747 60 6 0.599829 0.590361 0.00946785 7 2 7 2
19813 19706 107 7 0.399976 0.385443 0.0145329 7 2 6 2
20247 20000 247 2 0.699995 0.671229 0.0287655 7 2 6 1
20517 20234 283 5 0.5 0.46469 0.0353098 7 2 5 2
21523 21277 246 9 0.599909 0.572299 0.0276101 6 3 5 3
21772 21719 53 1 0.899993 0.892161 0.00783229 9 0 4 0
21826 21568 258 0 0.799821 0.76794 0.0318808 9 0 4 0
22484 22413 71 3 0.699904 0.689535 0.0103684 8 1 6 1
22615 22300 315 8 0.699925 0.663492 0.0364332 6 3 4 3
23333 23105 228 4 0.299988 0.273734 0.026254 9 0 9 0
23663 23311 352 2 0.799833 0.75704 0.0427936 7 2 4 1
23961 23845 116 1 0.799951 0.784599 0.0153514 8 1 5 1
24475 24422 53 5 0.799855 0.79189 0.00796554 8 1 5 0
24819 24759 60 6 0.599893 0.590258 0.00963487 6 3 6 3
24962 24822 140 8 0.899891 0.883423 0.0164684 6 3 1 1
25550 25238 312 0 0.699926 0.665376 0.0345497 9 0 5 0
25815 25705 110 9 0.699925 0.686352 0.0135734 8 1 7 1
25998 25693 305 7 0.599852 0.561175 0.0386776 8 1 8 1
26326 26230 96 8 0.899828 0.886598 0.0132301 6 3 4 1
26567 26497 70 2 0.773238 0.764725 0.00851252 7 2 4 2
28310 28169 141 1 0.599934 0.582218 0.0177158 8 1 8 1
28859 28795 64 3 0.399829 0.391225 0.00860428 8 1 7 1
29305 28978 327 6 0.699919 0.661208 0.0387106 8 1 8 0
29329 29214 115 8 0.699982 0.686791 0.0131912 8 1 7 0
29477 29424 53 0 0.69991 0.692204 0.00770594 8 1 6 1
29488 29199 289 2 0.799815 0.763711 0.0361036 7 2 5 0
29683 29492 191 5 0.499921 0.478011 0.0219097 9 0 8 0
