927 813 114 7 0.899926 0.887104 0.0128218 5 0 5 0
950 805 145 1 0.899936 0.881247 0.0186892 5 0 5 0
1638 1577 61 4 0.799953 0.791878 0.00807525 7 0 7 0
1743 1578 165 5 0.799907 0.778921 0.0209859 8 0 8 0
2499 2401 98 8 0.699818 0.687229 0.0125887 6 1 6 1
2538 2443 95 9 0.699928 0.687216 0.0127124 8 0 8 0
2592 2208 384 7 0.899991 0.852413 0.0475785 7 0 3 0
2671 2427 244 0 0.699949 0.668034 0.0319154 9 0 9 0
3440 3225 215 2 0.599997 0.574944 0.0250531 6 3 6 3
4211 4126 85 4 0.799962 0.790345 0.00961752 6 2 4 2
4290 4026 264 6 0.499972 0.469572 0.0303991 8 1 8 1
4417 4311 106 5 0.799977 0.788167 0.0118102 7 1 5 1
4713 4618 95 8 0.899951 0.8863 0.0136519 6 1 1 0
4959 4770 189 1 0.599914 0.575686 0.0242278 8 0 8 0
5215 4914 301 3 0.399972 0.364537 0.0354352 7 1 7 1
5607 5495 112 9 0.799895 0.784265 0.0156304 6 2 5 2
6641 6460 181 7 0.599898 0.577884 0.0220138 7 2 6 2
6786 6611 175 0 0.699904 0.675578 0.0243257 7 2 3 2
6949 6788 161 8 0.799966 0.776647 0.0233186 5 3 3 3
7022 6916 106 2 0.799927 0.787167 0.0127602 7 2 2 1
7864 7584 280 4 0.699905 0.665867 0.0340384 5 4 3 3
9332 9001 331 9 0.699939 0.660352 0.0395871 9 0 8 0
9780 9472 308 5 0.499943 0.46341 0.0365329 8 1 6 1
10096 9793 303 6 0.599918 0.562201 0.037717 9 0 7 0
10472 10330 142 2 0.699935 0.681759 0.018176 9 0 7 0
10886 10802 84 7 0.699908 0.687125 0.0127834 6 3 6 2
10949 10588 361 0 0.69982 0.656214 0.0436058 8 1 6 1
11430 11160 270 3 0.599993 0.567784 0.0322091 4 4 4 4
11495 11183 312 8 0.599957 0.562666 0.0372905 7 1 6 1
11902 11752 150 4 0.699998 0.681153 0.0188445 4 5 4 4
12890 12577 313 1 0.299946 0.261668 0.0382783 6 2 5 2
12894 12746 148 6 0.899958 0.883059 0.0168994 9 0 2 0
13632 13397 235 2 0.799946 0.772886 0.0270598 7 2 4 2
13737 13644 93 5 0.799924 0.788329 0.0115946 9 0 5 0
14331 14122 209 8 0.899936 0.876064 0.0238713 7 1 4 0
14454 14196 258 6 0.89997 0.869646 0.0303241 8 1 3 1
14738 14674 64 7 0.7 0.691164 0.00883526 8 1 6 0
16052 15752 300 3 0.699879 0.664035 0.0358438 8 1 7 0
16317 16189 128 5 0.799939 0.785868 0.0140711 9 0 6 0
16590 16447 143 0 0.49999 0.482228 0.0177618 8 1 8 1
16766 16507 259 8 0.799847 0.768672 0.0311746 9 0 5 0
16787 16444 343 9 0.299964 0.261576 0.038388 6 3 6 3
16828 16684 144 6 0.799971 0.781674 0.0182976 7 2 5 1
16842 16514 328 4 0.599949 0.560836 0.0391135 6 3 6 2
19243 19119 124 3 0.799987 0.786293 0.0136947 9 0 7 0
19533 19326 207 7 0.59996 0.576519 0.0234413 9 0 7 0
19716 19544 172 2 0.399925 0.377413 0.0225126 8 1 8 1
19788 19628 160 5 0.699931 0.679832 0.0200989 9 0 5 0
20625 20339 286 4 0.799968 0.764777 0.035191 7 2 4 0
20961 20631 330 9 0.899896 0.85878 0.0411163 6 3 3 1
21045 20958 87 3 0.899919 0.889477 0.0104427 8 1 2 1
21082 20983 99 6 0.59989 0.586202 0.0136886 6 3 5 3
21254 21010 244 1 0.399963 0.369908 0.0300545 7 2 7 2
21959 21849 110 8 0.499984 0.485761 0.0142232 5 4 5 4
22504 22423 81 4 0.899908 0.887169 0.0127388 6 3 3 2
22596 22310 286 3 0.899953 0.866284 0.0336691 8 1 4 0
22938 22725 213 5 0.799986 0.774296 0.0256906 8 1 5 1
23221 22872 349 0 0.499923 0.456933 0.0429894 8 1 6 1
23537 23178 359 9 0.799992 0.756786 0.0432053 4 5 2 4
24216 23979 237 2 0.799922 0.770152 0.02977 8 1 3 1
24864 24698 166 1 0.899902 0.881651 0.0182511 5 4 3 2
24935 24682 253 5 0.899987 0.870501 0.029486 7 2 3 1
24948 24799 149 3 0.799974 0.779974 0.0199998 8 1 4 1
24952 24619 333 7 0.599759 0.560914 0.0388449 5 4 2 4
26245 26127 118 6 0.599899 0.585777 0.0141226 7 2 5 2
26404 26212 192 9 0.799894 0.776211 0.0236828 6 3 3 1
27515 27361 154 8 0.599897 0.580476 0.0194212 5 4 5 2
28004 27785 219 1 0.699901 0.673219 0.0266819 8 1 6 1
28088 27896 192 4 0.399964 0.373688 0.0262761 7 2 7 2
28135 27948 187 5 0.699951 0.67528 0.0246708 8 1 6 0
29560 29282 278 2 0.499931 0.467404 0.0325273 7 2 7 2
29665 29558 107 0 0.499972 0.485652 0.0143196 7 2 7 2
29693 29586 107 6 0.79999 0.785854 0.0141352 8 1 4 1
