875 817 58 8 0.899893 0.891373 0.0085199 7 2 7 2
881 779 102 6 0.899963 0.887269 0.0126933 8 1 8 1
906 718 188 4 0.89992 0.877667 0.0222527 9 0 9 0
919 781 138 3 0.899997 0.884826 0.0151711 7 2 7 2
1738 1579 159 0 0.799997 0.781669 0.0183281 7 2 7 2
1767 1579 188 5 0.799935 0.776978 0.0229564 7 2 7 2
1830 1563 267 2 0.799899 0.767003 0.0328961 8 1 8 1
1847 1603 244 7 0.799897 0.768341 0.0315559 5 4 5 4
1906 1551 355 9 0.799973 0.755866 0.044107 9 0 9 0
2488 2154 334 6 0.899922 0.860074 0.0398486 4 5 4 5
3282 2952 330 8 0.799968 0.75991 0.0400581 8 1 8 1
3374 3321 53 1 0.599971 0.591983 0.00798815 8 1 8 1
3511 3458 53 0 0.899859 0.892912 0.00694722 7 2 7 2
3900 3812 88 4 0.699995 0.686928 0.0130671 6 3 6 3
3910 3845 65 3 0.699952 0.691659 0.00829266 5 4 5 4
4663 4367 296 5 0.799954 0.766317 0.0336372 6 3 6 3
5820 5491 329 6 0.699892 0.660475 0.039417 8 1 8 1
6485 6393 92 0 0.699982 0.68821 0.0117719 7 2 7 2
6526 6183 343 7 0.599971 0.55662 0.0433513 8 1 8 1
7023 6678 345 1 0.799986 0.756537 0.0434488 6 3 6 3
7068 6773 295 3 0.799988 0.765086 0.0349016 5 4 5 4
7418 7287 131 5 0.799953 0.784573 0.0153801 5 4 5 4
7902 7585 317 4 0.699999 0.661173 0.0388261 4 5 4 5
7997 7874 123 9 0.399948 0.38247 0.0174776 3 6 3 6
8025 7764 261 2 0.399911 0.368866 0.031045 3 6 3 6
9229 8870 359 1 0.899819 0.857943 0.0418759 6 3 6 3
9424 9187 237 8 0.399967 0.370278 0.0296886 5 4 5 4
9892 9735 157 6 0.69999 0.682373 0.0176174 5 4 5 4
10359 10235 124 0 0.699899 0.68268 0.0172183 5 4 5 4
10621 10465 156 3 0.699997 0.680459 0.0195384 4 5 4 5
11057 10912 145 7 0.699978 0.682718 0.0172597 5 4 5 4
11858 11603 255 5 0.599981 0.566697 0.0332841 5 4 5 4
12189 11846 343 4 0.699905 0.661453 0.038452 5 4 5 4
13009 12858 151 6 0.799942 0.779132 0.0208103 7 2 7 2
13344 13198 146 7 0.899941 0.880115 0.0198255 5 4 5 4
13377 13117 260 2 0.699927 0.668463 0.0314643 6 3 6 3
14275 13900 375 9 0.599992 0.553117 0.0468747 7 2 7 2
14283 14013 270 1 0.499908 0.46705 0.0328581 7 2 7 2
14444 14344 100 4 0.899972 0.887454 0.0125178 6 3 6 3
15070 14951 119 0 0.599933 0.581861 0.0180723 7 2 7 2
15584 15303 281 8 0.59998 0.564245 0.0357344 6 3 6 3
16108 16012 96 3 0.499943 0.485669 0.0142736 5 4 5 4
16457 16148 309 5 0.699899 0.663936 0.035963 5 4 5 4
18137 18072 65 2 0.599984 0.590511 0.00947214 6 3 6 3
18158 17767 391 9 0.799934 0.751466 0.0484679 7 2 7 2
18258 17994 264 7 0.499762 0.466644 0.0331182 7 2 7 2
18781 18470 311 0 0.79991 0.763623 0.036287 6 3 6 3
19054 18857 197 6 0.399959 0.375858 0.0241008 5 4 5 4
19235 19046 189 1 0.699899 0.677695 0.0222044 4 5 4 5
20131 19797 334 4 0.399986 0.35644 0.0435459 5 4 5 4
20804 20739 65 8 0.599969 0.592301 0.00766767 7 2 7 2
21464 21173 291 5 0.599941 0.565936 0.0340045 6 3 6 3
21705 21554 151 3 0.599948 0.580124 0.0198238 5 4 5 4
22748 22547 201 9 0.599991 0.576845 0.0231466 6 3 6 3
23080 22988 92 7 0.699874 0.688217 0.0116569 6 3 6 3
23224 23025 199 0 0.599967 0.57389 0.0260769 5 4 5 4
24205 23894 311 1 0.599895 0.564566 0.0353292 6 3 6 3
24461 24144 317 6 0.699909 0.662036 0.0378727 5 4 5 4
24945 24667 278 2 0.399961 0.366139 0.0338219 6 3 6 3
25304 25137 167 3 0.799957 0.779389 0.0205677 6 3 6 3
25393 25301 92 4 0.689675 0.675747 0.0139279 5 4 5 4
26285 26054 231 7 0.799994 0.773346 0.0266475 6 3 6 3
26839 26686 153 8 0.499952 0.481174 0.0187778 5 4 5 4
26911 26668 243 5 0.599983 0.571559 0.0284233 6 3 6 3
27728 27665 63 1 0.799779 0.792601 0.00717848 6 3 6 3
27777 27580 197 4 0.899896 0.876786 0.02311 7 2 7 2
28158 27895 263 3 0.799905 0.768339 0.0315655 5 4 5 4
28661 28353 308 6 0.699966 0.663288 0.0366778 5 4 5 4
29391 29074 317 2 0.799957 0.763108 0.0368493 7 2 7 2
29439 29151 288 0 0.499906 0.463856 0.0360502 7 2 7 2
29844 29512 332 9 0.399987 0.361648 0.0383387 6 3 6 3
