795 741 54 2 0.899934 0.892479 0.00745503 9 0 9 0
834 781 53 3 0.899899 0.892651 0.00724791 8 1 8 1
1692 1587 105 1 0.799895 0.788354 0.0115411 8 1 8 1
1768 1528 240 0 0.799982 0.769752 0.0302292 9 0 9 0
1936 1609 327 4 0.799983 0.758547 0.0414355 7 2 7 2
2477 2415 62 9 0.699983 0.691594 0.00838911 5 4 5 4
2638 2407 231 7 0.699898 0.67049 0.0294082 6 3 6 3
3015 2827 188 2 0.799953 0.775678 0.0242752 6 3 6 3
3319 3193 126 6 0.599912 0.584289 0.0156233 6 3 6 3
3633 3284 349 8 0.599952 0.55883 0.0411222 5 4 5 4
3888 3703 185 3 0.699978 0.679637 0.0203411 4 5 4 5
4255 4126 129 5 0.499986 0.483503 0.0164829 6 3 6 3
4315 4238 77 1 0.799955 0.791271 0.00868435 5 4 5 4
5632 5503 129 4 0.699951 0.684768 0.0151829 8 1 8 1
5978 5681 297 7 0.799991 0.763659 0.0363319 7 2 7 2
6273 6021 252 3 0.899948 0.86898 0.0309681 6 3 6 3
7116 6844 272 1 0.799979 0.767077 0.0329025 7 2 7 2
7118 6968 150 0 0.499968 0.482104 0.0178635 8 1 8 1
7262 7108 154 9 0.599941 0.579614 0.0203278 7 2 7 2
7333 7279 54 2 0.599897 0.591348 0.00854866 5 4 5 4
7471 7233 238 5 0.899923 0.87264 0.0272827 6 3 6 3
8450 8326 124 6 0.59998 0.584482 0.0154976 6 3 6 3
9104 8794 310 8 0.599944 0.565276 0.034668 5 4 5 4
10257 10170 87 7 0.599955 0.587784 0.0121708 8 1 8 1
11301 10945 356 3 0.499941 0.458499 0.0414429 8 1 8 1
11525 11302 223 5 0.599974 0.57428 0.0256942 7 2 7 2
11551 11489 62 2 0.699989 0.690764 0.00922552 5 4 5 4
11608 11453 155 9 0.699963 0.681386 0.0185772 6 3 6 3
11834 11772 62 0 0.699914 0.691172 0.00874157 4 5 4 5
12063 11895 168 4 0.39995 0.377305 0.0226451 3 6 3 6
12355 12253 102 1 0.499968 0.486211 0.0137574 3 6 3 6
14601 14243 358 8 0.599923 0.557686 0.0422372 7 2 7 2
14610 14543 67 9 0.799987 0.790357 0.00963016 6 3 6 3
14697 14356 341 7 0.699898 0.658246 0.0416526 6 3 6 3
15407 15282 125 1 0.899899 0.884167 0.0157327 5 4 5 4
15451 15168 283 3 0.799939 0.766735 0.0332039 6 3 6 3
15778 15640 138 0 0.699891 0.682319 0.0175724 5 4 5 4
16204 16016 188 6 0.29995 0.278881 0.021069 5 4 5 4
16601 16480 121 5 0.599904 0.583032 0.0168712 7 2 7 2
17346 17179 167 4 0.699914 0.68073 0.0191838 7 2 7 2
17462 17269 193 3 0.899916 0.877771 0.0221454 6 3 6 3
18005 17731 274 2 0.399905 0.367276 0.0326288 5 4 5 4
18040 17802 238 7 0.799909 0.771427 0.0284827 4 5 4 5
18742 18429 313 1 0.699934 0.664207 0.0357264 5 4 5 4
19093 18784 309 3 0.899932 0.862339 0.0375935 5 4 5 4
19210 18808 402 9 0.599875 0.552185 0.0476898 4 5 4 5
20139 19789 350 8 0.59977 0.556303 0.0434667 6 3 6 3
21343 21123 220 4 0.699938 0.671913 0.0280251 8 1 8 1
22542 22418 124 5 0.499916 0.4851 0.0148155 6 3 6 3
22562 22323 239 7 0.599956 0.569829 0.0301273 7 2 7 2
22624 22284 340 2 0.799894 0.758718 0.0411761 8 1 8 1
23053 22798 255 0 0.299922 0.268993 0.0309285 6 3 6 3
23496 23432 64 1 0.599894 0.589867 0.0100276 5 4 5 4
23852 23797 55 3 0.499931 0.490565 0.00936632 5 4 5 4
24276 24059 217 6 0.399923 0.373514 0.0264085 4 5 4 5
25397 25176 221 4 0.699985 0.675203 0.0247821 6 3 6 3
25529 25341 188 2 0.799898 0.778069 0.0218283 5 4 5 4
26235 26129 106 8 0.499921 0.486885 0.0130365 5 4 5 4
26395 26110 285 9 0.399953 0.365173 0.0347794 6 3 6 3
26827 26774 53 3 0.899875 0.892551 0.00732433 6 3 6 3
27856 27652 204 1 0.699811 0.677262 0.022549 7 2 7 2
27885 27691 194 6 0.899997 0.878303 0.0216934 6 3 6 3
27943 27890 53 5 0.59997 0.591405 0.00856553 4 5 4 5
28082 27726 356 0 0.799864 0.759165 0.0406992 6 3 6 3
28705 28504 201 7 0.499968 0.475539 0.0244294 5 4 5 4
29325 29172 153 4 0.699971 0.681673 0.018298 6 3 6 3
