835 765 70 7 0.899993 0.891053 0.00894015 9 0 9 0
895 824 71 3 0.89998 0.890481 0.00949822 8 1 8 1
1755 1666 89 0 0.79987 0.787842 0.0120277 9 0 9 0
2229 2145 84 3 0.899928 0.888685 0.011243 8 1 8 1
2509 2454 55 4 0.699891 0.692191 0.00770023 4 5 4 5
2531 2389 142 5 0.699942 0.681314 0.018628 6 3 6 3
2630 2367 263 6 0.699955 0.668692 0.0312624 7 2 7 2
2648 2402 246 9 0.699979 0.671046 0.0289328 5 4 5 4
3309 3255 54 2 0.599977 0.592527 0.00745021 5 4 5 4
4923 4824 99 6 0.899944 0.887499 0.012445 8 1 8 1
5037 4984 53 8 0.399969 0.393291 0.006678 8 1 8 1
5053 4997 56 1 0.39995 0.392598 0.00735229 7 2 7 2
5311 5200 111 3 0.699993 0.685104 0.0148891 5 4 5 4
5413 5121 292 0 0.699966 0.666241 0.033725 6 3 6 3
5699 5366 333 7 0.499999 0.458171 0.0418279 4 5 4 5
7344 7057 287 6 0.799922 0.766792 0.0331297 6 3 6 3
8273 7957 316 5 0.499965 0.463295 0.0366701 8 1 8 1
8302 8240 62 3 0.799901 0.792499 0.00740265 6 3 6 3
8432 8159 273 9 0.499909 0.465748 0.0341616 7 2 7 2
8460 8302 158 2 0.599982 0.57793 0.0220527 6 3 6 3
8907 8774 133 7 0.899997 0.885094 0.0149026 5 4 5 4
9654 9279 375 0 0.699958 0.653215 0.0467424 5 4 5 4
9888 9615 273 4 0.299905 0.2683 0.0316049 5 4 5 4
11014 10909 105 1 0.599892 0.588351 0.0115411 6 3 6 3
11170 10815 355 8 0.599888 0.557933 0.0419546 7 2 7 2
12038 11847 191 2 0.799982 0.774918 0.0250646 6 3 6 3
13296 13031 265 5 0.69996 0.668345 0.0316158 9 0 9 0
13392 13212 180 9 0.699915 0.678959 0.0209563 8 1 8 1
13626 13280 346 6 0.399906 0.357325 0.0425802 7 2 7 2
13628 13536 92 1 0.899903 0.888206 0.0116966 6 3 6 3
14531 14456 75 7 0.399944 0.38802 0.011924 5 4 5 4
14567 14198 369 3 0.399998 0.355475 0.0445231 6 3 6 3
15834 15477 357 8 0.7 0.656601 0.0433983 6 3 6 3
16492 16251 241 4 0.599965 0.571674 0.0282905 6 3 6 3
17181 16870 311 0 0.299899 0.263806 0.0360929 5 4 5 4
18002 17935 67 2 0.399932 0.391617 0.00831415 7 2 7 2
18105 17947 158 5 0.599978 0.58081 0.0191681 6 3 6 3
18428 18218 210 1 0.499923 0.472955 0.0269678 5 4 5 4
18915 18832 83 9 0.499917 0.490732 0.00918467 3 6 3 6
18935 18685 250 7 0.799896 0.768789 0.0311067 5 4 5 4
18954 18781 173 6 0.699929 0.678617 0.0213112 4 5 4 5
19895 19731 164 8 0.699913 0.679129 0.0207838 2 7 2 7
20847 20543 304 3 0.599952 0.564201 0.035751 6 3 6 3
21713 21632 81 4 0.599961 0.588471 0.0114899 8 1 8 1
22431 22165 266 1 0.799935 0.767615 0.0323201 7 2 7 2
22560 22286 274 5 0.699986 0.667243 0.0327426 6 3 6 3
22636 22311 325 7 0.699971 0.660765 0.0392061 5 4 5 4
22879 22613 266 0 0.699937 0.664753 0.0351844 4 5 4 5
23751 23698 53 8 0.699887 0.690565 0.0093215 5 4 5 4
23791 23523 268 6 0.599939 0.567335 0.0326037 5 4 5 4
25153 24870 283 7 0.899966 0.866949 0.0330174 7 2 7 2
25191 25050 141 4 0.799931 0.779817 0.0201136 6 3 6 3
25229 25150 79 3 0.699956 0.689281 0.0106757 6 3 6 3
25566 25361 205 2 0.399929 0.374645 0.0252837 5 4 5 4
25886 25602 284 5 0.799941 0.766582 0.0333587 5 4 5 4
26151 26015 136 9 0.399946 0.38242 0.0175265 4 5 4 5
26177 25847 330 8 0.899925 0.856531 0.0433939 5 4 5 4
27660 27580 80 0 0.599898 0.590734 0.00916389 7 2 7 2
27705 27637 68 8 0.899931 0.89246 0.00747111 6 3 6 3
28469 28225 244 1 0.399988 0.372113 0.027875 7 2 7 2
28648 28448 200 4 0.699929 0.676644 0.0232851 6 3 6 3
28761 28459 302 5 0.799979 0.762426 0.0375527 5 4 5 4
29169 29028 141 3 0.699904 0.681611 0.0182924 5 4 5 4
29977 29738 239 2 0.799991 0.772015 0.0279756 6 3 6 3
