785 719 66 8 0.899939 0.892288 0.00765103 9 0 9 0
931 820 111 9 0.899924 0.88732 0.0126037 7 2 7 2
1092 774 318 5 0.899892 0.860689 0.0392029 8 1 8 1
1685 1576 109 6 0.799978 0.786151 0.0138274 7 2 7 2
1716 1555 161 4 0.799993 0.780998 0.0189948 8 1 8 1
2506 2451 55 0 0.69996 0.691343 0.00861695 6 3 6 3
2753 2372 381 3 0.699767 0.652148 0.0476186 7 2 7 2
3378 3040 338 9 0.799931 0.759554 0.0403773 7 2 7 2
3380 3231 149 7 0.599945 0.582577 0.0173677 6 3 6 3
4202 3969 233 2 0.499982 0.473317 0.0266653 6 3 6 3
4391 4061 330 1 0.499968 0.457858 0.0421101 5 4 5 4
4488 4191 297 6 0.799921 0.76624 0.0336813 5 4 5 4
5197 5096 101 4 0.699958 0.688168 0.0117902 6 3 6 3
6436 6238 198 0 0.699939 0.673012 0.0269267 6 3 6 3
6826 6628 198 5 0.399921 0.374347 0.0255736 8 1 8 1
7035 6837 198 9 0.699983 0.673469 0.0265138 7 2 7 2
7166 7031 135 8 0.2999 0.282538 0.0173623 6 3 6 3
8045 7780 265 6 0.699906 0.66637 0.033536 5 4 5 4
8646 8362 284 3 0.499987 0.467283 0.0327041 5 4 5 4
9489 9264 225 7 0.499938 0.471952 0.0279851 5 4 5 4
10091 9861 230 4 0.599931 0.57216 0.0277711 6 3 6 3
10886 10632 254 2 0.499962 0.467468 0.0324947 6 3 6 3
11217 10999 218 6 0.799896 0.772768 0.0271284 6 3 6 3
11913 11720 193 9 0.599902 0.576663 0.0232392 5 4 5 4
11930 11849 81 0 0.499927 0.489013 0.0109138 5 4 5 4
11956 11632 324 1 0.399997 0.363907 0.0360897 5 4 5 4
12747 12692 55 4 0.899923 0.889873 0.0100504 5 4 5 4
13019 12742 277 5 0.599816 0.5684 0.0314152 4 5 4 5
14863 14768 95 2 0.799954 0.787027 0.0129279 8 1 8 1
15130 15016 114 8 0.399915 0.385882 0.0140326 9 0 9 0
15760 15450 310 6 0.599973 0.565676 0.0342979 7 2 7 2
15996 15653 343 5 0.899959 0.855698 0.0442618 6 3 6 3
16091 15827 264 4 0.699928 0.668301 0.0316269 6 3 6 3
16433 16210 223 1 0.799982 0.77188 0.0281014 5 4 5 4
17129 16761 368 3 0.299974 0.255045 0.0449292 5 4 5 4
17812 17530 282 7 0.299922 0.268427 0.0314949 6 3 6 3
18300 17875 425 9 0.499903 0.449473 0.0504295 7 2 7 2
18327 18274 53 4 0.899839 0.892166 0.00767282 5 4 5 4
18359 18097 262 0 0.499989 0.470064 0.0299258 6 3 6 3
19208 18974 234 2 0.599926 0.572623 0.0273027 5 4 5 4
19947 19892 55 1 0.699866 0.691742 0.00812465 4 5 4 5
20781 20617 164 5 0.499958 0.479598 0.0203601 6 3 6 3
21100 20855 245 8 0.59998 0.571633 0.0283468 5 4 5 4
21126 20836 290 6 0.599994 0.56575 0.0342443 6 3 6 3
23149 23034 115 0 0.699969 0.685868 0.0141017 9 0 9 0
23767 23495 272 3 0.599915 0.568586 0.0313291 8 1 8 1
23815 23739 76 4 0.399977 0.391578 0.00839917 6 3 6 3
23989 23652 337 1 0.69998 0.658646 0.0413341 7 2 7 2
24028 23954 74 7 0.599878 0.590656 0.00922179 5 4 5 4
24666 24537 129 8 0.79991 0.781935 0.017975 3 6 3 6
24705 24518 187 5 0.799918 0.779357 0.0205611 4 5 4 5
24757 24361 396 2 0.599913 0.551335 0.048578 4 5 4 5
25740 25436 304 9 0.39989 0.362883 0.0370069 3 6 3 6
26308 26096 212 0 0.799995 0.775179 0.024816 6 3 6 3
27332 27045 287 6 0.499939 0.464895 0.0350441 7 2 7 2
27514 27353 161 7 0.799952 0.780398 0.0195545 7 2 7 2
28359 28302 57 2 0.799971 0.789675 0.0102958 6 3 6 3
28845 28714 131 1 0.599965 0.585563 0.0144011 7 2 7 2
28931 28745 186 4 0.699967 0.675926 0.0240404 6 3 6 3
28949 28896 53 3 0.599946 0.59158 0.00836614 5 4 5 4
28998 28896 102 8 0.599993 0.58633 0.0136625 5 4 5 4
