786 717 69 5 0.899784 0.890091 0.00969358 8 1 8 1
841 707 134 0 0.899979 0.88222 0.0177588 9 0 9 0
1017 795 222 8 0.899939 0.87334 0.0265988 8 1 8 1
1733 1651 82 4 0.799998 0.78846 0.0115377 9 0 9 0
1773 1571 202 6 0.799989 0.777377 0.0226113 9 0 9 0
2549 2483 66 1 0.699848 0.690883 0.00896559 7 2 7 2
3078 2895 183 5 0.799975 0.779598 0.0203764 8 1 8 1
3316 3196 120 2 0.599962 0.584416 0.0155452 6 3 6 3
3460 3181 279 8 0.799934 0.765647 0.0342872 7 2 7 2
3892 3839 53 0 0.699868 0.690907 0.00896115 5 4 5 4
3894 3551 343 6 0.899915 0.858542 0.0413731 5 4 5 4
4985 4769 216 5 0.899914 0.875611 0.0243027 7 2 7 2
5333 4949 384 3 0.399897 0.352938 0.0469594 6 3 6 3
5851 5753 98 9 0.299985 0.287712 0.0122728 8 1 8 1
5944 5754 190 7 0.299984 0.275469 0.0245143 7 2 7 2
6074 5958 116 4 0.599999 0.584382 0.0156167 6 3 6 3
7226 7058 168 1 0.599846 0.580521 0.0193247 4 5 4 5
7351 6996 355 6 0.699898 0.658291 0.0416068 5 4 5 4
9305 9173 132 2 0.499931 0.485137 0.0147934 9 0 9 0
9484 9335 149 8 0.399988 0.380684 0.0193043 8 1 8 1
9655 9601 54 9 0.899979 0.891397 0.00858193 6 3 6 3
9853 9587 266 6 0.899981 0.865863 0.0341181 7 2 7 2
10490 10151 339 0 0.399953 0.358394 0.0415583 6 3 6 3
10892 10496 396 5 0.399927 0.35112 0.0488073 6 3 6 3
11655 11489 166 1 0.699913 0.678288 0.0216248 6 3 6 3
12346 12160 186 3 0.499908 0.477085 0.0228225 6 3 6 3
13071 12821 250 4 0.399947 0.370657 0.0292906 5 4 5 4
13372 13083 289 7 0.499943 0.462217 0.0377259 5 4 5 4
13762 13682 80 8 0.799927 0.789129 0.0107987 5 4 5 4
13814 13471 343 9 0.599962 0.558885 0.0410768 5 4 5 4
14717 14633 84 1 0.799945 0.786882 0.013063 5 4 5 4
14732 14507 225 6 0.49993 0.471589 0.0283413 5 4 5 4
15038 14835 203 2 0.599959 0.57367 0.0262889 4 5 4 5
16541 16441 100 0 0.59994 0.587477 0.012463 6 3 6 3
16706 16397 309 7 0.899964 0.865766 0.034198 7 2 7 2
16937 16829 108 5 0.599899 0.585631 0.0142682 6 3 6 3
17270 17077 193 8 0.699919 0.675874 0.0240447 6 3 6 3
18511 18157 354 9 0.699985 0.658108 0.0418773 6 3 6 3
18732 18631 101 3 0.499925 0.485645 0.0142804 8 1 8 1
19294 18929 365 4 0.599925 0.556306 0.0436187 7 2 7 2
19628 19434 194 6 0.699909 0.678157 0.0217522 6 3 6 3
19880 19736 144 7 0.699995 0.681769 0.0182261 4 5 4 5
19884 19727 157 1 0.499951 0.480542 0.019409 5 4 5 4
20470 20174 296 2 0.599917 0.562695 0.0372213 4 5 4 5
21775 21531 244 0 0.599931 0.571125 0.0288053 7 2 7 2
22538 22481 57 9 0.699989 0.691666 0.00832318 8 1 8 1
22958 22753 205 8 0.499898 0.475932 0.0239659 7 2 7 2
23569 23389 180 3 0.699915 0.678986 0.0209296 6 3 6 3
23696 23643 53 7 0.699932 0.692272 0.0076599 6 3 6 3
23973 23700 273 4 0.699895 0.66884 0.0310554 5 4 5 4
24599 24311 288 6 0.599994 0.567993 0.0320015 5 4 5 4
24626 24420 206 5 0.299961 0.27396 0.0260011 4 5 4 5
25428 25195 233 0 0.799809 0.769922 0.0298875 6 3 6 3
26343 26200 143 1 0.499893 0.483179 0.016714 6 3 6 3
26357 26304 53 9 0.699886 0.693378 0.00650797 5 4 5 4
27575 27279 296 2 0.399988 0.366349 0.0336385 6 3 6 3
27953 27807 146 4 0.699918 0.679921 0.0199966 7 2 7 2
28379 28169 210 3 0.599959 0.575608 0.0243512 6 3 6 3
28382 28226 156 7 0.599992 0.582552 0.0174399 5 4 5 4
28605 28444 161 8 0.599939 0.582238 0.0177011 4 5 4 5
29966 29725 241 6 0.599984 0.569689 0.030295 5 4 5 4
