824 744 80 8 0.899973 0.889012 0.0109615 8 1 8 1
858 804 54 2 0.899955 0.892639 0.00731628 7 2 7 2
946 683 263 6 0.899971 0.869986 0.0299855 9 0 9 0
1611 1483 128 4 0.799789 0.782601 0.0171887 9 0 9 0
1708 1550 158 1 0.799925 0.78084 0.0190858 7 2 7 2
1744 1543 201 7 0.799976 0.775899 0.0240771 8 1 8 1
1968 1634 334 3 0.799904 0.760753 0.0391511 6 3 6 3
3085 3002 83 2 0.799983 0.790862 0.00912111 9 0 9 0
3808 3742 66 8 0.699875 0.689455 0.0104196 8 1 8 1
4167 3799 368 3 0.899867 0.855906 0.0439613 7 2 7 2
4297 4116 181 4 0.799911 0.779898 0.0200124 7 2 7 2
4336 4282 54 1 0.799989 0.791015 0.00897402 5 4 5 4
4517 4133 384 0 0.499949 0.452881 0.0470686 6 3 6 3
5648 5582 66 2 0.799809 0.790847 0.00896275 8 1 8 1
5923 5745 178 5 0.299924 0.280162 0.019762 7 2 7 2
6067 5977 90 7 0.59992 0.587823 0.0120968 5 4 5 4
6135 5820 315 9 0.299794 0.260887 0.0389073 6 3 6 3
6237 6030 207 1 0.899992 0.874267 0.0257245 4 5 4 5
7162 6867 295 4 0.799916 0.763887 0.0360292 6 3 6 3
7477 7260 217 6 0.299893 0.273418 0.0264751 5 4 5 4
8479 8152 327 3 0.599973 0.561058 0.0389149 6 3 6 3
8702 8405 297 1 0.799909 0.764148 0.0357607 5 4 5 4
9230 9176 54 8 0.499937 0.492632 0.00730533 6 3 6 3
9541 9341 200 7 0.799997 0.777713 0.0222839 5 4 5 4
10202 10114 88 0 0.599854 0.588197 0.0116568 5 4 5 4
10814 10512 302 5 0.799909 0.763296 0.0366126 7 2 7 2
10935 10597 338 2 0.4999 0.457626 0.0422747 6 3 6 3
11626 11447 179 4 0.599814 0.578133 0.0216813 6 3 6 3
12239 12122 117 6 0.799896 0.787035 0.0128611 6 3 6 3
12279 12102 177 7 0.799992 0.777666 0.0223266 7 2 7 2
12465 12162 303 1 0.699977 0.662534 0.0374426 5 4 5 4
13693 13495 198 0 0.799965 0.774583 0.0253821 8 1 8 1
14214 14083 131 9 0.399945 0.383916 0.016029 8 1 8 1
14419 14267 152 5 0.699977 0.683266 0.0167111 7 2 7 2
14654 14444 210 3 0.499999 0.473071 0.0269282 6 3 6 3
15042 14793 249 2 0.799782 0.768156 0.0316265 6 3 6 3
16009 15660 349 7 0.699968 0.659383 0.0405849 5 4 5 4
17424 17139 285 8 0.299945 0.267335 0.0326099 8 1 8 1
17570 17200 370 6 0.499965 0.455047 0.0449183 7 2 7 2
17607 17523 84 4 0.499976 0.489799 0.0101762 6 3 6 3
17706 17356 350 5 0.799889 0.758342 0.0415475 6 3 6 3
18328 18067 261 1 0.49994 0.466316 0.0336235 5 4 5 4
19007 18774 233 0 0.499939 0.473032 0.0269068 5 4 5 4
20218 20049 169 9 0.599979 0.578293 0.0216865 6 3 6 3
20290 20109 181 2 0.499923 0.476365 0.0235581 5 4 5 4
21542 21255 287 8 0.899993 0.86555 0.0344429 7 2 7 2
21635 21513 122 7 0.499965 0.484205 0.0157606 6 3 6 3
21809 21728 81 3 0.399995 0.390162 0.00983348 5 4 5 4
22217 22035 182 5 0.599985 0.577816 0.0221691 4 5 4 5
24237 24090 147 2 0.799952 0.781743 0.0182092 7 2 7 2
24298 23981 317 6 0.499927 0.463248 0.0366789 8 1 8 1
24773 24574 199 0 0.59999 0.574507 0.0254826 6 3 6 3
24866 24561 305 9 0.699996 0.663723 0.0362735 7 2 7 2
25562 25509 53 4 0.29986 0.291585 0.00827465 5 4 5 4
25574 25451 123 8 0.599906 0.582987 0.016919 6 3 6 3
26434 26197 237 1 0.299986 0.271784 0.0282013 3 6 3 6
26540 26194 346 7 0.69998 0.65612 0.0438599 4 5 4 5
27378 27325 53 5 0.599886 0.593832 0.00605451 6 3 6 3
27812 27678 134 3 0.599901 0.583983 0.0159178 5 4 5 4
28504 28244 260 0 0.799949 0.767569 0.03238 5 4 5 4
29591 29308 283 2 0.499917 0.465373 0.034544 6 3 6 3
29973 29796 177 8 0.699908 0.678739 0.0211686 8 1 8 1
