796 719 77 3 0.899981 0.890416 0.00956469 9 0 9 0
853 773 80 2 0.899988 0.888844 0.0111431 8 1 8 1
1751 1583 168 5 0.799917 0.778283 0.0216342 9 0 9 0
1773 1593 180 1 0.79993 0.778113 0.0218168 8 1 8 1
1999 1628 371 6 0.799899 0.754767 0.0451316 7 2 7 2
2710 2448 262 9 0.699958 0.667634 0.0323236 6 3 6 3
3503 3216 287 7 0.599885 0.565811 0.0340733 8 1 8 1
3881 3514 367 1 0.899977 0.856872 0.0431056 7 2 7 2
3963 3804 159 2 0.699969 0.680097 0.0198724 6 3 6 3
4186 4065 121 0 0.499987 0.484822 0.0151648 4 5 4 5
4226 3991 235 4 0.499997 0.472624 0.027373 5 4 5 4
4346 4102 244 8 0.499932 0.472562 0.0273697 5 4 5 4
5450 5305 145 3 0.499985 0.482884 0.0171013 6 3 6 3
6513 6175 338 1 0.799762 0.757401 0.0423607 5 4 5 4
6533 6479 54 9 0.699893 0.692531 0.00736192 6 3 6 3
6884 6788 96 5 0.499922 0.487646 0.0122759 6 3 6 3
7246 6966 280 7 0.799895 0.765731 0.0341633 5 4 5 4
8015 7949 66 0 0.799977 0.791162 0.00881514 7 2 7 2
8537 8384 153 3 0.899919 0.880471 0.0194476 7 2 7 2
9120 8831 289 6 0.299915 0.263806 0.0361093 6 3 6 3
9786 9444 342 2 0.499928 0.46064 0.0392884 8 1 8 1
9897 9733 164 4 0.599872 0.579467 0.0204046 7 2 7 2
9904 9785 119 7 0.799917 0.784224 0.0156933 6 3 6 3
10656 10583 73 5 0.79994 0.790335 0.00960555 5 4 5 4
10806 10704 102 3 0.799904 0.788693 0.0112111 4 5 4 5
10983 10824 159 1 0.599912 0.579031 0.0208811 4 5 4 5
11827 11476 351 8 0.399992 0.356158 0.0438333 3 6 3 6
12523 12433 90 7 0.799999 0.787458 0.0125417 7 2 7 2
12893 12677 216 9 0.399962 0.37406 0.0259014 6 3 6 3
13120 13064 56 0 0.499926 0.493476 0.00644978 5 4 5 4
13203 12841 362 2 0.899918 0.857727 0.0421913 6 3 6 3
13963 13847 116 6 0.799941 0.783035 0.0169066 6 3 6 3
14695 14379 316 1 0.799992 0.76027 0.0397228 5 4 5 4
15266 15020 246 4 0.599918 0.57005 0.0298683 6 3 6 3
15384 15033 351 3 0.599858 0.557998 0.0418599 5 4 5 4
15447 15321 126 8 0.899933 0.885476 0.0144573 5 4 5 4
15968 15579 389 5 0.499932 0.453044 0.0468876 5 4 5 4
16301 15927 374 7 0.699992 0.651197 0.0487954 6 3 6 3
16853 16489 364 6 0.799991 0.754302 0.0456892 5 4 5 4
17062 16827 235 0 0.799932 0.77152 0.0284121 4 5 4 5
17438 17141 297 2 0.599942 0.564931 0.0350109 3 6 3 6
17682 17365 317 1 0.799963 0.76369 0.0362725 4 5 4 5
18180 17874 306 9 0.699897 0.661416 0.0384807 5 4 5 4
19136 19060 76 5 0.899931 0.89158 0.00835111 7 2 7 2
19462 19250 212 8 0.599909 0.574082 0.0258269 7 2 7 2
19640 19376 264 7 0.799892 0.769248 0.0306437 6 3 6 3
19783 19554 229 4 0.699941 0.672208 0.0277327 5 4 5 4
20077 19754 323 3 0.699891 0.660952 0.0389388 6 3 6 3
20806 20482 324 0 0.699995 0.662123 0.0378717 5 4 5 4
21639 21217 422 5 0.799924 0.746178 0.0537456 7 2 7 2
22355 22071 284 6 0.499932 0.467388 0.0325442 7 2 7 2
23208 22843 365 4 0.799905 0.756971 0.0429346 8 1 8 1
23211 22878 333 1 0.499978 0.457917 0.0420611 7 2 7 2
23528 23452 76 2 0.49996 0.490536 0.00942389 6 3 6 3
23919 23762 157 9 0.499992 0.4809 0.0190918 5 4 5 4
24063 23866 197 0 0.799958 0.777764 0.0221934 4 5 4 5
24915 24743 172 7 0.499996 0.477855 0.022141 4 5 4 5
25497 25332 165 8 0.499969 0.479187 0.0207815 4 5 4 5
25498 25246 252 5 0.699908 0.670275 0.0296335 5 4 5 4
25691 25638 53 3 0.499942 0.492776 0.00716629 5 4 5 4
26731 26637 94 0 0.79996 0.787654 0.0123061 5 4 5 4
27425 27057 368 6 0.699805 0.657872 0.0419332 5 4 5 4
28526 28193 333 4 0.499782 0.461329 0.0384533 8 1 8 1
29305 29252 53 0 0.799967 0.792536 0.0074315 7 2 7 2
29328 28990 338 2 0.599968 0.559603 0.0403654 8 1 8 1
29540 29245 295 8 0.799908 0.763511 0.0363971 7 2 7 2
29598 29543 55 1 0.499808 0.491556 0.00825262 3 6 3 6
29611 29525 86 7 0.69996 0.690735 0.00922491 4 5 4 5
29664 29362 302 5 0.699922 0.661917 0.0380054 5 4 5 4
