870 811 59 0 0.899975 0.893494 0.00648111 7 2 7 2
946 779 167 8 0.899915 0.878382 0.0215333 9 0 9 0
1060 807 253 3 0.899903 0.869285 0.0306171 8 1 8 1
1702 1647 55 9 0.799907 0.790234 0.00967269 9 0 9 0
1737 1650 87 1 0.799952 0.787952 0.0119999 8 1 8 1
2509 2258 251 8 0.89986 0.869593 0.0302671 6 3 6 3
2537 2460 77 4 0.699864 0.689403 0.0104605 5 4 5 4
2590 2257 333 2 0.699846 0.662733 0.0371127 7 2 7 2
3179 3124 55 7 0.599868 0.590472 0.00939545 7 2 7 2
4044 3829 215 0 0.699946 0.673732 0.0262136 7 2 7 2
4453 4298 155 1 0.799968 0.781908 0.0180594 7 2 7 2
5032 4802 230 5 0.399973 0.374574 0.0253983 6 3 6 3
5169 4829 340 6 0.39996 0.356248 0.0437123 5 4 5 4
5852 5653 199 2 0.799934 0.775767 0.0241671 7 2 7 2
6407 6319 88 8 0.599939 0.587179 0.0127609 6 3 6 3
6747 6612 135 3 0.399972 0.381248 0.0187241 5 4 5 4
6872 6785 87 9 0.499853 0.486945 0.012908 5 4 5 4
8324 7961 363 0 0.699998 0.652083 0.0479154 6 3 6 3
8745 8531 214 1 0.599938 0.573877 0.0260614 6 3 6 3
8826 8666 160 6 0.899913 0.878791 0.0211223 5 4 5 4
9093 9039 54 7 0.499887 0.492676 0.00721156 5 4 5 4
9517 9250 267 2 0.699915 0.666644 0.0332712 4 5 4 5
9936 9589 347 4 0.299953 0.255354 0.0445992 5 4 5 4
10858 10804 54 5 0.599815 0.592899 0.00691559 6 3 6 3
11538 11485 53 9 0.699823 0.692303 0.00752012 5 4 5 4
11658 11424 234 8 0.599929 0.570748 0.0291801 6 3 6 3
11713 11392 321 0 0.799937 0.762993 0.036944 7 2 7 2
12186 11808 378 6 0.699949 0.655046 0.0449032 4 5 4 5
12694 12630 64 3 0.599978 0.592635 0.00734307 4 5 4 5
14002 13801 201 1 0.599966 0.577315 0.0226513 8 1 8 1
14350 14295 55 2 0.599896 0.591909 0.007987 6 3 6 3
14566 14261 305 8 0.899944 0.862057 0.0378864 7 2 7 2
14577 14468 109 6 0.9 0.883637 0.0163633 6 3 6 3
15376 15273 103 9 0.699929 0.686277 0.0136516 7 2 7 2
15394 15299 95 7 0.49998 0.485408 0.0145715 6 3 6 3
16132 15972 160 0 0.599912 0.582011 0.0179017 5 4 5 4
16158 15811 347 5 0.599935 0.557074 0.0428608 6 3 6 3
17071 16884 187 3 0.699896 0.676333 0.0235632 6 3 6 3
17405 17166 239 4 0.499908 0.469504 0.0304041 5 4 5 4
17641 17588 53 6 0.699867 0.693883 0.00598398 5 4 5 4
17992 17699 293 2 0.799956 0.762676 0.0372802 3 6 3 6
18102 17668 434 8 0.699967 0.641399 0.0585683 4 5 4 5
18243 18150 93 1 0.687309 0.673078 0.0142309 3 6 3 6
19021 18666 355 0 0.899942 0.858543 0.0413987 4 5 4 5
20164 19945 219 9 0.599973 0.57478 0.0251934 8 1 8 1
20242 19826 416 2 0.899852 0.848118 0.0517338 9 0 9 0
20651 20487 164 5 0.699935 0.679976 0.0199597 7 2 7 2
20840 20749 91 7 0.599936 0.589935 0.0100011 6 3 6 3
21330 21254 76 0 0.79998 0.790483 0.00949682 5 4 5 4
21573 21222 351 8 0.79991 0.754993 0.0449164 6 3 6 3
21686 21594 92 3 0.599975 0.586849 0.0131255 4 5 4 5
22274 22136 138 6 0.599925 0.583589 0.0163356 5 4 5 4
22732 22563 169 2 0.79999 0.780759 0.0192305 6 3 6 3
23115 22985 130 0 0.899966 0.882976 0.0169903 6 3 6 3
23922 23579 343 5 0.799998 0.76045 0.0395478 6 3 6 3
23927 23786 141 1 0.499983 0.484482 0.0155011 6 3 6 3
23982 23673 309 4 0.499922 0.461223 0.0386988 7 2 7 2
24611 24244 367 8 0.799965 0.754082 0.0458827 6 3 6 3
25210 25049 161 7 0.699919 0.681291 0.0186273 6 3 6 3
26292 26017 275 9 0.49994 0.465723 0.034217 6 3 6 3
26730 26677 53 3 0.599877 0.59111 0.00876696 7 2 7 2
26847 26606 241 5 0.799968 0.770769 0.0291986 8 1 8 1
27014 26901 113 2 0.599902 0.586314 0.0135883 6 3 6 3
28407 28129 278 8 0.699971 0.666834 0.0331379 6 3 6 3
28440 28133 307 6 0.499894 0.46377 0.0361236 5 4 5 4
28646 28497 149 1 0.699908 0.679417 0.020491 6 3 6 3
29067 29004 63 7 0.699996 0.691198 0.00879862 5 4 5 4
29085 28714 371 4 0.699984 0.655835 0.0441494 6 3 6 3
29583 29372 211 0 0.299954 0.272346 0.0276077 4 5 4 5
29697 29487 210 5 0.799905 0.773607 0.0262973 3 6 3 6
