966 747 219 9 0.899964 0.87341 0.0265544 9 0 9 0
1847 1594 253 2 0.799923 0.769811 0.0301123 9 0 9 0
2003 1671 332 4 0.799949 0.758126 0.0418231 8 1 8 1
2588 2466 122 5 0.699977 0.686565 0.0134111 7 2 7 2
3403 3260 143 6 0.599926 0.581901 0.0180256 5 4 5 4
3438 3172 266 1 0.599974 0.568379 0.0315951 8 1 8 1
3499 3251 248 0 0.599959 0.572688 0.0272711 6 3 6 3
3523 3178 345 3 0.59996 0.559485 0.0404746 7 2 7 2
3630 3312 318 8 0.59994 0.561573 0.038367 4 5 4 5
5951 5745 206 7 0.299954 0.275986 0.023968 8 1 8 1
5969 5647 322 9 0.499939 0.460636 0.0393024 9 0 9 0
5985 5930 55 6 0.899956 0.89215 0.00780583 7 2 7 2
6344 6177 167 2 0.59991 0.579077 0.0208334 6 3 6 3
6537 6328 209 4 0.599927 0.573337 0.0265895 5 4 5 4
7262 6955 307 3 0.799902 0.760252 0.0396495 5 4 5 4
8701 8520 181 0 0.599953 0.577889 0.0220646 7 2 7 2
8864 8473 391 1 0.599987 0.551129 0.0488575 8 1 8 1
9156 8779 377 5 0.399932 0.353186 0.0467465 6 3 6 3
9256 9087 169 3 0.899935 0.879932 0.020003 6 3 6 3
9738 9466 272 8 0.499987 0.468324 0.0316627 5 4 5 4
10277 9928 349 4 0.799884 0.760049 0.039835 5 4 5 4
10775 10566 209 6 0.499969 0.474122 0.0258473 5 4 5 4
11549 11315 234 2 0.599996 0.572942 0.0270543 6 3 6 3
11797 11429 368 3 0.799941 0.75347 0.0464704 5 4 5 4
12288 11970 318 0 0.799948 0.764305 0.0356422 6 3 6 3
12611 12328 283 9 0.499977 0.465339 0.0346382 5 4 5 4
13528 13452 76 5 0.799997 0.789509 0.0104876 8 1 8 1
13791 13664 127 3 0.899986 0.884001 0.0159848 7 2 7 2
14117 13894 223 7 0.39992 0.372924 0.0269963 6 3 6 3
14184 14071 113 1 0.59994 0.586421 0.0135185 5 4 5 4
14842 14517 325 4 0.599966 0.561569 0.0383968 6 3 6 3
15523 15300 223 8 0.599995 0.572381 0.0276141 6 3 6 3
16605 16283 322 6 0.599934 0.561856 0.0380779 6 3 6 3
16811 16636 175 0 0.59998 0.580173 0.0198076 6 3 6 3
17011 16785 226 3 0.699926 0.672589 0.0273374 6 3 6 3
17573 17292 281 9 0.69989 0.667459 0.0324315 6 3 6 3
17627 17364 263 2 0.49993 0.469223 0.0307078 5 4 5 4
18428 18280 148 4 0.799831 0.781008 0.0188238 4 5 4 5
18671 18349 322 1 0.699911 0.659006 0.0409048 3 6 3 6
18970 18622 348 5 0.499952 0.457756 0.0421955 5 4 5 4
21101 21044 57 0 0.69991 0.69212 0.00779048 7 2 7 2
21156 20906 250 6 0.69998 0.66988 0.0301006 8 1 8 1
21677 21468 209 8 0.499894 0.474185 0.0257081 7 2 7 2
21819 21766 53 1 0.799893 0.793721 0.006172 6 3 6 3
22620 22303 317 2 0.699953 0.661099 0.0388543 5 4 5 4
22853 22503 350 7 0.299914 0.25724 0.0426746 5 4 5 4
23292 23101 191 9 0.499916 0.473837 0.0260792 6 3 6 3
23663 23437 226 3 0.399882 0.369155 0.030727 5 4 5 4
24591 24367 224 5 0.599977 0.571843 0.028134 5 4 5 4
24620 24297 323 1 0.79992 0.758753 0.0411662 6 3 6 3
25170 24867 303 0 0.699925 0.663109 0.0368162 4 5 4 5
25409 25147 262 4 0.299988 0.268813 0.0311752 3 6 3 6
26870 26560 310 2 0.699971 0.664395 0.0355757 7 2 7 2
26896 26194 702 8 0.699917 0.624836 0.0750808 5 4 5 4
27620 27312 308 6 0.399943 0.362153 0.0377893 5 4 5 4
28241 27086 1155 3 0.899996 0.776249 0.123747 6 3 6 3
28248 27924 324 9 0.699908 0.6568 0.0431084 4 5 4 5
28619 28348 271 7 0.699985 0.666961 0.0330237 4 5 4 5
