830 762 68 5 0.899983 0.891019 0.00896439 9 0 9 0
878 798 80 8 0.89992 0.888555 0.0113653 8 1 8 1
2335 2162 173 8 0.899992 0.879993 0.0199998 9 0 9 0
2416 2359 57 9 0.699976 0.691771 0.00820479 8 1 8 1
2609 2411 198 6 0.699922 0.674253 0.0256682 7 2 7 2
2666 2446 220 3 0.699953 0.673835 0.026118 4 5 4 5
2725 2416 309 0 0.699932 0.664241 0.0356917 6 3 6 3
2728 2409 319 2 0.69989 0.660807 0.039083 7 2 7 2
4192 4139 53 7 0.499836 0.493352 0.00648437 7 2 7 2
4411 4116 295 4 0.499922 0.465306 0.0346152 7 2 7 2
4469 4112 357 1 0.499961 0.458224 0.041737 8 1 8 1
5999 5694 305 3 0.799945 0.759139 0.0408059 6 3 6 3
6464 6176 288 8 0.599896 0.561575 0.0383208 5 4 5 4
7193 6976 217 9 0.5999 0.573394 0.0265057 7 2 7 2
7272 7184 88 5 0.29996 0.288742 0.0112179 7 2 7 2
7613 7501 112 2 0.599903 0.582467 0.0174363 4 5 4 5
7703 7460 243 4 0.899934 0.871378 0.0285557 5 4 5 4
7798 7453 345 0 0.599886 0.560008 0.039878 6 3 6 3
7977 7850 127 7 0.799903 0.785419 0.0144834 3 6 3 6
8677 8335 342 1 0.799826 0.758574 0.0412517 4 5 4 5
9927 9635 292 6 0.299995 0.263517 0.0364778 6 3 6 3
10614 10338 276 3 0.599941 0.566591 0.0333497 8 1 8 1
10916 10625 291 9 0.799932 0.765079 0.0348526 7 2 7 2
10994 10740 254 8 0.69993 0.670289 0.0296408 6 3 6 3
11727 11519 208 4 0.599927 0.571527 0.0284001 5 4 5 4
12231 12176 55 1 0.699973 0.693932 0.00604111 4 5 4 5
12401 12094 307 0 0.699901 0.663808 0.0360922 5 4 5 4
13633 13402 231 9 0.799927 0.771372 0.0285549 6 3 6 3
13690 13500 190 5 0.599996 0.578464 0.0215321 6 3 6 3
13755 13457 298 2 0.499914 0.464232 0.0356825 5 4 5 4
14341 14005 336 3 0.799959 0.758635 0.0413242 6 3 6 3
14745 14572 173 7 0.299924 0.277354 0.0225696 6 3 6 3
15992 15742 250 8 0.599927 0.568943 0.0309844 7 2 7 2
16185 15895 290 1 0.699975 0.664592 0.0353837 6 3 6 3
16330 16276 54 0 0.699928 0.691925 0.00800346 5 4 5 4
16532 16259 273 6 0.599972 0.566188 0.0337837 6 3 6 3
17739 17633 106 4 0.499965 0.486766 0.0131992 6 3 6 3
17820 17688 132 5 0.699931 0.681591 0.0183406 5 4 5 4
18054 17866 188 3 0.699964 0.677215 0.0227494 6 3 6 3
19328 19248 80 0 0.79999 0.788986 0.0110045 6 3 6 3
19366 19235 131 1 0.799988 0.785587 0.0144011 7 2 7 2
19585 19278 307 2 0.59995 0.563825 0.0361248 6 3 6 3
20263 20208 55 3 0.89989 0.891591 0.00829908 7 2 7 2
20484 20402 82 9 0.299948 0.288875 0.0110723 6 3 6 3
20595 20265 330 7 0.699868 0.662094 0.037774 7 2 7 2
21333 21050 283 8 0.599937 0.567902 0.0320346 6 3 6 3
21646 21552 94 3 0.899808 0.887075 0.0127332 6 3 6 3
21771 21644 127 5 0.699963 0.686123 0.0138398 5 4 5 4
21994 21882 112 1 0.799921 0.785904 0.0140172 4 5 4 5
22630 22459 171 6 0.499988 0.478562 0.0214259 4 5 4 5
22696 22348 348 4 0.699935 0.655785 0.0441497 5 4 5 4
23688 23541 147 0 0.599943 0.581364 0.0185799 7 2 7 2
23842 23697 145 1 0.899899 0.880657 0.0192425 6 3 6 3
24052 23896 156 8 0.899979 0.880076 0.0199034 5 4 5 4
24468 24164 304 9 0.899907 0.861109 0.0387977 5 4 5 4
24477 24424 53 7 0.699929 0.692107 0.0078223 5 4 5 4
25662 25585 77 6 0.899904 0.889605 0.0102987 8 1 8 1
26356 26238 118 8 0.799928 0.786957 0.0129711 9 0 9 0
26468 26313 155 3 0.499971 0.481109 0.018862 8 1 8 1
26500 26372 128 5 0.599971 0.584895 0.0150756 7 2 7 2
27189 27136 53 2 0.299819 0.291226 0.00859348 5 4 5 4
27255 26884 371 1 0.699951 0.656593 0.0433578 6 3 6 3
28984 28904 80 8 0.799849 0.787199 0.0126502 8 1 8 1
28997 28944 53 4 0.399905 0.391592 0.00831329 7 2 7 2
29723 29566 157 0 0.499932 0.482258 0.0176735 6 3 6 3
