822 769 53 2 0.899928 0.892205 0.00772336 8 1 8 1
830 762 68 5 0.899983 0.891019 0.00896439 8 0 8 0
878 704 174 9 0.899894 0.878779 0.0211151 8 0 8 0
912 805 107 1 0.899825 0.885701 0.0141239 7 2 7 2
914 793 121 4 0.899939 0.884119 0.0158201 7 1 7 1
949 805 144 3 0.899992 0.879792 0.0202009 6 2 6 2
1820 1615 205 7 0.799885 0.774767 0.0251185 9 0 8 0
2272 2068 204 2 0.899974 0.876372 0.0236014 8 1 8 1
2823 2454 369 0 0.699917 0.656098 0.0438188 7 2 7 2
3071 2951 120 5 0.799938 0.785675 0.0142623 8 1 8 1
3124 3024 100 1 0.799962 0.787263 0.0126985 8 1 8 1
3242 3072 170 4 0.799987 0.777866 0.0221208 8 1 8 1
3602 3360 242 8 0.599876 0.572919 0.0269574 8 1 8 1
5067 4767 300 1 0.899891 0.862421 0.0374702 9 0 6 0
5087 4910 177 6 0.399879 0.380418 0.0194611 7 2 7 2
5789 5495 294 9 0.499893 0.466106 0.0337876 8 1 8 1
5936 5575 361 3 0.499931 0.457981 0.0419501 6 3 6 3
5940 5768 172 4 0.799799 0.778947 0.020852 7 2 7 2
6765 6423 342 1 0.899849 0.86023 0.0396183 7 2 5 2
7819 7766 53 7 0.399918 0.393427 0.00649096 6 3 6 3
7946 7850 96 2 0.399981 0.388774 0.0112076 6 3 6 3
8178 7858 320 8 0.699915 0.662385 0.0375304 4 5 4 4
8206 8050 156 5 0.499902 0.479143 0.0207593 5 4 5 4
8897 8565 332 4 0.799905 0.762317 0.0375883 7 2 6 2
10439 10088 351 0 0.299991 0.259072 0.0409194 4 5 4 5
11433 11305 128 9 0.599921 0.583448 0.0164736 7 2 7 2
11512 11263 249 2 0.89989 0.870624 0.0292665 8 1 5 0
11834 11577 257 1 0.499913 0.470281 0.0296313 7 2 7 2
12149 11809 340 6 0.499889 0.461252 0.038637 8 1 8 1
12448 12115 333 8 0.699918 0.660247 0.0396711 6 3 6 2
12731 12386 345 3 0.499971 0.460291 0.0396798 5 4 5 4
13862 13579 283 5 0.599926 0.56562 0.0343057 4 5 4 5
14075 13998 77 4 0.499975 0.488328 0.0116472 5 4 5 4
14825 14456 369 7 0.499958 0.456655 0.0433029 6 3 6 3
14861 14761 100 9 0.799906 0.787463 0.0124431 5 4 5 4
16538 16224 314 2 0.499903 0.458449 0.0414544 6 3 6 3
16695 16529 166 1 0.699933 0.680633 0.0192997 7 2 6 2
17090 17034 56 4 0.89991 0.89287 0.00704014 6 3 4 2
17930 17613 317 0 0.499927 0.463447 0.0364795 6 3 6 3
17991 17683 308 6 0.599995 0.566012 0.0339825 6 3 6 3
18239 17934 305 8 0.499906 0.465035 0.034871 7 2 7 2
19743 19622 121 2 0.899943 0.88633 0.0136128 6 3 5 2
19856 19746 110 5 0.499982 0.484561 0.0154211 7 2 7 2
20164 19908 256 3 0.399954 0.366236 0.0337173 6 3 6 3
20712 20386 326 7 0.599981 0.558807 0.0411743 4 5 4 5
20850 20682 168 9 0.4 0.380161 0.0198388 7 2 7 2
21046 20817 229 4 0.599942 0.572143 0.0277984 6 3 6 3
21528 21379 149 1 0.599908 0.581103 0.0188049 6 3 6 3
22335 22137 198 8 0.799976 0.776116 0.02386 3 6 3 6
24161 23974 187 6 0.499999 0.476577 0.0234219 8 1 8 1
24164 24041 123 1 0.899769 0.882075 0.0176933 8 1 8 1
24332 24164 168 9 0.89993 0.879452 0.0204783 9 0 7 0
24564 24344 220 0 0.499962 0.47326 0.0267021 7 2 7 2
25285 25154 131 2 0.399944 0.383241 0.0167034 6 3 6 3
25547 25494 53 1 0.899971 0.892755 0.00721606 6 3 5 2
25599 25272 327 5 0.599985 0.560992 0.0389931 8 1 8 1
26161 25858 303 7 0.599974 0.565738 0.0342363 5 4 5 4
26340 26077 263 3 0.599904 0.569217 0.0306868 4 5 4 5
26753 26579 174 8 0.599991 0.576852 0.0231398 5 4 5 4
27936 27779 157 4 0.399898 0.381449 0.0184491 4 5 4 5
28335 28064 271 9 0.599904 0.565866 0.0340378 5 4 5 4
28857 28647 210 2 0.899906 0.875849 0.0240572 6 3 5 3
29129 28776 353 7 0.899898 0.855659 0.0442399 4 5 3 2
29972 29794 178 3 0.79993 0.779882 0.0200474 7 2 7 2
