789 729 60 1 0.89998 0.893085 0.00689483 7 0 7 0
809 755 54 3 0.899948 0.893048 0.00689994 6 1 6 1
880 796 84 5 0.89988 0.889978 0.00990216 7 2 7 2
920 816 104 6 0.89995 0.88441 0.0155405 6 3 6 3
949 811 138 4 0.899904 0.879796 0.0201082 2 2 2 2
953 756 197 2 0.89993 0.876475 0.0234549 6 0 6 0
1828 1536 292 9 0.799982 0.766283 0.0336996 3 6 3 6
1954 1650 304 8 0.799921 0.760089 0.0398312 8 1 8 1
2229 2122 107 5 0.89994 0.887407 0.012533 6 3 5 2
3181 3029 152 6 0.799925 0.783071 0.0168543 8 1 7 1
3514 3313 201 0 0.599939 0.5761 0.0238387 9 0 9 0
3594 3250 344 7 0.59994 0.557998 0.041942 7 2 7 2
3669 3604 65 9 0.899946 0.891435 0.00851103 6 3 5 2
4121 4064 57 2 0.672994 0.666372 0.0066215 6 3 6 3
4377 4324 53 5 0.799827 0.791724 0.00810309 5 4 5 4
4640 4560 80 3 0.599989 0.591046 0.00894323 7 2 7 2
4815 4758 57 4 0.599938 0.590574 0.00936387 4 5 4 5
5533 5272 261 1 0.5 0.471299 0.0287011 5 4 5 4
5648 5430 218 8 0.699913 0.674422 0.0254909 5 4 5 3
6303 6250 53 5 0.880849 0.873427 0.00742191 6 3 3 1
6695 6582 113 6 0.699893 0.687471 0.0124211 5 4 5 4
6923 6594 329 9 0.699972 0.661261 0.0387109 6 3 6 3
7510 7268 242 2 0.799891 0.772397 0.0274932 7 2 6 0
8068 8003 65 3 0.79993 0.792286 0.00764404 8 1 7 1
8556 8492 64 5 0.799914 0.791681 0.00823322 8 1 6 1
8662 8609 53 0 0.59993 0.592758 0.00717176 9 0 9 0
8960 8800 160 6 0.899986 0.880872 0.0191133 7 2 5 1
9648 9310 338 2 0.899993 0.86051 0.0394828 7 2 6 1
10181 9824 357 4 0.599955 0.557534 0.0424208 8 1 7 1
10813 10455 358 7 0.399994 0.360066 0.0399271 6 3 6 3
11311 11026 285 5 0.799964 0.767338 0.0326251 8 1 8 1
11903 11827 76 1 0.499961 0.491033 0.00892815 6 3 6 3
12060 11923 137 6 0.699969 0.681514 0.0184544 7 2 7 2
12799 12436 363 9 0.499934 0.456125 0.0438093 7 2 7 2
12814 12745 69 0 0.699945 0.69099 0.00895513 4 5 4 5
12904 12841 63 8 0.29988 0.290551 0.00932935 5 4 5 4
13421 13066 355 3 0.499982 0.457989 0.0419929 3 6 3 6
14999 14724 275 5 0.699963 0.665462 0.0345012 6 3 5 3
15325 15177 148 2 0.399953 0.381231 0.018722 6 3 6 3
15424 15118 306 7 0.79997 0.76064 0.03933 5 4 5 4
15516 15346 170 4 0.599987 0.577361 0.0226268 3 6 3 6
16693 16540 153 0 0.699995 0.678173 0.0218219 7 2 7 2
16739 16458 281 1 0.699911 0.668104 0.0318065 6 3 6 3
17645 17342 303 3 0.799898 0.760388 0.0395097 7 2 7 1
17695 17506 189 6 0.499968 0.477068 0.0229009 7 2 7 2
18104 18051 53 5 0.795755 0.787981 0.00777395 6 3 6 2
18130 18075 55 7 0.799979 0.792748 0.00723134 6 3 6 3
18304 18248 56 8 0.7 0.692531 0.00746823 6 3 6 3
18546 18436 110 9 0.599931 0.584273 0.0156574 5 4 5 4
19772 19719 53 4 0.699951 0.693035 0.00691562 6 3 6 2
19930 19598 332 0 0.79998 0.758453 0.0415267 6 3 6 3
20380 20325 55 2 0.699945 0.692286 0.00765926 6 3 6 3
21549 21491 58 5 0.699934 0.691627 0.00830747 7 2 7 2
21688 21447 241 7 0.699962 0.671231 0.0287312 8 1 8 1
21756 21431 325 1 0.599894 0.561288 0.0386062 9 0 8 0
21897 21789 108 0 0.899971 0.887446 0.012525 7 2 6 2
22134 21938 196 3 0.599937 0.575182 0.0247547 6 3 6 3
22563 22305 258 6 0.699986 0.667058 0.0329278 4 5 4 5
23701 23485 216 4 0.699949 0.672236 0.0277128 5 4 5 4
23883 23768 115 8 0.499894 0.48539 0.014504 6 3 6 3
24622 24399 223 9 0.499895 0.473778 0.0261176 8 1 8 1
24842 24735 107 7 0.799995 0.787896 0.0120983 7 2 6 2
25375 24995 380 2 0.599952 0.552385 0.0475673 7 2 7 2
25415 25282 133 5 0.69989 0.684475 0.0154146 6 3 6 3
25618 25542 76 3 0.799909 0.788972 0.0109373 4 5 4 5
25653 25250 403 1 0.799911 0.751508 0.0484035 7 2 6 2
26759 26428 331 6 0.699934 0.661892 0.0380423 5 4 5 4
27450 27330 120 0 0.39992 0.386728 0.0131911 7 2 7 2
27478 27378 100 7 0.799922 0.787099 0.0128231 5 4 5 3
28084 27701 383 8 0.799953 0.753533 0.0464202 8 1 8 1
28585 28373 212 5 0.799982 0.774466 0.0255163 7 2 6 2
28784 28430 354 4 0.599978 0.556356 0.0436218 8 1 8 1
