910 815 95 5 0.89989 0.889172 0.0107181 9 0 9 0
1627 1555 72 9 0.799886 0.789816 0.0100703 9 0 9 0
1649 1595 54 8 0.799899 0.792294 0.00760581 8 1 8 1
1796 1591 205 4 0.799892 0.777128 0.0227638 8 1 8 1
1803 1506 297 0 0.799976 0.76401 0.0359667 8 1 8 1
2594 2424 170 3 0.699945 0.677364 0.0225814 6 3 6 3
3523 3205 318 2 0.599895 0.563303 0.0365922 9 0 9 0
3530 3247 283 1 0.599956 0.565127 0.0348295 8 1 8 1
4270 4062 208 6 0.499943 0.476897 0.023046 7 2 7 2
4320 4087 233 9 0.799946 0.773466 0.0264795 7 2 7 2
4606 4412 194 0 0.799892 0.777905 0.0219869 7 2 6 2
5208 4857 351 7 0.399955 0.357612 0.0423431 6 3 6 3
5622 5564 58 3 0.799846 0.791795 0.00805076 6 3 5 3
5637 5507 130 5 0.499985 0.485694 0.0142911 3 6 3 6
6829 6679 150 8 0.499862 0.482351 0.0175109 8 1 8 1
7131 6925 206 9 0.799967 0.774022 0.0259445 6 3 5 3
7525 7171 354 0 0.799825 0.760322 0.0395034 6 3 5 3
8825 8451 374 4 0.299947 0.252633 0.0473136 7 2 7 2
9593 9465 128 1 0.499959 0.484531 0.0154283 9 0 9 0
9742 9495 247 7 0.799959 0.769187 0.0307728 7 2 7 2
9744 9447 297 2 0.499941 0.463613 0.0363284 7 2 7 2
10506 10162 344 0 0.799975 0.758179 0.0417956 8 1 7 1
10823 10509 314 3 0.499912 0.462647 0.0372652 7 2 7 2
12433 12268 165 8 0.599992 0.579673 0.020319 7 2 7 2
12453 12158 295 6 0.299892 0.266462 0.0334301 5 4 5 4
12481 12357 124 7 0.799827 0.785357 0.0144698 5 4 5 4
12596 12321 275 0 0.899891 0.868327 0.0315639 7 2 4 2
12624 12285 339 9 0.499953 0.458963 0.0409896 6 3 6 3
12986 12731 255 5 0.39996 0.371663 0.028297 5 4 5 4
14618 14431 187 4 0.699761 0.677073 0.022688 6 3 6 3
15113 14970 143 8 0.899916 0.881429 0.018487 7 2 4 2
15704 15517 187 3 0.699923 0.677396 0.0225271 5 4 5 4
15887 15605 282 0 0.699921 0.666666 0.0332548 5 4 5 4
16486 16189 297 2 0.499966 0.466 0.0339666 6 3 6 3
16963 16660 303 1 0.399967 0.365272 0.0346942 7 2 7 2
17487 17195 292 5 0.799894 0.765786 0.0341086 6 3 6 3
17768 17530 238 7 0.499962 0.469713 0.0302489 7 2 7 2
18978 18914 64 8 0.599823 0.591023 0.00879955 6 3 6 3
19002 18726 276 6 0.599936 0.566316 0.0336197 6 3 6 3
19661 19608 53 0 0.699981 0.693055 0.00692583 6 3 6 3
19866 19520 346 2 0.899907 0.859752 0.0401546 6 3 4 3
20458 20132 326 5 0.799957 0.760676 0.0392812 6 3 5 3
20851 20659 192 9 0.299906 0.274454 0.0254524 6 3 6 3
21280 21137 143 3 0.499927 0.4814 0.0185267 7 2 7 2
21348 21014 334 4 0.399965 0.359094 0.0408711 3 6 3 6
21504 21212 292 1 0.799951 0.767515 0.0324358 5 4 4 3
21756 21444 312 8 0.899939 0.864342 0.0355973 5 4 5 2
21869 21752 117 0 0.899926 0.88545 0.0144759 7 2 4 1
23213 23160 53 5 0.79998 0.792535 0.00744424 6 3 5 3
23602 23281 321 7 0.599953 0.562415 0.0375386 6 3 6 3
24291 24143 148 1 0.799901 0.783454 0.0164472 5 4 5 3
24332 23992 340 8 0.799964 0.756361 0.0436034 7 2 6 2
24891 24773 118 0 0.699998 0.684346 0.0156518 8 1 8 1
24961 24648 313 2 0.499912 0.462632 0.0372806 8 1 8 1
25097 24824 273 4 0.89977 0.861532 0.038238 6 3 5 2
25132 24846 286 6 0.499917 0.464996 0.0349217 6 3 6 3
25635 25503 132 9 0.799991 0.783822 0.0161698 4 5 2 5
26935 26838 97 1 0.79997 0.788026 0.0119442 7 2 7 2
27132 27030 102 8 0.799897 0.788246 0.0116514 8 1 7 1
27457 27376 81 4 0.799897 0.789944 0.00995292 8 1 8 1
28737 28631 106 1 0.89994 0.885937 0.0140029 7 2 7 1
28846 28610 236 0 0.699929 0.67095 0.0289794 8 1 8 1
29143 28771 372 2 0.799904 0.756928 0.0429763 7 2 7 2
29244 29008 236 9 0.699949 0.671521 0.0284275 8 1 8 1
29273 29218 55 3 0.299995 0.292668 0.00732734 6 3 6 3
29617 29558 59 7 0.499993 0.491581 0.00841212 6 3 6 3
