2616 2495 121 2 0.699991 0.684357 0.0156342 4 0 4 0
4345 4219 126 0 0.499906 0.48322 0.0166866 4 0 4 0
4577 4241 336 4 0.499972 0.460392 0.0395801 3 1 3 1
5792 5676 116 3 0.299945 0.285382 0.0145634 3 1 3 1
5984 5831 153 1 0.29997 0.282908 0.0170623 3 1 3 1
8252 8105 147 2 0.499904 0.48136 0.0185431 2 2 2 2
9807 9754 53 1 0.899869 0.892624 0.00724511 3 1 1 0
10869 10718 151 0 0.499942 0.480764 0.0191774 3 1 3 1
12911 12691 220 4 0.299938 0.272775 0.0271625 3 1 3 1
13177 12928 249 3 0.499805 0.470356 0.0294496 3 1 3 1
13891 13778 113 2 0.599933 0.585246 0.0146874 4 0 4 0
16285 16182 103 1 0.299915 0.288087 0.0118282 3 1 3 1
17842 17588 254 4 0.799939 0.769759 0.0301806 4 0 2 0
19151 18811 340 0 0.299969 0.260251 0.0397171 2 2 2 2
19811 19621 190 3 0.499983 0.476783 0.0231993 3 1 3 1
20743 20685 58 2 0.399982 0.393611 0.00637111 2 2 2 2
21776 21714 62 1 0.692595 0.685237 0.00735831 4 0 3 0
24059 23664 395 3 0.799796 0.752111 0.0476845 3 1 2 0
24995 24756 239 4 0.299946 0.270311 0.0296348 3 1 3 1
27571 27223 348 1 0.499909 0.459897 0.0400121 3 1 3 1
28347 28092 255 0 0.299928 0.270668 0.02926 3 1 3 1
29037 28949 88 2 0.29271 0.280515 0.0121949 3 1 3 1
