2603 2544 59 1 0.699965 0.693483 0.00648111 3 0 3 0
2611 2422 189 3 0.699903 0.676771 0.0231322 2 0 2 0
3476 3327 149 0 0.599986 0.581871 0.0181144 4 0 4 0
4273 4179 94 4 0.499953 0.486975 0.0129773 3 1 3 1
6118 5860 258 2 0.299996 0.269424 0.0305721 2 2 2 2
7395 7335 60 1 0.582624 0.575837 0.00678645 3 1 3 1
8291 8185 106 3 0.499799 0.486407 0.0133917 3 1 3 1
11380 11079 301 0 0.299997 0.264026 0.0359713 4 0 3 0
11760 11429 331 4 0.399915 0.36011 0.0398047 3 1 3 1
12624 12568 56 1 0.599978 0.5921 0.00787801 3 1 3 1
13482 13302 180 2 0.499934 0.477022 0.022912 2 2 2 2
16027 15956 71 1 0.799988 0.791349 0.00863863 3 1 3 0
16373 16320 53 3 0.299992 0.292487 0.00750512 3 1 3 1
17059 16910 149 0 0.699936 0.680083 0.019853 4 0 3 0
19920 19792 128 2 0.499904 0.484381 0.015523 3 1 3 1
20428 20337 91 4 0.299876 0.287203 0.0126733 3 1 3 1
20606 20265 341 1 0.599825 0.557325 0.0425004 2 2 2 2
21090 20957 133 3 0.79995 0.784744 0.0152059 3 1 1 0
23579 23496 83 0 0.380029 0.370591 0.00943837 1 3 1 3
25683 25349 334 3 0.599998 0.560235 0.0397632 3 1 3 1
28145 27949 196 2 0.299945 0.276332 0.0236131 3 1 3 1
28659 28369 290 1 0.299991 0.26412 0.0358706 4 0 4 0
29569 29292 277 4 0.29998 0.268238 0.0317423 2 2 2 2
