858 748 110 2 0.899942 0.885356 0.0145866 3 0 3 0
2235 2168 67 2 0.899904 0.892543 0.00736111 3 0 2 0
3321 3226 95 3 0.599997 0.588044 0.0119521 2 1 2 1
3505 3218 287 1 0.599983 0.56639 0.0335929 4 0 4 0
5901 5759 142 0 0.299902 0.281932 0.0179704 2 2 2 2
6008 5870 138 4 0.299944 0.284623 0.0153208 2 2 2 2
6279 6064 215 2 0.599912 0.576064 0.0238478 4 0 4 0
9647 9530 117 1 0.499922 0.485505 0.0144176 3 1 3 1
10946 10892 54 3 0.29991 0.292214 0.00769558 3 1 3 1
11636 11413 223 2 0.599973 0.573732 0.0262415 2 2 2 2
13271 13197 74 4 0.499946 0.491611 0.0083346 2 2 2 2
13537 13423 114 1 0.799963 0.78592 0.0140426 4 0 2 0
15053 14805 248 0 0.29996 0.269657 0.0303022 1 3 1 3
17966 17779 187 1 0.599979 0.576749 0.0232298 3 1 3 1
17996 17853 143 4 0.699966 0.681307 0.0186592 3 1 3 1
18374 18095 279 3 0.499978 0.466694 0.0332835 2 2 2 2
18715 18415 300 2 0.399932 0.364841 0.0350911 0 4 0 4
22654 22286 368 3 0.799999 0.75594 0.044059 4 0 3 0
23911 23771 140 2 0.699972 0.681211 0.018761 3 1 3 1
24342 23993 349 0 0.29989 0.260773 0.0391177 3 1 3 1
24875 24679 196 1 0.39992 0.377059 0.0228615 4 0 4 0
25420 25136 284 4 0.29993 0.267917 0.0320133 2 2 2 2
27364 27100 264 3 0.599905 0.569007 0.0308985 1 3 1 3
28938 28627 311 2 0.599941 0.562002 0.037939 3 1 3 1
