1794 1660 134 3 0.799982 0.783524 0.0164585 4 0 4 0
3310 3223 87 2 0.599918 0.587753 0.0121642 4 0 4 0
3375 3215 160 0 0.599879 0.581366 0.0185128 4 0 4 0
4587 4246 341 4 0.499904 0.461296 0.0386083 4 0 4 0
5963 5877 86 1 0.299984 0.28857 0.0114136 3 1 3 1
8559 8506 53 4 0.799995 0.794174 0.00582111 4 0 3 0
8854 8590 264 3 0.299957 0.268688 0.0312698 3 1 3 1
10371 10046 325 2 0.399931 0.361839 0.038092 3 1 3 1
11054 10988 66 0 0.299991 0.291477 0.00851348 3 1 3 1
12535 12277 258 1 0.599976 0.567951 0.0320248 2 2 2 2
14693 14403 290 3 0.699897 0.66799 0.0319071 3 1 3 1
15542 15331 211 4 0.299995 0.274786 0.0252087 2 2 2 2
19192 19036 156 0 0.399917 0.382623 0.0172943 4 0 4 0
19249 18939 310 2 0.299921 0.262398 0.0375224 4 0 4 0
19579 19367 212 1 0.399973 0.375417 0.0245554 3 1 3 1
22271 21988 283 3 0.299979 0.266511 0.0334676 1 3 1 3
24683 24473 210 4 0.299956 0.27473 0.0252257 3 1 3 1
25086 24717 369 1 0.699987 0.657309 0.0426778 3 1 3 1
26227 25937 290 0 0.499961 0.466968 0.0329929 2 2 2 2
28001 27837 164 3 0.699955 0.680914 0.0190406 3 1 2 1
28571 28211 360 2 0.299807 0.258136 0.0416716 3 1 3 1
