2667 2547 120 3 0.69997 0.685622 0.0143485 4 0 4 0
3582 3339 243 4 0.599965 0.569976 0.0299894 4 0 4 0
4305 4247 58 0 0.499948 0.492068 0.00788021 2 2 2 2
4460 4217 243 2 0.499963 0.473177 0.0267856 4 0 4 0
5270 4913 357 1 0.399936 0.359934 0.0400017 4 0 4 0
7536 7347 189 3 0.599917 0.57515 0.0247666 2 2 1 2
10095 9983 112 2 0.599944 0.585275 0.0146688 4 0 3 0
10430 10376 54 4 0.399971 0.392907 0.00706456 3 1 3 1
10740 10387 353 1 0.699937 0.658409 0.0415282 4 0 4 0
10848 10574 274 0 0.499893 0.467888 0.0320053 4 0 4 0
11863 11775 88 3 0.699927 0.687137 0.0127896 3 1 2 0
13552 13467 85 2 0.799939 0.787962 0.0119764 4 0 2 0
15487 15244 243 2 0.899906 0.870439 0.0294665 4 0 1 0
15660 15574 86 3 0.699908 0.690182 0.00972582 3 1 3 0
16479 16355 124 1 0.499924 0.484935 0.0149883 3 1 3 1
17192 17139 53 4 0.499996 0.492915 0.00708073 4 0 4 0
18319 18063 256 0 0.399999 0.369548 0.0304512 3 1 3 1
18832 18531 301 2 0.699974 0.666487 0.0334874 3 1 3 1
19556 19425 131 1 0.899941 0.883273 0.0166682 3 1 2 0
21828 21775 53 4 0.699918 0.693177 0.00674119 3 1 3 1
21979 21888 91 2 0.799915 0.789839 0.0100761 3 1 2 0
22656 22603 53 0 0.799872 0.792355 0.00751717 3 1 3 1
22963 22806 157 3 0.29996 0.280256 0.0197041 3 1 3 1
23749 23372 377 1 0.599939 0.555107 0.0448314 4 0 4 0
26998 26814 184 0 0.599983 0.576987 0.0229964 3 1 3 1
29014 28670 344 2 0.299951 0.259725 0.0402256 3 1 3 1
29300 29003 297 4 0.299984 0.264133 0.0358512 3 1 3 1
29535 29331 204 3 0.599896 0.574712 0.0251841 3 1 2 0
