1912 1712 200 1 0.799931 0.776771 0.0231604 3 0 3 0
2743 2505 238 4 0.699966 0.672868 0.0270984 4 0 4 0
3560 3224 336 0 0.599775 0.561768 0.0380074 4 0 4 0
4290 4023 267 2 0.499947 0.468221 0.0317259 2 2 2 2
4346 4079 267 3 0.499966 0.469696 0.0302702 2 2 2 2
7366 7073 293 1 0.499958 0.465264 0.0346935 3 1 3 1
8315 8241 74 3 0.799967 0.791836 0.00813111 3 1 3 0
9700 9645 55 0 0.499981 0.492018 0.00796364 2 2 2 2
10109 9961 148 4 0.299901 0.28186 0.0180402 0 4 0 4
11889 11592 297 2 0.399976 0.363705 0.0362712 3 1 3 1
14172 13821 351 1 0.499767 0.45674 0.0430271 2 2 2 2
14383 14269 114 3 0.399999 0.386819 0.0131793 3 1 3 1
17757 17661 96 0 0.299995 0.288587 0.0114081 4 0 4 0
18243 18085 158 4 0.399912 0.380748 0.019164 3 1 3 1
18386 18330 56 3 0.799991 0.791514 0.00847708 4 0 4 0
19867 19572 295 2 0.399891 0.363886 0.0360053 3 1 3 1
22399 22338 61 1 0.299901 0.291539 0.00836228 2 2 2 2
22718 22629 89 3 0.599908 0.587324 0.0125835 3 1 3 1
23448 23351 97 4 0.699973 0.688786 0.0111874 4 0 4 0
26849 26587 262 0 0.299988 0.268914 0.0310744 3 1 3 1
27077 26716 361 2 0.499901 0.457662 0.0422392 4 0 4 0
28766 28573 193 3 0.499983 0.474643 0.0253397 3 1 3 1
29045 28971 74 4 0.499934 0.489887 0.0100472 2 2 2 2
