933 821 112 0 0.899871 0.884429 0.0154422 3 0 3 0
1771 1657 114 1 0.799911 0.781732 0.0181784 4 0 4 0
2664 2431 233 4 0.699939 0.670517 0.0294221 3 0 3 0
5096 4907 189 3 0.399988 0.37805 0.021938 4 0 4 0
5220 4891 329 2 0.399957 0.36084 0.0391176 3 0 3 0
6184 6046 138 1 0.599864 0.582038 0.0178263 3 1 3 1
7556 7259 297 0 0.299996 0.266846 0.0331493 1 3 1 3
9315 9133 182 4 0.399895 0.377458 0.0224374 2 2 2 2
12038 11887 151 3 0.499945 0.480842 0.0191035 3 1 3 1
12606 12275 331 0 0.799916 0.760776 0.0391394 3 1 3 1
13856 13803 53 2 0.299837 0.293305 0.00653131 3 1 3 1
14152 13800 352 1 0.299952 0.258975 0.0409771 3 1 3 1
17879 17799 80 4 0.299893 0.291102 0.00879111 2 2 2 2
17929 17567 362 3 0.599951 0.555801 0.0441499 3 1 3 1
18921 18657 264 0 0.399974 0.367773 0.0322008 3 1 3 1
21762 21479 283 1 0.4999 0.468348 0.0315515 2 2 2 2
22805 22673 132 2 0.299945 0.285434 0.0145111 3 1 3 1
23236 23157 79 3 0.599917 0.589771 0.0101461 3 1 3 0
26079 25761 318 4 0.399922 0.363762 0.0361608 3 1 3 1
27602 27387 215 0 0.299966 0.273615 0.0263513 3 1 3 1
29130 28948 182 1 0.399943 0.376408 0.0235357 3 1 3 1
29176 29098 78 3 0.499973 0.48889 0.0110822 2 2 2 2
