951 744 207 4 0.899968 0.876868 0.0231003 4 0 4 0
2558 2464 94 1 0.699904 0.688764 0.0111404 4 0 4 0
2586 2483 103 2 0.699904 0.686737 0.0131674 3 1 3 1
6029 5906 123 3 0.299914 0.284064 0.0158496 4 0 4 0
6093 5889 204 0 0.299919 0.275387 0.0245319 4 0 4 0
6615 6331 284 1 0.69997 0.665995 0.0339752 3 1 3 1
6848 6573 275 4 0.4 0.36754 0.0324595 3 1 3 1
10145 9839 306 2 0.299996 0.26336 0.036636 3 1 3 1
10903 10667 236 3 0.799905 0.770419 0.0294863 4 0 3 0
12882 12829 53 4 0.59976 0.590917 0.00884296 2 2 2 2
13917 13779 138 1 0.299984 0.284733 0.0152507 3 1 3 1
15062 15001 61 0 0.299953 0.292088 0.00786565 3 1 3 1
16287 16050 237 3 0.499916 0.473481 0.0264359 3 1 3 1
19107 18773 334 4 0.499988 0.460822 0.0391655 3 1 3 1
19199 19093 106 2 0.299909 0.288194 0.0117147 1 3 1 3
19466 19266 200 3 0.899917 0.877195 0.0227213 3 1 1 0
21708 21365 343 0 0.599939 0.557874 0.0420646 2 2 2 2
21970 21910 60 1 0.399925 0.391458 0.00846702 1 3 1 3
22583 22528 55 3 0.699992 0.692329 0.00766298 2 2 2 2
23189 23033 156 4 0.799913 0.782166 0.0177469 3 1 1 0
26501 26312 189 2 0.499891 0.476954 0.0229366 3 1 3 1
26943 26600 343 4 0.699904 0.659505 0.0403991 3 1 3 1
27801 27738 63 0 0.499781 0.490303 0.00947745 3 1 3 0
29898 29694 204 3 0.299935 0.275176 0.0247587 3 1 3 1
