845 783 62 0 0.899958 0.890634 0.00932423 2 0 2 0
866 813 53 4 0.89984 0.893281 0.00655917 4 0 4 0
923 832 91 1 0.899945 0.889341 0.0106043 3 0 3 0
2578 2519 59 3 0.699949 0.692308 0.00764042 4 0 4 0
2813 2481 332 2 0.699899 0.660884 0.0390148 4 0 4 0
3143 2994 149 0 0.799971 0.778963 0.0210081 4 0 3 0
4047 3909 138 1 0.699946 0.684454 0.0154919 4 0 4 0
6085 5938 147 2 0.799896 0.783592 0.0163042 4 0 2 0
6656 6325 331 4 0.399893 0.361229 0.0386638 4 0 4 0
8432 8089 343 3 0.499929 0.4608 0.0391294 3 1 3 1
8955 8654 301 1 0.599909 0.565464 0.0344455 3 1 3 1
10035 9982 53 0 0.299854 0.293549 0.00630542 2 2 2 2
12251 11987 264 2 0.399954 0.36792 0.0320337 4 0 4 0
13713 13477 236 4 0.49992 0.472466 0.0274542 3 1 3 1
15126 15069 57 1 0.480425 0.473805 0.00661982 3 1 3 1
15164 14863 301 3 0.499988 0.466024 0.0339648 2 2 2 2
18118 18013 105 0 0.399943 0.386222 0.0137205 3 1 3 1
20947 20805 142 2 0.299969 0.28313 0.0168393 2 2 2 2
21225 20875 350 4 0.399913 0.360048 0.0398654 3 1 3 1
21665 21612 53 3 0.499936 0.49411 0.00582652 2 2 2 1
21789 21535 254 1 0.499956 0.469428 0.0305281 2 2 2 2
25016 24923 93 0 0.499983 0.487599 0.0123834 4 0 3 0
27615 27343 272 1 0.599895 0.566835 0.0330602 4 0 4 0
28189 27921 268 3 0.499907 0.468081 0.0318266 4 0 4 0
29128 28956 172 2 0.399999 0.378667 0.0213317 4 0 4 0
29145 28896 249 4 0.399943 0.370035 0.0299078 3 1 3 1
