817 764 53 1 0.899831 0.893282 0.0065494 3 0 3 0
1713 1577 136 4 0.799938 0.784216 0.0157223 3 0 3 0
4307 4207 100 3 0.499903 0.488443 0.0114598 4 0 4 0
4402 4293 109 4 0.799944 0.787575 0.0123693 4 0 3 0
4555 4205 350 0 0.499917 0.459493 0.040424 4 0 4 0
6161 5877 284 2 0.299969 0.266442 0.0335265 2 2 2 2
7365 7243 122 3 0.899945 0.886252 0.0136927 4 0 0 0
7531 7215 316 1 0.299957 0.261842 0.0381155 2 2 2 2
7866 7812 54 4 0.699981 0.692379 0.00760156 3 1 2 1
11280 11168 112 3 0.599902 0.585142 0.0147607 3 1 3 1
12852 12570 282 2 0.599926 0.567931 0.0319943 3 1 3 1
12968 12665 303 0 0.299933 0.262331 0.0376013 3 1 3 1
14486 14157 329 4 0.399822 0.362247 0.0375754 4 0 4 0
14934 14631 303 1 0.499909 0.464278 0.0356306 2 2 2 2
18115 18057 58 3 0.399852 0.391978 0.00787394 4 0 4 0
18181 17992 189 1 0.899962 0.877264 0.0226977 3 1 2 0
19082 18769 313 4 0.799924 0.763673 0.0362506 3 1 2 1
19696 19356 340 0 0.599855 0.560575 0.0392798 4 0 4 0
19776 19664 112 2 0.399896 0.384038 0.0158583 3 1 3 1
22956 22872 84 1 0.49995 0.490655 0.0092947 3 1 3 1
23254 23158 96 0 0.79979 0.787435 0.0123554 3 1 3 1
24524 24187 337 4 0.499945 0.459546 0.0403993 4 0 4 0
25035 24841 194 3 0.49991 0.476127 0.0237834 2 2 2 2
27675 27504 171 0 0.599986 0.58101 0.018976 3 1 3 1
27725 27591 134 1 0.699924 0.682751 0.0171731 4 0 4 0
28476 28248 228 2 0.299906 0.273895 0.026011 3 1 3 1
