795 741 54 2 0.899934 0.892479 0.00745503 7 0 7 0
967 805 162 8 0.899791 0.87646 0.0233308 7 1 7 1
978 781 197 9 0.899953 0.871245 0.0287077 7 0 7 0
1859 1584 275 6 0.799943 0.767814 0.0321287 7 0 7 0
2373 2077 296 2 0.899948 0.86556 0.0343885 7 0 4 0
2618 2435 183 7 0.699974 0.676867 0.0231067 9 0 9 0
2720 2350 370 3 0.699988 0.65295 0.0470373 8 1 8 1
3423 3162 261 4 0.599983 0.5705 0.0294825 8 1 8 1
4171 4115 56 1 0.499837 0.492253 0.00758397 7 2 7 2
5698 5459 239 8 0.499971 0.47198 0.0279905 9 0 8 0
5811 5579 232 0 0.299998 0.272309 0.0276892 9 0 9 0
6277 6223 54 2 0.599931 0.592393 0.00753721 7 2 7 2
7305 7194 111 9 0.2999 0.286626 0.0132738 6 3 6 3
7810 7446 364 5 0.0999357 0.0549018 0.0450339 6 3 6 3
9212 9117 95 3 0.399994 0.38716 0.0128341 6 3 6 3
9784 9412 372 6 0.199985 0.155461 0.0445246 8 1 8 1
11469 11368 101 7 0.0998975 0.0874415 0.0124559 6 3 6 3
12114 11829 285 4 0.199895 0.166152 0.0337429 5 4 5 4
12332 12129 203 2 0.499938 0.477553 0.0223847 7 2 7 2
13796 13698 98 1 0.0998795 0.0871931 0.0126863 6 3 6 3
14431 14347 84 9 0.499982 0.489954 0.0100283 9 0 8 0
15717 15343 374 8 0.0998011 0.0571657 0.0426354 7 2 7 2
16435 16356 79 0 0.0759441 0.065256 0.0106882 6 3 6 3
16965 16673 292 5 0.399987 0.36444 0.0355467 5 4 5 4
18542 18381 161 3 0.199915 0.179721 0.0201931 7 2 7 2
19959 19880 79 6 0.199934 0.189284 0.01065 9 0 9 0
20853 20800 53 2 0.19985 0.19184 0.00800979 8 1 8 1
20915 20699 216 9 0.499933 0.473257 0.0266762 9 0 9 0
21383 21147 236 7 0.299894 0.269155 0.0307391 7 2 7 2
22860 22603 257 1 0.399996 0.366762 0.033234 4 5 4 5
23164 23110 54 4 0.0999224 0.0931051 0.00681736 4 5 4 5
24965 24591 374 5 0.399807 0.354083 0.0457246 8 1 8 1
25435 25345 90 0 0.399981 0.389962 0.0100183 8 1 8 1
26415 26092 323 3 0.4998 0.463461 0.0363385 8 1 6 1
27210 26986 224 8 0.0999266 0.0732657 0.0266609 7 2 7 2
29116 28821 295 9 0.299979 0.265266 0.0347136 9 0 8 0
30971 30650 321 6 0.099947 0.0616509 0.038296 6 3 6 3
31464 31254 210 1 0.299895 0.27358 0.0263153 7 2 7 2
31694 31461 233 2 0.099923 0.070002 0.029921 6 3 6 3
32125 31836 289 7 0.0999488 0.0634639 0.036485 7 2 7 2
32858 32594 264 5 0.399983 0.368809 0.0311741 6 3 6 3
34634 34376 258 4 0.0999337 0.0676087 0.032325 6 3 6 3
34770 34616 154 0 0.199938 0.180719 0.0192196 6 3 6 3
35675 35340 335 3 0.199908 0.160843 0.0390656 5 4 5 4
37773 37625 148 8 0.199956 0.182543 0.0174133 5 4 5 4
39331 38942 389 2 0.59996 0.55403 0.0459293 6 3 4 0
39863 39557 306 9 0.099917 0.0637755 0.0361416 8 1 8 1
40988 40889 99 7 0.39996 0.387139 0.012821 8 1 7 1
41153 41027 126 1 0.199973 0.18261 0.0173628 6 3 6 3
42221 42168 53 6 0.0998682 0.0927113 0.00715692 7 2 7 2
42346 42070 276 5 0.199989 0.168405 0.0315831 7 2 7 2
44240 44177 63 4 0.299963 0.290406 0.00955664 5 4 5 4
45066 44792 274 0 0.19998 0.167434 0.0325465 7 2 7 2
45617 45268 349 8 0.499972 0.457238 0.0427341 7 2 7 2
45974 45724 250 3 0.199913 0.16987 0.0300431 4 5 4 5
47937 47808 129 2 0.199963 0.18346 0.0165023 7 2 7 2
49774 49517 257 9 0.299985 0.26818 0.0318056 6 3 6 3
51218 50979 239 7 0.0999859 0.0707302 0.0292557 7 2 7 2
51935 51751 184 6 0.299905 0.275799 0.0241057 6 3 6 3
52145 52041 104 1 0.0999056 0.0869525 0.0129531 9 0 9 0
53472 53189 283 5 0.0999376 0.0653547 0.0345829 8 1 8 1
54728 54598 130 4 0.0999899 0.0835762 0.0164137 8 1 8 1
55462 55407 55 8 0.0999627 0.0927361 0.0072266 6 3 6 3
56122 56035 87 3 0.199943 0.188056 0.0118867 7 2 7 2
56247 55913 334 0 0.0999524 0.0608122 0.0391402 6 3 6 3
56286 56233 53 2 0.399892 0.392014 0.00787779 4 5 4 5
59594 59471 123 9 0.19993 0.184172 0.0157576 6 3 6 3
61097 60914 183 1 0.399891 0.379065 0.0208257 8 1 8 1
61122 60783 339 6 0.299927 0.258146 0.0417807 7 2 7 2
62648 62556 92 7 0.0999278 0.086459 0.0134688 7 2 7 2
64101 63936 165 5 0.199987 0.178351 0.0216368 7 2 7 2
64375 64229 146 0 0.499908 0.48026 0.0196481 7 2 7 1
64788 64545 243 2 0.299947 0.270137 0.02981 6 3 6 3
65950 65825 125 4 0.0999966 0.0848195 0.0151771 8 1 8 1
66322 66122 200 3 0.199926 0.176485 0.0234416 5 4 5 4
66924 66606 318 8 0.0999409 0.0614777 0.0384632 9 0 9 0
67829 67666 163 9 0.399817 0.378826 0.0209909 7 2 6 2
70915 70795 120 6 0.199931 0.18512 0.0148109 7 2 7 2
71196 71130 66 1 0.0999707 0.0926432 0.00732743 7 2 7 2
72499 72364 135 0 0.299908 0.282454 0.0174539 8 1 8 1
73061 72931 130 7 0.199944 0.182863 0.0170811 6 3 6 3
74999 74946 53 2 0.0997594 0.0909236 0.00883586 7 2 7 2
75217 74924 293 5 0.0999872 0.0610426 0.0389447 5 4 5 4
75697 75423 274 4 0.299954 0.26752 0.032434 6 3 5 3
76687 76381 306 3 0.2 0.164628 0.0353713 7 2 7 2
77137 77084 53 9 0.19988 0.194016 0.00586335 6 3 6 3
78486 78283 203 8 0.0999759 0.0740107 0.0259651 5 4 5 4
79706 79651 55 0 0.499805 0.492601 0.00720479 6 3 4 3
79917 79862 55 6 0.299999 0.292958 0.00704068 7 2 7 2
79928 79750 178 7 0.599974 0.579484 0.0204904 6 3 6 2
80167 79936 231 1 0.399986 0.371414 0.0285723 7 2 7 2
83125 82868 257 2 0.499987 0.471065 0.0289224 7 2 7 2
83742 83424 318 0 0.799993 0.763633 0.0363598 7 2 5 0
84568 84461 107 4 0.299925 0.285632 0.0142928 7 2 7 1
85611 85375 236 9 0.399852 0.372919 0.0269338 8 1 8 1
85769 85716 53 5 0.199861 0.19323 0.00663132 6 3 6 3
86108 85936 172 3 0.299908 0.277898 0.0220107 6 3 5 3
88637 88567 70 1 0.286419 0.275793 0.0106261 8 1 8 1
89267 89084 183 7 0.0999755 0.0768817 0.0230938 6 3 6 3
90048 89719 329 8 0.0999344 0.0573887 0.0425457 8 1 8 1
90264 90122 142 6 0.099941 0.0819028 0.0180382 8 1 8 1
91603 91325 278 0 0.199964 0.167647 0.0323175 5 4 5 4
91903 91823 80 2 0.19992 0.188057 0.0118622 6 3 5 3
93449 93393 56 4 0.299949 0.292548 0.00740131 6 3 6 3
94374 94050 324 9 0.299949 0.264318 0.0356311 6 3 6 3
95865 95652 213 3 0.199996 0.173134 0.026862 6 3 6 3
96787 96482 305 5 0.0999844 0.062274 0.0377104 7 2 7 2
99358 99042 316 1 0.099809 0.061434 0.038375 8 1 8 1
100550 100453 97 7 0.0999212 0.0887319 0.0111893 7 2 7 2
101472 101314 158 8 0.099913 0.0813989 0.0185142 5 4 5 4
101576 101523 53 6 0.0997853 0.092346 0.00743939 6 3 6 3
102638 102398 240 0 0.0997915 0.0705741 0.0292174 6 3 6 3
102640 102569 71 2 0.0999845 0.0873422 0.0126423 6 3 6 3
103209 102921 288 4 0.19997 0.164518 0.0354517 6 3 6 3
103421 103144 277 9 0.299932 0.26637 0.0335619 5 4 5 4
105522 105163 359 3 0.299974 0.258084 0.0418901 1 8 1 8
107595 107290 305 1 0.499984 0.462631 0.0373528 5 4 5 4
107611 107308 303 5 0.199838 0.164035 0.0358026 4 5 4 5
108790 108653 137 6 0.599963 0.583181 0.0167822 7 2 6 1
108903 108577 326 8 0.599917 0.559856 0.0400619 4 5 3 5
109008 108833 175 2 0.699952 0.677911 0.0220412 6 3 5 2
110213 109819 394 0 0.599913 0.548029 0.0518833 5 4 4 4
111332 111070 262 7 0.199914 0.170119 0.0297947 4 5 4 5
111723 111589 134 4 0.399964 0.382855 0.0171096 7 2 7 2
114117 113930 187 9 0.0999491 0.0790172 0.0209318 8 1 8 1
114925 114747 178 1 0.399911 0.377392 0.0225195 7 2 7 2
115457 115153 304 3 0.199937 0.164117 0.0358195 7 2 7 2
117194 116879 315 2 0.199997 0.161192 0.0388057 7 2 7 2
117235 117112 123 6 0.19995 0.182918 0.0170316 7 2 7 2
117563 117276 287 8 0.199979 0.163926 0.0360535 7 2 7 2
118611 118521 90 5 0.0999795 0.086823 0.0131565 6 3 6 3
119829 119572 257 0 0.0999474 0.066752 0.0331954 5 4 5 4
120785 120614 171 7 0.299999 0.275487 0.0245122 4 5 4 5
121757 121704 53 4 0.0999285 0.0929164 0.00701205 6 3 6 3
123466 123396 70 1 0.299992 0.289939 0.010053 7 2 7 2
124794 124566 228 9 0.199913 0.174101 0.0258122 8 1 8 1
126541 126308 233 3 0.0999574 0.0730133 0.0269442 8 1 8 1
126722 126355 367 2 0.299906 0.25738 0.0425251 6 3 6 3
127750 127562 188 8 0.199933 0.178306 0.0216273 6 3 6 3
128363 128029 334 6 0.0999699 0.0582628 0.0417071 7 2 7 2
129854 129535 319 7 0.2999 0.262338 0.0375616 5 4 5 4
130030 129801 229 5 0.0999433 0.0730474 0.0268958 6 3 6 3
130609 130271 338 0 0.199924 0.157073 0.0428508 5 4 4 4
133228 133019 209 4 0.0999795 0.0733949 0.0265845 5 4 5 4
134010 133957 53 2 0.49991 0.493404 0.00650553 6 3 6 3
134039 133898 141 1 0.0998044 0.0838128 0.0159916 7 2 7 2
134890 134537 353 3 0.499893 0.45516 0.0447333 6 3 6 3
135672 135510 162 9 0.0999963 0.0802886 0.0197077 7 2 7 2
138041 137930 111 5 0.499953 0.483037 0.0169157 7 2 7 2
138141 138083 58 6 0.299972 0.293537 0.00643472 9 0 8 0
138568 138515 53 8 0.0999382 0.0932619 0.00667633 9 0 9 0
138992 138732 260 7 0.299991 0.267873 0.0321177 7 2 7 2
140906 140675 231 0 0.199984 0.173096 0.0268877 7 2 7 2
141459 141109 350 2 0.399894 0.353634 0.0462601 6 3 6 3
143076 143005 71 4 0.299907 0.291199 0.00870724 7 2 7 2
144027 143582 445 1 0.299915 0.248012 0.0519032 6 3 6 3
144825 144569 256 3 0.0999371 0.0715182 0.0284189 8 1 8 1
146070 146010 60 6 0.399922 0.391439 0.00848325 6 3 6 3
146137 145969 168 9 0.199842 0.17875 0.021092 8 1 8 1
147876 147660 216 5 0.099945 0.0713407 0.0286043 8 1 8 1
149411 149273 138 0 0.399967 0.383344 0.0166226 7 2 7 2
149599 149439 160 7 0.0998322 0.080635 0.0191972 7 2 7 2
149701 149648 53 8 0.0999221 0.0940633 0.00585877 7 2 7 2
150287 149920 367 2 0.29987 0.255557 0.0443136 8 1 8 1
151295 151006 289 4 0.399946 0.366129 0.0338165 4 5 4 5
154423 154310 113 6 0.299945 0.285573 0.0143717 6 3 6 3
154674 154466 208 3 0.299966 0.274544 0.0254225 9 0 9 0
154880 154615 265 1 0.0999486 0.0678908 0.0320578 8 1 8 1
155411 155331 80 9 0.299978 0.288714 0.0112639 6 3 6 3
157572 157519 53 5 0.299884 0.292554 0.00732967 5 4 5 4
157657 157518 139 8 0.499924 0.483114 0.0168093 5 4 5 4
159599 159345 254 0 0.0999372 0.066755 0.0331821 8 1 8 1
160227 160016 211 7 0.199979 0.173833 0.026146 6 3 6 3
160244 159891 353 2 0.199944 0.157918 0.0420262 9 0 9 0
161449 161396 53 4 0.0998199 0.092476 0.00734389 8 1 8 1
164394 164205 189 9 0.299932 0.279008 0.0209242 7 2 7 2
164824 164730 94 8 0.399902 0.387047 0.0128541 8 1 8 1
165071 164801 270 6 0.0999379 0.0681344 0.0318035 7 2 7 2
165278 164955 323 3 0.0998219 0.0595638 0.0402582 8 1 8 1
166142 165962 180 1 0.0999049 0.0779487 0.0219562 8 1 8 1
168266 167957 309 5 0.0999885 0.0648043 0.0351842 6 3 6 3
168606 168384 222 0 0.399998 0.371806 0.0281925 7 2 7 2
170293 170194 99 7 0.19988 0.186133 0.0137474 7 2 7 2
171275 170876 399 4 0.299939 0.250098 0.049841 7 2 7 2
171503 171198 305 2 0.0999389 0.0629877 0.0369512 7 2 7 2
172757 172387 370 9 0.399936 0.353449 0.046487 6 3 6 3
173469 173111 358 8 0.299992 0.257298 0.0426937 4 5 4 5
176007 175821 186 3 0.199975 0.178672 0.0213028 8 1 8 1
176046 175705 341 1 0.299828 0.26136 0.0384678 6 3 6 3
176624 176335 289 6 0.0999999 0.0641356 0.0358643 7 2 7 2
177223 176965 258 0 0.299928 0.268883 0.0310443 8 1 8 1
178210 177984 226 5 0.29995 0.274079 0.0258701 6 3 6 3
178909 178550 359 4 0.5 0.455185 0.0448145 4 5 4 5
180315 180262 53 7 0.199879 0.194037 0.00584197 5 4 5 4
181504 181173 331 2 0.299897 0.259305 0.0405921 8 1 8 1
182565 182349 216 8 0.299922 0.272511 0.0274109 7 2 7 2
182861 182649 212 3 0.599981 0.572476 0.0275048 6 3 6 3
183240 182873 367 9 0.0999528 0.0555489 0.0444039 6 3 6 3
186234 185945 289 0 0.299927 0.263937 0.0359891 6 3 6 3
186500 186444 56 1 0.0999738 0.0933581 0.00661568 6 3 6 3
187016 186961 55 6 0.199868 0.191686 0.00818181 8 1 8 1
187290 187017 273 4 0.299859 0.265717 0.0341425 8 1 8 1
188123 187916 207 5 0.199923 0.174693 0.0252302 8 1 8 1
189610 189446 164 2 0.399898 0.379971 0.0199273 4 5 4 5
190478 190423 55 3 0.299998 0.290441 0.00955757 6 3 6 3
190691 190554 137 8 0.399934 0.381732 0.0182019 6 3 6 3
191160 191088 72 7 0.0999346 0.0917483 0.00818635 8 1 8 1
192882 192635 247 0 0.599989 0.570589 0.0293997 5 4 4 4
193209 193008 201 9 0.299997 0.276737 0.0232606 5 4 5 4
194854 194591 263 4 0.499933 0.466568 0.0333646 8 1 7 1
195314 195171 143 1 0.399987 0.382495 0.0174918 9 0 9 0
197300 196983 317 6 0.19999 0.163371 0.0366191 8 1 8 1
198181 198116 65 5 0.199993 0.192473 0.00752019 8 1 8 1
198245 197918 327 2 0.299954 0.259708 0.0402458 6 3 6 2
198390 198294 96 3 0.399901 0.386895 0.0130059 6 3 6 3
199052 198849 203 8 0.299963 0.272004 0.0279593 8 1 8 1
202410 202247 163 7 0.0999827 0.0797206 0.0202621 8 1 8 1
202486 202214 272 0 0.0999811 0.0675813 0.0323998 6 3 6 3
203609 203546 63 9 0.0999801 0.0906749 0.00930517 7 2 7 2
204718 204366 352 1 0.199965 0.158379 0.0415868 6 3 6 3
204870 204591 279 4 0.0999874 0.0647451 0.0352423 4 5 4 5
206638 206543 95 6 0.299954 0.287169 0.0127845 6 3 6 3
208191 208110 81 5 0.199913 0.188573 0.0113404 7 2 7 2
208741 208386 355 3 0.0998664 0.0595355 0.0403308 6 3 6 3
209060 208774 286 2 0.0998868 0.0639065 0.0359803 8 1 8 1
209843 209490 353 8 0.0999644 0.0586863 0.0412781 5 4 5 4
211396 211265 131 7 0.399937 0.382372 0.0175656 4 5 4 5
213287 213168 119 1 0.399913 0.382033 0.0178797 6 3 5 3
213952 213767 185 0 0.0999131 0.0772316 0.0226815 7 2 7 2
214711 214532 179 6 0.399955 0.37996 0.0199955 7 2 7 2
214724 214566 158 4 0.299929 0.281715 0.0182143 6 3 6 3
214881 214772 109 9 0.0999668 0.0869736 0.0129932 9 0 9 0
216297 216244 53 2 0.599861 0.592651 0.00721023 4 5 4 5
217835 217589 246 3 0.399983 0.368421 0.031562 5 4 5 4
218088 217832 256 8 0.499919 0.468857 0.0310625 4 5 4 4
219134 218981 153 5 0.0999171 0.0802998 0.0196173 7 2 7 2
220395 220044 351 1 0.499932 0.458793 0.0411392 5 4 5 4
220675 220619 56 6 0.599911 0.591325 0.0085854 8 1 7 1
220876 220578 298 7 0.199894 0.161876 0.0380174 8 1 8 1
222846 222689 157 4 0.399985 0.379884 0.0201011 7 2 7 2
223160 222954 206 3 0.699952 0.675095 0.0248571 7 2 5 2
223685 223613 72 0 0.29991 0.289757 0.010153 5 4 5 4
223978 223776 202 2 0.299957 0.274414 0.0255428 8 1 8 1
224575 224501 74 9 0.299985 0.289888 0.0100964 8 1 7 1
224787 224493 294 8 0.499936 0.464171 0.0357654 6 3 6 2
226917 226860 57 1 0.499939 0.491718 0.0082202 6 3 6 3
227565 227363 202 6 0.399933 0.375728 0.024205 8 1 8 1
229609 229508 101 5 0.199921 0.186244 0.0136771 7 2 7 2
229634 229302 332 7 0.399975 0.360746 0.0392291 6 3 6 3
231227 230868 359 3 0.199919 0.154413 0.0455064 8 1 8 1
231934 231754 180 2 0.399931 0.378257 0.0216745 7 2 7 2
232014 231913 101 4 0.199935 0.186167 0.0137679 9 0 9 0
232814 232701 113 8 0.29995 0.285731 0.0142188 6 3 6 3
233348 233218 130 9 0.299944 0.284763 0.0151817 7 2 7 2
233490 233163 327 0 0.199985 0.158298 0.0416872 4 5 4 5
236119 235906 213 6 0.299905 0.270185 0.0297204 7 2 6 2
236783 236488 295 1 0.0999204 0.0636585 0.0362619 5 4 5 4
238742 238669 73 5 0.299936 0.287976 0.0119608 7 2 7 2
240137 239792 345 7 0.0999146 0.0573998 0.0425148 8 1 8 1
242165 242052 113 3 0.0998993 0.0863729 0.0135264 7 2 7 2
242255 241959 296 4 0.199993 0.165255 0.0347383 8 1 8 1
242320 242009 311 2 0.0999634 0.0621304 0.0378331 7 2 7 2
242345 242100 245 8 0.199978 0.169719 0.0302591 6 3 6 3
243060 242832 228 9 0.199912 0.173346 0.0265652 6 3 6 3
244547 244408 139 0 0.099951 0.0846381 0.0153129 8 1 8 1
245310 245019 291 6 0.299839 0.265938 0.0339012 5 4 5 4
247580 247336 244 1 0.199981 0.169705 0.0302761 5 4 5 4
249333 249206 127 5 0.0999905 0.0836339 0.0163566 6 3 6 3
249350 249017 333 7 0.399986 0.360151 0.039835 9 0 9 0
250699 250573 126 9 0.499997 0.484979 0.0150175 9 0 8 0
251036 250701 335 8 0.399931 0.361125 0.0388065 6 3 6 3
252417 252222 195 4 0.199997 0.176291 0.0237055 8 1 8 1
252645 252454 191 6 0.499964 0.475785 0.0241783 5 4 5 4
252650 252597 53 3 0.199872 0.190943 0.00892882 4 5 4 5
253843 253643 200 2 0.0999581 0.074956 0.0250022 6 3 6 3
255853 255798 55 0 0.0999412 0.0915732 0.00836794 6 3 6 3
256304 256165 139 7 0.499981 0.483119 0.0168617 7 2 7 2
257772 257656 116 1 0.199892 0.182438 0.0174547 8 1 8 1
258278 258092 186 5 0.399972 0.376639 0.0233327 5 4 5 4
258689 258577 112 8 0.399901 0.386357 0.0135438 4 5 4 5
260129 259820 309 6 0.399923 0.364793 0.0351305 6 3 6 3
260417 260304 113 9 0.0999776 0.084284 0.0156936 9 0 8 0
260801 260696 105 4 0.399922 0.388205 0.0117163 5 4 5 4
263559 263459 100 3 0.099854 0.0870183 0.0128357 8 1 8 1
263564 263496 68 2 0.299953 0.292482 0.00747111 6 3 6 3
264929 264579 350 0 0.399932 0.356667 0.0432651 5 4 5 4
265327 265143 184 7 0.199958 0.179695 0.0202629 7 2 7 2
266157 266100 57 1 0.399977 0.391647 0.00832979 5 4 4 4
266971 266703 268 5 0.299895 0.267402 0.0324933 6 3 6 3
268701 268471 230 6 0.299993 0.272326 0.027668 8 1 8 0
269079 268737 342 8 0.0999899 0.0588949 0.041095 7 2 7 2
269987 269865 122 4 0.199846 0.185771 0.0140744 7 2 7 1
270255 270020 235 9 0.299931 0.271996 0.027935 9 0 9 0
272790 272569 221 0 0.399939 0.37311 0.0268284 5 4 5 3
273297 273061 236 2 0.199915 0.170174 0.0297414 8 1 8 1
274306 274191 115 5 0.499907 0.485415 0.0144921 9 0 9 0
274864 274807 57 3 0.0999012 0.0918759 0.0080253 6 3 6 3
276420 276045 375 1 0.0998012 0.0524314 0.0473698 6 3 6 3
276473 276211 262 7 0.0999872 0.0665224 0.0334647 7 2 7 2
279425 279065 360 6 0.0999762 0.0553018 0.0446744 7 2 7 2
279841 279750 91 9 0.199977 0.185141 0.0148355 7 2 7 2
280737 280471 266 8 0.0999587 0.0680406 0.0319181 7 2 7 2
281172 280821 351 4 0.0999969 0.058502 0.0414948 6 3 6 3
282904 282741 163 0 0.0999151 0.08099 0.0189251 6 3 6 3
284187 283900 287 5 0.0999002 0.0652984 0.0346018 7 2 6 2
284301 284211 90 2 0.0999706 0.0888998 0.0110708 5 4 5 4
285499 285169 330 3 0.199907 0.162654 0.0372532 7 2 7 2
285578 285298 280 7 0.399921 0.367702 0.032219 8 1 7 1
286305 286170 135 1 0.299986 0.282846 0.0171407 4 5 4 5
289183 289015 168 9 0.299935 0.278141 0.0217935 6 3 6 3
289191 289126 65 6 0.299955 0.290363 0.00959245 7 2 7 2
292469 292104 365 8 0.0998261 0.0562711 0.043555 8 1 8 1
292805 292574 231 4 0.0999914 0.0724291 0.0275623 8 1 8 1
293218 292971 247 5 0.399963 0.369198 0.0307643 9 0 9 0
293345 293291 54 0 0.199989 0.192688 0.00730042 6 3 6 3
294897 294586 311 2 0.199938 0.162625 0.0373135 7 2 7 2
295712 295475 237 7 0.0999397 0.0706335 0.0293062 8 1 8 1
295738 295640 98 3 0.199954 0.186863 0.0130914 4 5 4 5
296779 296662 117 1 0.099929 0.0868417 0.0130873 5 4 5 4
299763 299662 101 9 0.0999675 0.0865872 0.0133803 6 3 6 3
299802 299578 224 6 0.099892 0.0727795 0.0271125 5 4 5 4
