826 687 139 16 0.899936 0.87931 0.0206256 13 0 13 0
835 743 92 28 0.899934 0.886882 0.0130528 16 0 16 0
860 648 212 22 0.899978 0.872092 0.0278863 15 1 15 1
1557 1422 135 20 0.799974 0.780557 0.0194176 17 2 17 2
1637 1484 153 2 0.799901 0.778477 0.0214232 20 0 20 0
1770 1510 260 10 0.799778 0.76182 0.0379581 21 1 21 1
1821 1511 310 0 0.799894 0.756843 0.0430514 14 1 14 1
2251 2085 166 28 0.899915 0.878513 0.021402 21 0 9 0
2276 2220 56 5 0.699955 0.692642 0.00731247 23 1 23 1
2376 2237 139 25 0.699894 0.679906 0.019988 22 3 22 3
2390 2293 97 8 0.699921 0.685072 0.01485 20 3 20 3
2442 2254 188 12 0.699819 0.6751 0.0247197 20 3 20 3
2468 2234 234 15 0.699968 0.670731 0.0292374 23 2 23 2
2490 2107 383 11 0.699995 0.64711 0.0528857 21 4 20 3
3069 2816 253 26 0.599922 0.567265 0.0326567 21 6 20 5
3125 2949 176 6 0.599993 0.575622 0.0243709 18 3 18 3
3210 2949 261 4 0.599956 0.568055 0.0319005 20 5 20 5
3243 2881 362 7 0.599897 0.555306 0.0445907 24 1 24 1
3366 3128 238 14 0.599927 0.569157 0.0307696 22 4 22 4
3734 3036 698 24 0.599987 0.520577 0.0794101 21 7 21 7
3757 3702 55 23 0.499992 0.491638 0.00835453 20 5 20 5
3882 3750 132 9 0.499925 0.481634 0.0182914 23 4 23 4
3936 3664 272 22 0.699944 0.66201 0.037934 20 6 13 6
3939 3638 301 27 0.499891 0.457019 0.0428726 20 8 20 8
3979 3604 375 29 0.499911 0.44529 0.0546204 22 1 22 1
4004 3676 328 17 0.49994 0.457702 0.0422373 19 9 19 9
4024 3802 222 3 0.499925 0.470733 0.0291914 26 2 26 2
4687 4553 134 13 0.399899 0.381822 0.0180761 19 9 18 8
4823 4240 583 16 0.599995 0.511768 0.0882268 18 8 16 8
5381 5140 241 19 0.299927 0.266202 0.0337247 19 10 19 10
5528 5346 182 1 0.299896 0.273941 0.0259553 22 6 22 6
5557 5205 352 21 0.299818 0.252838 0.0469798 20 7 20 7
5750 5541 209 20 0.599776 0.570717 0.0290595 18 9 15 9
6520 5353 1167 18 0.299959 0.145173 0.154786 22 6 22 6
6884 6531 353 28 0.49979 0.45715 0.04264 19 10 15 10
7145 6812 333 12 0.599981 0.556004 0.0439769 22 5 19 5
7483 7294 189 2 0.399948 0.37319 0.0267578 26 3 25 3
7603 7469 134 5 0.499918 0.480224 0.0196941 24 4 16 4
7673 7620 53 0 0.399967 0.392364 0.00760328 21 7 21 7
7863 7508 355 15 0.499947 0.455078 0.044869 20 8 16 7
8168 8006 162 10 0.299949 0.276707 0.0232419 21 8 21 8
8207 7975 232 6 0.599791 0.569397 0.0303931 21 6 17 5
8263 8177 86 7 0.59991 0.589461 0.0104495 25 4 16 4
8382 8218 164 14 0.599791 0.579935 0.0198565 19 9 16 8
8589 8184 405 9 0.699976 0.646396 0.0535802 22 6 14 4
8650 8507 143 11 0.399932 0.373938 0.0259941 22 9 20 8
8696 8506 190 22 0.599954 0.572045 0.0279091 25 4 19 4
9156 9065 91 25 0.29992 0.287259 0.0126609 20 9 19 9
9189 8931 258 4 0.499909 0.467477 0.032432 17 12 17 12
9401 9244 157 8 0.29996 0.279493 0.0204663 20 9 19 9
9421 9289 132 17 0.59992 0.579479 0.0204406 21 8 15 7
9830 9501 329 23 0.499953 0.455362 0.0445912 23 6 18 6
10443 10278 165 26 0.299919 0.277709 0.0222098 21 8 21 8
11106 11009 97 29 0.39988 0.383993 0.0158876 19 10 18 10
11147 11015 132 16 0.499985 0.478421 0.0215635 23 6 19 5
11180 11109 71 24 0.299927 0.289524 0.0104029 21 8 20 8
11480 10871 609 3 0.399921 0.327218 0.0727029 23 6 23 6
11711 11632 79 27 0.2999 0.288206 0.0116939 18 11 18 11
11738 11673 65 21 0.59993 0.590341 0.00958908 22 7 13 6
11760 11568 192 28 0.699977 0.675749 0.0242275 21 8 15 5
11800 11699 101 1 0.599986 0.587278 0.0127077 23 6 20 6
11871 11589 282 2 0.799872 0.762134 0.0377374 22 7 14 6
11886 11815 71 13 0.399971 0.39015 0.00982142 19 12 16 11
12064 11694 370 15 0.799985 0.751604 0.0483802 24 5 13 1
12489 12422 67 19 0.499947 0.48989 0.0100571 17 12 14 12
12595 12228 367 20 0.39991 0.351758 0.0481523 22 6 19 5
13286 12881 405 22 0.699914 0.64436 0.0555535 21 8 15 7
13313 12967 346 5 0.599946 0.557199 0.0427471 24 5 18 4
14006 13905 101 6 0.499908 0.486995 0.0129133 22 7 18 7
14025 13841 184 7 0.499912 0.477516 0.0223962 18 11 17 11
14044 13714 330 12 0.399905 0.358995 0.0409099 21 8 17 7
14196 13973 223 9 0.499905 0.469388 0.0305168 19 10 15 10
14647 14087 560 0 0.499987 0.436179 0.0638079 22 7 18 7
15098 15002 96 1 0.799902 0.785489 0.0144129 24 5 11 4
15535 15139 396 11 0.499902 0.447055 0.0528476 21 10 19 9
15600 14873 727 26 0.799929 0.668712 0.131217 20 9 11 3
15708 15563 145 18 0.299984 0.279142 0.0208417 18 11 17 10
15836 15632 204 14 0.299931 0.273282 0.0266492 22 7 21 7
16111 15733 378 21 0.699868 0.654867 0.045001 22 7 17 6
16118 15135 983 25 0.599785 0.466841 0.132944 26 3 17 2
16343 15997 346 4 0.39986 0.35177 0.0480904 23 6 19 6
16888 16567 321 17 0.299857 0.261556 0.0383005 21 8 19 8
16916 16749 167 13 0.699932 0.674876 0.025056 21 10 14 5
16986 16928 58 28 0.499774 0.488441 0.0113329 20 9 19 8
17070 16907 163 27 0.699929 0.679692 0.0202364 20 9 13 5
17130 16619 511 23 0.399992 0.322884 0.0771078 23 6 22 6
17288 17112 176 16 0.499944 0.474566 0.0253773 24 5 20 5
17323 17260 63 24 0.599965 0.591807 0.008158 20 9 16 7
17483 17335 148 22 0.699905 0.681309 0.0185963 23 6 14 3
17624 17426 198 2 0.399936 0.370584 0.0293517 19 10 16 9
17634 16196 1438 8 0.499932 0.277895 0.222037 22 7 20 6
17837 16677 1160 10 0.299896 0.166047 0.133849 19 10 19 9
18397 17579 818 29 0.499936 0.346998 0.152938 19 10 18 8
18783 18573 210 0 0.799995 0.773884 0.0261106 21 8 9 2
19104 18940 164 3 0.38028 0.355163 0.0251172 14 15 11 15
19206 19047 159 6 0.599965 0.575353 0.0246116 22 7 13 3
19911 18890 1021 5 0.499977 0.363858 0.136119 14 15 11 15
19983 19907 76 1 0.499928 0.490248 0.00967989 24 5 21 5
20072 19954 118 27 0.79996 0.782692 0.0172681 17 12 11 6
20465 20202 263 19 0.299923 0.258506 0.0414165 18 11 16 10
20911 20858 53 13 0.699806 0.693631 0.00617589 22 9 9 5
21081 20801 280 20 0.299908 0.267402 0.0325051 22 7 22 7
21205 20891 314 26 0.499955 0.46077 0.0391853 22 7 18 6
21422 21135 287 9 0.399983 0.358011 0.0419716 20 9 18 8
21669 21437 232 23 0.799926 0.76912 0.0308058 26 3 14 1
21688 21469 219 21 0.499951 0.470661 0.0292898 20 9 16 9
22080 21706 374 7 0.29982 0.254902 0.0449188 27 2 23 2
22214 21787 427 14 0.599951 0.54575 0.0542011 23 6 21 6
22403 22131 272 24 0.599989 0.562927 0.0370619 26 3 19 3
22478 22289 189 11 0.399945 0.37439 0.0255542 21 10 20 9
22517 22154 363 12 0.299928 0.252386 0.0475425 20 9 17 9
22557 22204 353 25 0.499823 0.454894 0.044929 21 8 19 8
22775 22448 327 27 0.799994 0.760039 0.0399554 21 8 12 4
23106 22699 407 22 0.499893 0.446921 0.0529714 26 3 18 2
23954 23707 247 17 0.499917 0.465982 0.0339346 21 8 17 7
24051 23685 366 28 0.399959 0.351235 0.0487237 22 7 19 6
24278 24052 226 18 0.299917 0.269595 0.0303217 14 15 11 13
25114 24892 222 3 0.59995 0.570374 0.0295759 23 6 19 3
25167 24992 175 29 0.499936 0.478841 0.0210951 20 9 17 8
25392 24988 404 16 0.299963 0.243919 0.0560446 26 3 26 3
25419 25075 344 0 0.299944 0.252988 0.0469563 17 12 17 11
25509 25244 265 8 0.399794 0.366723 0.033071 25 4 23 4
25548 24412 1136 4 0.299803 0.134683 0.16512 19 10 17 8
25925 25571 354 20 0.799945 0.738672 0.0612729 23 6 13 3
25926 25652 274 6 0.399893 0.362727 0.0371654 28 1 24 1
25977 25608 369 2 0.29992 0.255948 0.043972 23 6 21 5
26228 26060 168 10 0.399835 0.375947 0.0238882 18 11 17 10
26903 26597 306 23 0.499947 0.465602 0.0343449 24 5 22 5
26912 26686 226 1 0.399969 0.370315 0.0296539 25 4 22 4
27390 27151 239 26 0.499951 0.470607 0.029344 21 8 18 4
27435 27167 268 13 0.399951 0.365352 0.0345989 19 12 14 9
27532 27470 62 24 0.579813 0.571851 0.00796241 17 12 16 12
28008 27734 274 14 0.499954 0.466264 0.0336905 16 13 16 12
28756 27714 1042 27 0.499923 0.394315 0.105609 19 10 16 8
28844 28018 826 5 0.299929 0.206679 0.0932495 19 10 17 9
29225 28124 1101 19 0.399914 0.196409 0.203506 20 9 17 5
29402 29244 158 22 0.499844 0.477351 0.0224931 19 10 15 10
29426 29359 67 21 0.288591 0.279261 0.00933026 18 11 17 10
29573 29364 209 12 0.499958 0.472305 0.0276529 25 4 18 2
29649 29367 282 9 0.299863 0.264446 0.0354162 19 10 16 8
