832 767 65 3 0.899926 0.890974 0.00895267 10 0 10 0
843 710 133 7 0.899951 0.878773 0.0211786 15 4 14 2
918 742 176 18 0.89989 0.876333 0.0235572 17 0 17 0
991 701 290 29 0.899902 0.858031 0.0418709 9 3 8 1
1622 1436 186 28 0.79997 0.772475 0.0274952 20 2 19 1
1704 1493 211 25 0.79997 0.771962 0.0280076 15 1 15 1
1715 1512 203 15 0.799959 0.77731 0.022649 16 2 16 2
2471 2159 312 5 0.699966 0.659384 0.0405822 21 0 21 0
2473 2174 299 8 0.699898 0.656203 0.0436944 18 1 18 1
2520 2267 253 14 0.699893 0.662626 0.0372674 23 1 23 1
2793 2313 480 21 0.699826 0.635916 0.0639099 21 5 20 4
2951 2880 71 16 0.599883 0.588752 0.0111308 26 1 26 2
2994 2856 138 26 0.599926 0.581843 0.018083 24 2 24 2
3120 2880 240 9 0.599975 0.567894 0.032081 22 3 22 3
3141 2849 292 7 0.799989 0.761774 0.0382148 24 5 19 3
3174 2821 353 27 0.599932 0.554582 0.0453502 23 2 22 1
3213 2973 240 0 0.599926 0.567778 0.0321477 22 4 22 4
3222 3000 222 10 0.599982 0.57285 0.0271315 23 1 23 1
3286 2877 409 11 0.599776 0.546234 0.0535416 18 3 18 3
3356 3010 346 4 0.599953 0.557792 0.0421615 24 2 24 2
3697 3637 60 22 0.499992 0.493236 0.00675552 19 9 19 9
3845 3673 172 23 0.499942 0.476512 0.0234297 15 11 15 10
4602 4314 288 17 0.399903 0.365315 0.0345877 23 3 23 3
4719 4430 289 19 0.399981 0.360892 0.0390897 17 11 17 11
4779 4531 248 12 0.399931 0.366968 0.0329626 23 5 23 5
4785 4472 313 6 0.399939 0.360827 0.0391122 21 5 21 5
5033 4559 474 24 0.399803 0.342934 0.056869 21 7 21 7
5150 4903 247 15 0.699942 0.66434 0.0356016 19 8 15 7
5540 5338 202 1 0.29997 0.272173 0.0277964 22 4 22 4
5596 5347 249 20 0.299952 0.265296 0.0346558 16 10 16 10
5642 5273 369 13 0.2999 0.246138 0.0537621 17 12 17 12
6492 6241 251 29 0.39991 0.360885 0.039025 24 2 24 2
6565 5174 1391 2 0.299983 0.0334957 0.266487 21 7 21 7
6729 5034 1695 25 0.699978 0.466844 0.233134 18 8 15 8
6925 6572 353 3 0.299952 0.251745 0.0482067 17 12 17 12
7189 6878 311 16 0.699949 0.65657 0.0433787 22 7 15 6
7704 6802 902 18 0.299938 0.1701 0.129839 18 11 18 11
7722 7504 218 11 0.699891 0.664699 0.0351917 19 6 15 6
8330 8104 226 22 0.699955 0.665557 0.0343976 20 8 10 4
8364 8104 260 28 0.299985 0.265995 0.0339904 21 6 20 6
8432 8272 160 5 0.39991 0.376476 0.0234334 20 7 18 7
8507 8130 377 9 0.599974 0.54628 0.0536941 20 6 12 5
8684 8593 91 26 0.499845 0.486577 0.0132677 18 10 13 10
9088 8832 256 7 0.399963 0.367008 0.0329542 23 7 20 6
9213 8913 300 4 0.499915 0.465603 0.0343126 17 12 15 12
9386 9326 60 14 0.299939 0.29209 0.00784859 24 4 24 4
9488 9210 278 8 0.29997 0.262157 0.0378134 21 7 21 6
9729 9641 88 12 0.699905 0.685109 0.0147959 23 5 13 4
9974 8795 1179 0 0.499946 0.282784 0.217162 22 7 20 7
10095 9798 297 21 0.299978 0.263336 0.0366429 20 9 17 9
10198 10009 189 24 0.699924 0.674939 0.0249855 20 8 13 7
10455 10381 74 27 0.299832 0.288976 0.010856 19 10 18 10
10734 10511 223 10 0.299954 0.267901 0.0320528 20 9 18 9
10773 10385 388 19 0.599893 0.547692 0.0522009 20 9 14 8
10858 10517 341 15 0.499892 0.45204 0.0478521 22 7 19 5
11139 10864 275 1 0.699937 0.663451 0.0364861 19 8 13 6
11198 10582 616 23 0.399912 0.306605 0.0933063 19 10 16 10
11565 11448 117 29 0.699973 0.682917 0.0170566 19 9 13 9
11988 11747 241 16 0.599979 0.562797 0.0371819 21 8 15 8
11988 11900 88 17 0.399922 0.386324 0.0135985 19 10 17 10
12166 11788 378 13 0.599924 0.547341 0.0525825 22 7 16 3
12853 12754 99 9 0.699966 0.688973 0.0109924 18 9 14 9
13347 12860 487 6 0.299892 0.225334 0.0745573 17 12 15 12
13406 13048 358 22 0.599969 0.554787 0.045182 15 13 7 9
13536 13483 53 20 0.368741 0.359506 0.00923517 19 10 19 9
13843 13624 219 25 0.399913 0.369848 0.0300648 17 11 16 10
13952 13789 163 28 0.699951 0.676848 0.0231038 22 6 16 5
13961 13859 102 11 0.399854 0.387805 0.0120488 25 4 19 4
14206 14001 205 7 0.699959 0.673521 0.0264386 25 5 12 2
14332 13781 551 3 0.499946 0.433339 0.0666072 23 6 21 6
14660 14342 318 2 0.499967 0.457797 0.0421708 20 9 19 9
14701 14406 295 10 0.899921 0.863568 0.0363529 22 7 13 1
14711 14515 196 4 0.599938 0.571486 0.0284524 22 7 18 3
14833 14711 122 26 0.499903 0.481918 0.0179849 25 4 20 1
14837 14782 55 1 0.699868 0.690884 0.00898399 21 7 15 4
14869 14713 156 24 0.599983 0.58008 0.0199029 21 8 18 6
15252 14945 307 19 0.699902 0.661246 0.0386557 25 4 20 2
15776 15671 105 9 0.799955 0.786414 0.0135406 23 6 13 2
15920 15647 273 12 0.399807 0.358932 0.0408747 26 3 20 3
15965 15662 303 14 0.599939 0.561064 0.0388749 22 7 16 4
15973 15910 63 0 0.599988 0.591252 0.00873609 20 9 13 8
16447 16343 104 23 0.699915 0.68134 0.0185752 21 8 12 2
16529 15227 1302 18 0.499902 0.329612 0.17029 16 13 14 13
16895 16461 434 8 0.49999 0.437808 0.0621826 21 8 20 8
17216 17072 144 15 0.499876 0.479706 0.0201705 24 5 19 4
17627 16432 1195 5 0.299939 0.106113 0.193826 21 8 21 6
17745 17292 453 27 0.499768 0.438213 0.0615552 27 2 24 2
18056 17488 568 29 0.399941 0.303156 0.0967856 23 6 21 5
18320 17970 350 25 0.799958 0.751666 0.0482925 19 9 13 5
18523 18194 329 19 0.799977 0.758446 0.0415307 25 4 14 2
18694 18503 191 10 0.599983 0.573603 0.0263801 24 5 17 5
18802 18529 273 16 0.399898 0.361057 0.0388406 24 5 21 5
18880 18670 210 21 0.299904 0.272507 0.0273969 18 11 17 11
19121 18510 611 1 0.699978 0.62155 0.0784284 21 7 14 5
19437 17802 1635 13 0.499921 0.254236 0.245685 24 5 20 4
19526 19269 257 26 0.699906 0.663837 0.0360692 24 5 18 4
19563 19258 305 17 0.399994 0.354579 0.0454146 22 7 21 6
19642 19266 376 22 0.499946 0.454357 0.0455891 23 6 18 6
20034 19770 264 3 0.599948 0.564983 0.0349649 22 7 18 6
20063 19754 309 9 0.599945 0.558649 0.0412961 20 9 14 8
20546 20368 178 4 0.499961 0.477291 0.02267 18 11 15 10
20850 20792 58 23 0.599997 0.59282 0.00717718 18 11 16 9
20856 20652 204 28 0.299929 0.271741 0.0281881 23 6 22 6
20887 20690 197 0 0.599938 0.574268 0.0256705 20 9 12 8
20937 20879 58 20 0.399986 0.390264 0.00972151 16 13 15 10
20963 20847 116 14 0.599975 0.585759 0.014216 20 9 14 7
20965 20336 629 6 0.49999 0.401902 0.0980886 21 8 20 4
21071 21007 64 7 0.299833 0.291071 0.00876175 23 7 23 4
21431 21203 228 24 0.399872 0.373081 0.0267902 19 10 18 8
21781 21618 163 18 0.699937 0.680534 0.0194033 18 11 11 7
21806 21750 56 11 0.299791 0.292129 0.00766231 20 9 19 9
22349 22258 91 2 0.299929 0.286421 0.0135087 18 11 17 11
22806 22688 118 19 0.599916 0.585272 0.0146434 23 6 13 6
23174 23046 128 8 0.49996 0.483477 0.0164834 21 8 16 7
23554 23397 157 3 0.799941 0.777953 0.021988 24 5 14 3
23613 23264 349 29 0.699865 0.657226 0.0426389 23 6 14 5
23641 23370 271 26 0.699904 0.662262 0.037642 23 6 8 3
23804 23374 430 15 0.499962 0.441812 0.0581504 21 8 19 8
24101 23993 108 12 0.299996 0.283526 0.0164694 22 7 22 7
25071 25016 55 21 0.599936 0.591688 0.00824733 20 9 18 8
25071 24882 189 25 0.299876 0.272704 0.0271719 22 7 22 7
25176 25045 131 22 0.599946 0.581101 0.0188453 24 5 16 3
25527 25169 358 10 0.399906 0.349666 0.0502394 26 3 22 3
25547 25452 95 16 0.499922 0.487433 0.0124892 22 7 15 6
25793 25507 286 23 0.599926 0.564175 0.0357509 21 8 11 3
25916 25540 376 27 0.299799 0.249403 0.0503959 23 6 20 5
26035 25734 301 9 0.499939 0.458992 0.0409463 28 1 24 0
26085 25767 318 20 0.699861 0.656768 0.0430934 25 4 18 3
26234 26093 141 17 0.499982 0.481307 0.018675 24 5 22 5
26256 26068 188 2 0.899949 0.876628 0.0233211 23 6 12 0
26844 26718 126 5 0.299988 0.283136 0.0168524 22 7 22 7
26869 26136 733 1 0.299922 0.209044 0.0908778 23 6 23 6
26915 26814 101 19 0.699973 0.686414 0.0135588 23 6 17 5
27072 27007 65 6 0.499968 0.490707 0.0092613 18 11 15 10
27325 26992 333 28 0.599944 0.556566 0.0433786 21 8 19 6
27768 27563 205 3 0.599989 0.571787 0.0282018 24 5 18 4
27838 27610 228 8 0.699901 0.668792 0.0311093 22 7 14 5
27958 27801 157 24 0.49991 0.479723 0.0201869 24 5 22 5
28184 27872 312 13 0.299945 0.260346 0.039599 23 6 22 6
28295 28212 83 14 0.29998 0.287251 0.0127282 25 4 22 4
28415 27773 642 11 0.599901 0.495158 0.104743 21 8 18 6
28452 28209 243 0 0.299914 0.269981 0.0299328 18 11 18 11
28777 28444 333 18 0.299968 0.255232 0.0447356 21 8 20 8
28906 28623 283 7 0.399943 0.360929 0.0390138 20 10 19 9
29848 29701 147 26 0.399869 0.380367 0.0195019 23 6 21 6
29936 28147 1789 4 0.299776 0.00698295 0.292793 16 13 16 12
