784 728 56 0 0.899825 0.893373 0.00645175 9 0 9 0
800 691 109 7 0.899882 0.882248 0.017633 13 0 13 0
879 761 118 25 0.899941 0.882888 0.0170524 11 3 11 2
883 747 136 1 0.899775 0.88013 0.0196457 15 0 15 0
1512 1416 96 6 0.799993 0.78832 0.0116729 17 0 17 0
1635 1467 168 21 0.799972 0.776716 0.0232561 15 1 15 1
1642 1413 229 20 0.799986 0.771032 0.028954 13 2 13 2
1676 1486 190 13 0.799879 0.774 0.0258792 19 1 19 1
1756 1386 370 2 0.799925 0.753302 0.0466235 14 0 14 0
1807 1392 415 15 0.799995 0.747287 0.0527074 15 1 15 1
2408 2319 89 9 0.699891 0.686465 0.0134261 25 2 25 2
2418 2060 358 5 0.699943 0.65344 0.0465027 15 1 15 1
2423 2133 290 26 0.699928 0.66091 0.0390187 23 4 23 4
2482 2157 325 29 0.699958 0.658928 0.0410294 18 4 18 4
2528 2174 354 23 0.699915 0.650827 0.0490881 22 3 23 5
2568 2197 371 16 0.699953 0.65081 0.049143 22 1 22 1
3219 2853 366 25 0.7999 0.752625 0.0472753 19 6 16 5
3341 2992 349 12 0.599912 0.557454 0.0424583 20 6 20 6
3839 3658 181 4 0.49997 0.473088 0.0268811 24 3 24 3
3853 3727 126 3 0.499935 0.483086 0.0168484 20 8 20 8
3869 3699 170 8 0.49983 0.478769 0.0210613 20 7 20 7
3901 3815 86 22 0.499964 0.485755 0.0142093 23 6 23 6
3907 3573 334 19 0.49995 0.455059 0.044891 23 5 23 5
3981 3703 278 28 0.499928 0.469035 0.0308936 18 7 18 7
4336 3719 617 27 0.499902 0.428019 0.0718827 20 7 20 7
4495 4277 218 0 0.599941 0.573206 0.0267351 19 7 19 7
4625 4504 121 18 0.399929 0.378726 0.0212023 21 6 21 6
4649 4480 169 24 0.399897 0.38016 0.0197363 21 5 21 5
4674 4247 427 2 0.799939 0.738062 0.0618776 17 3 7 3
4697 4382 315 1 0.6 0.559828 0.0401714 18 10 16 10
4798 4442 356 10 0.399902 0.355463 0.0444384 19 6 19 6
4955 4149 806 13 0.799896 0.666571 0.133325 23 5 16 5
5565 5304 261 17 0.299985 0.269956 0.0300289 21 8 21 8
5821 4898 923 20 0.699937 0.54216 0.157777 18 6 16 6
5827 5229 598 14 0.299963 0.222037 0.0779259 16 13 16 13
6071 5867 204 7 0.399967 0.372468 0.0274992 21 7 18 7
6205 5060 1145 11 0.299927 0.141844 0.158083 17 10 17 10
6878 5771 1107 21 0.599879 0.409895 0.189984 19 7 15 6
6880 6793 87 15 0.499878 0.48671 0.013168 21 8 20 8
7288 7055 233 5 0.599912 0.564965 0.0349473 19 8 16 8
8263 8051 212 26 0.499906 0.473018 0.0268889 24 3 18 3
8321 8109 212 25 0.499892 0.472938 0.0269537 19 9 19 9
8474 8377 97 3 0.699823 0.684701 0.0151212 22 7 17 5
8562 8390 172 9 0.39993 0.377016 0.0229134 20 9 17 9
8667 7669 998 6 0.299936 0.114038 0.185899 21 7 20 7
8981 8671 310 29 0.39994 0.360184 0.0397558 22 6 21 6
9193 9103 90 8 0.599947 0.589458 0.0104895 22 7 19 5
9440 9220 220 23 0.299865 0.269943 0.0299213 16 13 15 12
9469 9150 319 12 0.499829 0.457531 0.0422982 20 9 16 7
9505 9207 298 2 0.499997 0.461353 0.0386433 22 5 18 5
9569 9337 232 0 0.599935 0.572992 0.0269429 23 6 22 6
9598 9543 55 16 0.299943 0.291453 0.00848974 21 7 20 7
9863 9452 411 24 0.6999 0.645874 0.0540262 24 4 16 4
10409 10097 312 13 0.499909 0.461103 0.0388052 23 6 21 6
10555 10237 318 28 0.499931 0.459522 0.0404089 16 12 11 10
10693 10637 56 27 0.499981 0.491771 0.00821046 17 12 17 12
10756 10487 269 10 0.599952 0.560371 0.0395812 18 10 15 8
11009 10404 605 1 0.499902 0.402346 0.0975563 19 10 18 9
11634 11454 180 22 0.299958 0.273158 0.0267995 24 5 21 5
11702 11389 313 4 0.299864 0.235806 0.0640582 17 12 17 12
12026 10357 1669 18 0.599972 0.335576 0.264395 18 11 16 9
12502 12270 232 5 0.599979 0.571504 0.0284749 15 14 12 13
12674 12617 57 17 0.499976 0.493268 0.00670808 18 11 18 11
12807 12608 199 7 0.499958 0.472263 0.0276954 17 12 17 11
12955 11726 1229 19 0.299977 0.136012 0.163965 18 11 14 9
13021 12752 269 26 0.699919 0.664924 0.0349952 21 8 14 8
13036 12679 357 25 0.699956 0.655608 0.0443485 21 7 10 4
13148 12844 304 15 0.499952 0.458829 0.0411223 22 7 18 5
13202 13147 55 21 0.499799 0.491632 0.00816731 18 10 15 9
13259 12980 279 20 0.299895 0.261981 0.0379142 19 10 19 10
13453 13239 214 12 0.799932 0.771673 0.0282591 22 7 14 3
13799 13719 80 14 0.399909 0.3878 0.0121096 24 5 21 4
13859 13703 156 3 0.499924 0.478724 0.0211999 21 8 12 5
14396 14015 381 8 0.59997 0.55256 0.0474103 15 14 9 12
14483 14430 53 0 0.599899 0.591542 0.00835618 22 7 15 5
14483 14388 95 24 0.599774 0.586695 0.0130787 20 8 16 7
14512 14330 182 28 0.799978 0.778389 0.0215886 21 8 13 4
14670 14431 239 11 0.399997 0.371139 0.0288575 21 7 20 5
15440 15123 317 9 0.499808 0.460061 0.0397476 19 10 15 10
15472 14931 541 16 0.699933 0.631065 0.0688673 20 8 13 5
15770 15425 345 6 0.599941 0.556416 0.0435259 23 6 15 3
15945 15765 180 2 0.49992 0.474659 0.0252609 18 11 17 10
16668 16395 273 23 0.49997 0.46442 0.03555 21 8 19 6
16999 16716 283 13 0.499927 0.465058 0.0348695 24 5 22 4
17255 17044 211 4 0.699936 0.671642 0.028294 21 8 16 6
17467 17220 247 29 0.299984 0.268343 0.0316417 28 1 27 1
17614 17523 91 26 0.599966 0.588211 0.0117543 22 7 17 5
17718 17434 284 12 0.599943 0.563826 0.0361172 27 4 21 3
18204 17858 346 18 0.599943 0.546897 0.0530457 23 6 20 5
18232 18143 89 10 0.299983 0.287527 0.0124556 20 9 20 9
18565 18219 346 27 0.299892 0.251468 0.0484242 23 6 21 6
18617 18411 206 0 0.699974 0.672045 0.0279288 22 7 21 6
18949 18610 339 14 0.699911 0.656358 0.0435529 25 4 19 4
19062 18781 281 1 0.299983 0.263727 0.0362561 25 4 24 3
19366 19242 124 17 0.399994 0.381195 0.0187985 18 11 18 9
19379 19158 221 21 0.499996 0.470369 0.0296274 27 2 25 2
19504 19213 291 22 0.399904 0.365855 0.0340493 28 1 26 1
19559 19216 343 15 0.499929 0.451784 0.0481453 26 3 25 3
19631 19217 414 28 0.499964 0.445725 0.0542393 22 7 20 7
19686 19558 128 19 0.599902 0.582117 0.0177857 16 13 16 11
19732 19420 312 20 0.599915 0.560205 0.0397106 21 8 17 7
19918 19721 197 5 0.299987 0.275327 0.0246601 23 6 23 6
20163 19879 284 25 0.299908 0.259455 0.0404529 26 3 26 2
20549 19967 582 24 0.499952 0.432689 0.0672631 19 9 14 8
20725 20425 300 7 0.299902 0.261691 0.0382108 18 11 18 11
21008 20760 248 3 0.399952 0.367475 0.0324771 20 9 20 8
21795 21158 637 11 0.499922 0.397513 0.102409 22 7 20 7
21849 21637 212 8 0.299882 0.269812 0.0300699 21 8 20 7
22047 21960 87 14 0.799961 0.787354 0.0126069 24 5 11 3
22369 22095 274 2 0.499898 0.462588 0.0373095 18 11 15 9
22482 22429 53 16 0.29997 0.291413 0.00855771 21 8 19 8
22780 22121 659 9 0.399895 0.313577 0.0863186 17 12 15 11
23162 23008 154 6 0.299892 0.27607 0.0238218 21 8 20 8
23500 23204 296 4 0.399953 0.361047 0.0389052 15 14 15 14
23848 23543 305 10 0.6999 0.663894 0.0360064 21 8 17 7
24004 23830 174 20 0.69997 0.677014 0.0229559 25 4 18 3
24223 23759 464 13 0.399964 0.315438 0.0845253 23 6 22 6
24407 24156 251 15 0.699907 0.669786 0.030121 22 7 18 7
24793 24719 74 26 0.299876 0.289107 0.0107698 21 8 18 7
24837 24561 276 29 0.499987 0.46198 0.0380075 22 7 14 7
24973 24662 311 18 0.399935 0.361274 0.0386613 21 8 18 7
25323 25014 309 28 0.599957 0.562778 0.0371785 19 10 18 10
25471 24529 942 23 0.299969 0.161515 0.138454 27 2 24 2
25569 25488 81 21 0.499939 0.488316 0.0116233 21 8 19 8
25627 24284 1343 12 0.399932 0.158053 0.241879 24 7 22 6
25749 25492 257 0 0.299926 0.262291 0.0376345 22 7 22 7
26107 25856 251 11 0.799942 0.766912 0.03303 19 10 14 6
26348 26007 341 24 0.5999 0.55628 0.0436196 18 10 11 5
26636 26294 342 27 0.399936 0.355736 0.0442004 23 6 22 6
26926 26759 167 3 0.599896 0.575906 0.02399 20 9 20 7
27134 26924 210 22 0.399944 0.372021 0.027923 22 7 18 7
27284 26885 399 19 0.299949 0.24962 0.0503296 22 7 22 5
27744 27351 393 17 0.299972 0.254468 0.0455046 26 3 26 3
27801 27587 214 7 0.499989 0.470959 0.0290294 20 9 19 7
27802 27631 171 1 0.299901 0.27827 0.0216308 22 7 21 7
28334 28278 56 14 0.299864 0.291408 0.00845614 21 8 19 6
28603 28317 286 5 0.299903 0.266085 0.0338176 23 6 23 6
28619 28525 94 25 0.299946 0.284244 0.015702 19 10 18 10
29226 29116 110 2 0.399957 0.384047 0.0159094 18 11 17 11
29503 29348 155 6 0.599885 0.579206 0.0206791 22 7 17 3
29747 29441 306 9 0.499964 0.458279 0.0416849 18 11 16 10
29796 28396 1400 10 0.599772 0.342501 0.257271 23 6 20 5
29885 29629 256 8 0.399904 0.362944 0.0369599 18 11 17 8
