786 674 112 12 0.899963 0.881881 0.0180821 15 0 15 0
842 724 118 20 0.899994 0.883388 0.016606 11 0 11 0
911 712 199 4 0.899946 0.874447 0.0254986 9 0 9 0
942 685 257 0 0.899939 0.868584 0.0313553 11 0 11 0
1634 1485 149 19 0.799976 0.779451 0.020525 17 0 17 0
1643 1501 142 7 0.799941 0.777141 0.0227998 26 4 26 2
2342 2199 143 27 0.69998 0.68114 0.0188399 21 3 21 3
2406 2159 247 23 0.699777 0.666645 0.033132 19 1 19 1
2436 2259 177 17 0.699954 0.67076 0.0291942 23 1 23 1
2444 2128 316 8 0.699964 0.66064 0.0393234 22 3 22 3
2461 2203 258 2 0.69994 0.667084 0.0328558 18 3 18 3
2483 2288 195 25 0.699936 0.671296 0.0286407 18 2 17 1
2969 2889 80 21 0.599948 0.59019 0.00975761 23 2 23 1
3093 3035 58 29 0.599942 0.589588 0.0103541 22 7 22 7
3142 2848 294 20 0.79989 0.762295 0.0375949 20 5 15 5
3142 3059 83 24 0.599977 0.588561 0.0114153 25 4 25 4
3180 2775 405 14 0.59984 0.543257 0.0565825 21 4 21 4
3220 2973 247 16 0.599903 0.570079 0.0298242 19 6 19 6
3275 2945 330 4 0.799916 0.759492 0.0404243 20 1 16 1
3740 2871 869 26 0.599882 0.445794 0.154089 25 1 25 1
3826 3515 311 12 0.699966 0.660679 0.0392875 22 2 19 2
3889 3787 102 15 0.499988 0.483762 0.0162264 21 6 21 5
3910 3824 86 1 0.499888 0.485575 0.0143124 19 10 19 10
4011 3745 266 5 0.499884 0.468246 0.031638 22 4 22 4
4132 3763 369 9 0.499921 0.450745 0.0491752 21 7 21 7
4226 3908 318 18 0.49996 0.455416 0.044544 18 8 18 8
4268 4084 184 19 0.79991 0.778011 0.0218984 20 3 11 3
4739 3685 1054 22 0.499758 0.310399 0.189359 20 6 20 6
4761 4596 165 3 0.399919 0.377217 0.0227025 21 6 21 6
5525 5380 145 11 0.299827 0.277184 0.022643 22 7 22 7
5600 5398 202 28 0.299944 0.272411 0.0275331 21 6 21 6
5620 5392 228 10 0.299908 0.269188 0.0307201 21 6 21 6
5724 5295 429 6 0.299957 0.237471 0.0624857 17 9 17 9
5825 4715 1110 0 0.599839 0.454908 0.14493 20 2 15 2
6006 5351 655 13 0.299972 0.212311 0.0876608 15 14 15 14
6771 6488 283 7 0.499923 0.464809 0.0351147 20 10 16 9
7035 6913 122 21 0.699898 0.684479 0.0154186 24 5 19 5
7315 6995 320 17 0.599971 0.55988 0.0400913 19 10 15 10
7330 7212 118 24 0.69992 0.683989 0.0159303 23 6 13 6
7514 7438 76 4 0.580189 0.570217 0.00997191 18 9 13 9
7937 7735 202 8 0.499872 0.470956 0.0289166 18 10 14 9
8134 8077 57 14 0.599957 0.590507 0.00945049 25 2 18 2
8328 8045 283 20 0.49991 0.462669 0.037241 24 5 21 4
8353 8273 80 23 0.399812 0.389102 0.01071 18 9 16 9
8434 8283 151 27 0.399896 0.380063 0.019833 25 3 18 2
9014 8861 153 29 0.499944 0.475895 0.0240487 24 5 15 3
9029 8899 130 3 0.799954 0.779793 0.0201611 23 5 13 4
9253 8880 373 16 0.499916 0.450543 0.0493733 16 12 16 12
9422 9143 279 19 0.499949 0.462978 0.0369711 22 5 16 4
9550 9304 246 5 0.599923 0.566376 0.0335468 21 8 16 7
9782 9243 539 25 0.299823 0.231811 0.0680118 23 5 20 5
10045 9545 500 18 0.599947 0.529071 0.070876 19 9 13 7
10089 9458 631 2 0.299963 0.188912 0.111051 22 6 20 6
10193 9926 267 26 0.499896 0.469226 0.0306703 19 9 16 9
10388 10254 134 9 0.499995 0.484359 0.0156357 22 7 19 6
10572 10519 53 1 0.474988 0.463768 0.0112201 15 14 5 6
10759 10706 53 12 0.299896 0.292043 0.00785323 23 5 21 5
10892 10839 53 24 0.699855 0.691995 0.00785991 24 5 13 5
11626 11573 53 15 0.299994 0.291432 0.00856242 22 7 20 6
12057 11954 103 0 0.499931 0.485477 0.0144543 20 9 16 9
12165 12061 104 6 0.599914 0.585096 0.0148187 22 7 19 5
12415 12260 155 22 0.4 0.377297 0.0227025 23 6 22 5
12645 12072 573 20 0.799851 0.700876 0.0989748 24 5 15 4
12707 12396 311 21 0.499998 0.459335 0.0406635 24 5 22 4
12834 12534 300 10 0.499998 0.457923 0.0420756 23 6 20 5
12992 12707 285 29 0.799806 0.761474 0.038332 23 6 9 3
13002 12421 581 17 0.599903 0.514177 0.085726 21 8 13 6
13335 13155 180 19 0.799966 0.775811 0.0241544 24 5 12 4
13502 13201 301 14 0.599813 0.560296 0.0395173 20 9 13 8
13591 13296 295 11 0.39977 0.362449 0.0373218 24 5 20 4
14201 14027 174 3 0.499954 0.476459 0.023495 24 4 20 3
14275 13935 340 13 0.399987 0.356476 0.0435107 25 4 25 3
14331 14057 274 28 0.299904 0.262462 0.0374414 15 14 14 13
14342 14027 315 8 0.499916 0.459028 0.0408878 23 5 19 5
14356 14302 54 7 0.299987 0.29244 0.00754696 16 14 12 12
14453 14120 333 27 0.599937 0.554641 0.045296 19 10 16 10
14745 14596 149 16 0.599988 0.578208 0.02178 21 7 15 3
15143 14722 421 23 0.499906 0.447506 0.0523992 18 11 16 11
15199 15145 54 24 0.599905 0.591973 0.00793179 21 8 12 8
15351 15108 243 18 0.59991 0.564027 0.0358832 18 10 17 8
16344 14953 1391 4 0.29995 0.138864 0.161086 21 8 19 8
16380 15385 995 9 0.599909 0.446427 0.153481 23 6 21 3
16784 16618 166 12 0.599939 0.578534 0.0214048 21 8 12 6
17098 16653 445 2 0.599984 0.540768 0.0592168 17 12 13 12
17228 16824 404 5 0.299896 0.24595 0.0539457 17 12 16 12
17232 16019 1213 25 0.599894 0.40311 0.196784 21 7 17 7
17260 16873 387 15 0.699934 0.65286 0.0470748 20 9 10 6
17344 16244 1100 26 0.49996 0.336248 0.163711 13 16 11 16
17381 16702 679 1 0.499999 0.386329 0.11367 19 10 15 8
17558 17236 322 17 0.699925 0.658402 0.041523 20 9 8 4
17795 17207 588 29 0.599944 0.516694 0.0832495 26 3 15 2
18327 17777 550 20 0.499975 0.429806 0.070169 23 6 17 4
18813 18126 687 22 0.59992 0.495895 0.104025 22 7 16 6
19185 18981 204 21 0.499992 0.473316 0.0266758 19 10 16 9
19278 18983 295 19 0.399924 0.361508 0.0384161 21 8 14 8
19371 19229 142 6 0.299959 0.27858 0.0213784 22 7 22 7
19699 19387 312 3 0.599969 0.560414 0.0395544 23 6 19 6
19918 19504 414 27 0.599992 0.545678 0.0543133 17 12 14 10
20021 19450 571 11 0.599904 0.519844 0.0800596 18 11 14 10
20037 19941 96 13 0.59994 0.585504 0.0144361 20 9 15 9
20067 19456 611 0 0.299895 0.205938 0.0939567 17 12 16 11
20369 19902 467 14 0.399893 0.318131 0.0817621 17 12 14 9
20614 20511 103 10 0.299906 0.285612 0.0142936 22 7 20 7
20661 20301 360 18 0.599954 0.554027 0.0459276 20 9 17 7
21101 20691 410 24 0.499993 0.426579 0.073415 24 5 19 4
21142 20830 312 12 0.699862 0.656552 0.0433098 25 4 15 0
21626 21359 267 28 0.499954 0.465511 0.0344431 16 13 12 7
22029 21947 82 8 0.29997 0.289707 0.0102637 22 7 21 7
22142 21774 368 9 0.599892 0.55407 0.0458224 19 10 15 9
22224 21887 337 16 0.299898 0.258814 0.0410847 19 10 18 10
22400 22182 218 29 0.699967 0.672547 0.0274201 21 8 14 8
22441 21974 467 7 0.399998 0.338181 0.0618172 26 4 25 1
22736 22503 233 15 0.499953 0.467439 0.0325146 15 14 14 13
23192 22915 277 23 0.299828 0.262791 0.0370371 24 5 24 4
23652 23370 282 22 0.69976 0.659538 0.0402229 20 9 10 6
23832 23661 171 4 0.499831 0.475226 0.0246046 19 10 17 9
23867 23719 148 20 0.599966 0.576956 0.02301 21 8 17 7
23945 23660 285 2 0.39985 0.360591 0.0392588 20 9 18 8
24431 24094 337 26 0.499852 0.452907 0.0469457 24 5 20 4
24469 23762 707 25 0.499902 0.37904 0.120862 18 10 14 7
24678 24234 444 5 0.499998 0.445137 0.0548614 20 9 19 8
24847 24604 243 1 0.399905 0.368519 0.0313861 21 8 21 8
25031 24426 605 17 0.2999 0.210551 0.0893488 23 6 21 6
25242 24951 291 18 0.699958 0.663925 0.0360332 18 11 12 7
25671 25439 232 6 0.599991 0.570366 0.0296254 17 12 13 8
25969 25916 53 10 0.69999 0.69239 0.00759986 22 7 13 6
25981 25748 233 27 0.499965 0.470387 0.0295781 22 7 20 5
26067 25843 224 21 0.399794 0.372487 0.0273072 24 5 22 3
26366 26146 220 3 0.399953 0.3711 0.0288536 21 8 19 8
26686 26527 159 13 0.399995 0.378925 0.0210708 23 6 19 6
26850 26547 303 19 0.399992 0.358875 0.0411166 21 8 21 7
26896 26700 196 11 0.399994 0.366314 0.0336801 23 6 22 6
27464 27127 337 12 0.399959 0.359694 0.0402655 22 7 20 6
27618 26142 1476 9 0.699976 0.436688 0.263288 20 9 12 5
27940 27754 186 28 0.499927 0.474049 0.0258773 20 9 17 6
28257 27842 415 14 0.399966 0.348639 0.0513276 19 10 17 9
28542 28471 71 29 0.399941 0.389554 0.0103872 17 12 17 11
28757 28248 509 4 0.699925 0.616022 0.0839035 23 6 17 4
29021 28674 347 0 0.299949 0.250386 0.0495626 23 6 21 5
29029 28848 181 8 0.499948 0.476758 0.0231907 22 7 19 5
29047 28278 769 22 0.599977 0.498449 0.101528 22 7 17 7
29138 28887 251 24 0.299894 0.271071 0.0288232 17 12 17 11
29204 28831 373 16 0.499919 0.453904 0.0460155 19 10 14 6
29723 29499 224 20 0.499858 0.472773 0.0270853 21 8 17 8
