926 747 179 1 0.899994 0.875994 0.0239997 9 0 9 0
1444 1391 53 10 0.799965 0.792766 0.00719887 15 0 15 0
1499 1349 150 11 0.799978 0.782393 0.017585 13 0 13 0
1499 1386 113 17 0.799934 0.782539 0.0173945 23 1 23 1
1523 1450 73 22 0.799954 0.789678 0.0102756 16 3 16 3
1544 1426 118 8 0.799869 0.783123 0.0167466 16 0 16 0
1550 1437 113 13 0.799795 0.782984 0.0168109 13 2 13 2
1551 1496 55 15 0.799981 0.791842 0.00813984 18 5 17 4
1582 1512 70 24 0.799943 0.789935 0.0100079 11 3 11 3
1786 1454 332 5 0.799986 0.759026 0.0409599 19 0 19 0
2221 2160 61 7 0.699988 0.690052 0.00993624 18 5 18 5
2344 2144 200 25 0.699872 0.673313 0.0265597 17 3 17 3
2410 2200 210 16 0.699972 0.673772 0.0262 21 2 21 2
2412 2253 159 23 0.699978 0.680908 0.0190699 20 2 20 2
2447 2089 358 3 0.69982 0.656251 0.0435686 16 2 16 2
2515 2238 277 2 0.69998 0.662769 0.0372101 21 5 21 5
3234 2861 373 4 0.599901 0.554218 0.0456831 20 6 20 6
3303 2924 379 26 0.5999 0.55393 0.0459699 19 3 19 3
3847 3721 126 6 0.499951 0.484425 0.0155258 21 2 21 2
3915 3671 244 21 0.49991 0.466445 0.0334649 19 7 19 7
3925 3743 182 28 0.49976 0.477065 0.0226954 22 6 21 5
3975 3694 281 29 0.499989 0.467318 0.0326707 23 5 23 5
4234 3928 306 13 0.799763 0.763416 0.0363467 19 4 15 4
4641 4411 230 9 0.399861 0.367587 0.0322739 24 1 24 1
4807 4437 370 0 0.399861 0.350651 0.0492108 25 4 25 4
4808 4736 72 22 0.699774 0.68942 0.0103542 20 9 15 9
4828 4710 118 17 0.699837 0.684795 0.0150426 20 8 14 8
4856 4467 389 14 0.399984 0.346419 0.0535654 24 4 24 4
5025 4536 489 19 0.399896 0.314329 0.0855674 21 3 21 3
5355 5257 98 27 0.299961 0.282964 0.0169974 20 9 20 9
5511 5225 286 18 0.299938 0.260068 0.0398701 22 6 22 5
5578 5515 63 10 0.599841 0.590787 0.00905481 22 6 20 6
5799 5528 271 15 0.599948 0.562101 0.0378468 22 4 19 3
6093 5186 907 20 0.299946 0.193248 0.106697 21 7 21 7
6155 5827 328 7 0.699996 0.655841 0.0441546 19 7 14 7
6348 6100 248 1 0.399893 0.369756 0.0301368 24 5 23 5
6431 6034 397 25 0.699936 0.64476 0.0551759 19 7 17 6
6480 5161 1319 12 0.299953 0.043961 0.255992 25 4 25 4
6541 6189 352 24 0.499933 0.44892 0.0510132 15 14 14 14
7263 6867 396 23 0.599946 0.525219 0.0747273 20 6 18 6
7982 7784 198 3 0.499852 0.472853 0.0269992 21 6 18 6
8074 6270 1804 8 0.499984 0.150243 0.349741 17 11 16 11
8456 8160 296 5 0.299779 0.245777 0.0540019 23 6 23 6
8503 7801 702 11 0.299995 0.210662 0.0893338 18 10 17 10
8685 8293 392 26 0.599952 0.545214 0.0547385 22 5 18 5
9599 9507 92 29 0.599979 0.588008 0.0119712 26 3 18 3
9843 9213 630 2 0.299983 0.212426 0.0875571 20 9 18 8
9912 9805 107 6 0.499904 0.486727 0.0131767 23 6 17 6
10390 8398 1992 16 0.399991 0.0304777 0.369513 19 8 18 8
10505 10145 360 18 0.799969 0.75035 0.0496188 22 6 12 3
10588 9947 641 17 0.49985 0.40974 0.09011 21 8 18 8
10853 10543 310 0 0.599892 0.562616 0.0372764 27 2 20 0
10893 10683 210 15 0.599818 0.570397 0.0294206 21 6 17 5
11202 10871 331 13 0.299995 0.257175 0.0428201 20 9 16 9
11692 11400 292 21 0.299926 0.265102 0.0348238 23 6 22 6
11900 11816 84 20 0.699988 0.688772 0.011216 20 9 14 5
11947 10452 1495 4 0.299849 0.107302 0.192547 20 9 18 9
11948 11831 117 9 0.399853 0.381755 0.018098 17 12 15 12
11976 11653 323 19 0.499968 0.458536 0.0414319 22 7 20 7
12088 11725 363 22 0.299953 0.246991 0.0529622 21 8 19 8
12324 10793 1531 28 0.399891 0.201293 0.198598 20 9 20 9
12874 12705 169 10 0.299913 0.278168 0.0217446 17 12 17 12
12922 12614 308 25 0.399978 0.359481 0.0404968 20 9 20 9
13162 13109 53 7 0.299941 0.29215 0.00779147 20 9 20 9
13505 13256 249 14 0.299899 0.26785 0.0320493 18 11 13 10
13782 13516 266 24 0.399924 0.367738 0.0321853 21 8 19 7
13965 13623 342 29 0.6999 0.658187 0.0417132 19 10 12 9
14012 13794 218 27 0.299966 0.272978 0.0269881 20 9 19 8
14168 14018 150 23 0.399904 0.378455 0.0214485 19 9 18 9
14403 14316 87 12 0.499969 0.486944 0.0130257 22 8 21 6
14978 14677 301 1 0.29977 0.25394 0.0458301 20 9 18 7
14991 14833 158 11 0.59977 0.575219 0.0245512 20 9 14 7
15431 15247 184 26 0.399907 0.374289 0.0256174 23 6 20 5
15480 15081 399 15 0.699867 0.646832 0.0530348 22 7 13 4
15604 15459 145 8 0.499952 0.478099 0.0218531 17 12 16 9
15851 15659 192 3 0.299966 0.270865 0.0291009 15 14 14 14
16229 15967 262 16 0.799896 0.765507 0.0343891 24 5 14 1
16409 16110 299 17 0.599923 0.559371 0.0405518 16 13 12 12
16541 15441 1100 18 0.499964 0.378278 0.121686 17 12 14 11
16919 16526 393 0 0.499908 0.428437 0.0714718 22 7 16 7
17135 16808 327 6 0.399932 0.359968 0.0399641 19 10 19 10
17302 16950 352 29 0.799909 0.755087 0.0448227 20 9 14 7
17389 17169 220 5 0.299969 0.27009 0.0298786 20 9 18 9
17953 17863 90 20 0.399835 0.385896 0.0139382 20 9 15 8
18023 17758 265 2 0.399955 0.367093 0.0328617 20 9 16 8
18185 17812 373 4 0.699843 0.654069 0.0457743 21 8 13 4
18232 17350 882 19 0.599969 0.450142 0.149826 17 12 14 10
18490 17585 905 13 0.599987 0.473493 0.126495 18 11 6 5
18491 18306 185 10 0.699907 0.669131 0.0307759 18 11 15 8
19239 19061 178 8 0.799925 0.77855 0.0213757 19 10 10 5
19416 19053 363 11 0.699969 0.65089 0.0490788 23 6 13 4
19548 19215 333 7 0.599961 0.544842 0.0551195 18 11 15 9
19657 19364 293 9 0.399973 0.359121 0.040852 20 9 20 7
19741 19512 229 25 0.499845 0.472811 0.027034 22 7 16 7
19876 19521 355 21 0.399921 0.352232 0.0476889 21 8 20 8
20043 18770 1273 12 0.699978 0.50698 0.192998 14 16 8 10
20185 19928 257 23 0.599894 0.559148 0.0407465 23 6 18 3
20539 20358 181 26 0.699953 0.676839 0.0231139 23 6 9 4
20641 20108 533 28 0.399931 0.310529 0.0894015 19 10 12 4
20743 20461 282 14 0.499965 0.462498 0.0374671 22 7 18 5
20853 20705 148 22 0.299998 0.27849 0.0215076 21 8 20 8
20948 20792 156 0 0.799979 0.780435 0.0195435 21 8 10 6
20979 20788 191 15 0.499857 0.474852 0.0250051 16 13 16 13
21293 21173 120 24 0.399923 0.381841 0.0180819 22 7 21 5
21314 21180 134 17 0.59993 0.580264 0.0196662 18 11 11 8
21737 21526 211 29 0.599921 0.569914 0.0300067 15 14 14 13
21794 21441 353 18 0.699969 0.650133 0.0498362 15 14 11 11
21956 21771 185 27 0.399765 0.373443 0.026322 16 13 14 13
22197 22118 79 16 0.381658 0.370737 0.0109215 19 10 16 9
22547 22353 194 10 0.699999 0.674085 0.0259137 20 9 13 7
23037 22844 193 19 0.699944 0.675678 0.0242663 13 16 11 10
23578 23467 111 4 0.499951 0.486492 0.0134585 20 9 15 8
23606 23421 185 3 0.3999 0.377316 0.0225843 22 7 20 5
23728 23347 381 1 0.299968 0.251564 0.0484043 20 9 19 7
23865 23624 241 20 0.599965 0.570028 0.0299378 26 3 16 0
23937 23767 170 2 0.599991 0.576919 0.0230723 19 10 11 7
24117 23877 240 13 0.599894 0.569868 0.0300254 23 6 17 1
24518 24155 363 8 0.499814 0.449291 0.0505237 24 5 18 2
24866 24775 91 11 0.49997 0.489406 0.0105638 28 1 24 0
25205 24932 273 0 0.599949 0.567607 0.0323417 23 6 17 4
25497 25100 397 6 0.299909 0.24702 0.0528895 24 5 23 2
25616 25407 209 7 0.499962 0.470837 0.0291244 22 7 21 6
25646 25406 240 26 0.499901 0.469215 0.030686 25 4 14 1
25795 25570 225 21 0.599931 0.569296 0.0306349 23 6 17 4
25922 25711 211 28 0.699764 0.673193 0.0265713 21 8 15 5
26013 25743 270 25 0.499985 0.465078 0.0349073 28 1 24 1
26166 25813 353 5 0.299766 0.254376 0.0453902 24 5 23 4
26366 26059 307 14 0.599972 0.555347 0.0446255 20 9 17 7
26577 26237 340 24 0.699922 0.65568 0.0442425 23 6 18 5
27007 26269 738 10 0.699927 0.582735 0.117192 22 7 15 5
27168 27020 148 15 0.499994 0.481793 0.0182012 25 4 24 3
27319 26953 366 22 0.599946 0.55486 0.0450868 17 12 14 8
27378 27259 119 18 0.499967 0.485485 0.0144825 16 13 15 12
27525 27327 198 12 0.299988 0.275944 0.0240445 22 9 19 8
27552 27427 125 29 0.499968 0.484499 0.0154687 21 8 21 8
27902 27627 275 9 0.299908 0.263711 0.0361966 16 13 16 12
27930 27610 320 23 0.299891 0.257356 0.0425345 22 7 18 7
28344 28267 77 19 0.499909 0.488835 0.0110738 18 11 17 11
28356 27960 396 2 0.699978 0.651898 0.0480796 22 7 14 4
28478 28179 299 13 0.699872 0.662277 0.0375944 20 9 15 8
28876 28487 389 27 0.499933 0.448773 0.0511602 19 10 15 10
29359 28508 851 3 0.699958 0.55998 0.139979 21 8 16 6
29898 29520 378 16 0.399964 0.350303 0.0496612 21 8 17 8
