799 722 77 2 0.899805 0.887918 0.0118876 8 0 8 0
916 721 195 5 0.899758 0.868585 0.0311729 9 1 9 1
983 713 270 22 0.899809 0.85954 0.0402687 12 0 12 0
1542 1396 146 29 0.79996 0.782133 0.0178271 15 4 15 3
1641 1360 281 23 0.799796 0.759261 0.0405351 9 1 9 1
1646 1422 224 12 0.79984 0.770636 0.0292042 23 0 23 0
1698 1426 272 14 0.799949 0.769006 0.030943 16 0 16 0
1703 1487 216 27 0.799898 0.769137 0.030761 14 3 14 3
2305 2133 172 11 0.699788 0.674407 0.0253804 20 3 20 3
2399 2195 204 0 0.699996 0.672833 0.0271636 14 3 14 3
2905 2777 128 2 0.799972 0.784263 0.0157086 15 1 11 1
3039 2986 53 16 0.599956 0.5929 0.00705586 19 3 19 3
3072 2964 108 9 0.599979 0.584837 0.0151421 22 1 22 1
3082 2897 185 3 0.59999 0.577605 0.0223845 24 2 24 2
3109 2811 298 24 0.599934 0.563695 0.0362395 19 3 19 3
3138 2973 165 19 0.599865 0.573081 0.0267845 25 3 25 3
3156 2854 302 15 0.599959 0.560728 0.0392307 23 4 23 3
3169 2943 226 28 0.599952 0.571846 0.0281069 19 4 19 4
3187 2929 258 17 0.599984 0.568469 0.031515 20 7 20 7
3212 2886 326 10 0.59999 0.554777 0.0452133 21 4 21 4
3398 3081 317 13 0.599973 0.563723 0.0362494 24 2 24 2
3952 3856 96 8 0.499987 0.4845 0.0154872 23 3 23 3
4074 3811 263 26 0.49993 0.463997 0.0359324 18 5 18 5
4082 3720 362 18 0.499776 0.454684 0.0450919 21 4 21 4
4497 4212 285 23 0.799882 0.76659 0.0332918 14 2 12 2
4789 4410 379 1 0.399948 0.34937 0.0505778 24 4 24 4
4811 4519 292 21 0.399854 0.360034 0.03982 24 2 24 2
4888 4585 303 20 0.39999 0.359324 0.0406668 22 5 22 5
5422 5349 73 4 0.28674 0.275365 0.0113748 21 7 21 7
5797 5133 664 25 0.299967 0.194026 0.105941 15 13 15 13
5896 5449 447 7 0.299943 0.233996 0.0659465 18 10 18 10
6093 5137 956 6 0.299913 0.143832 0.156081 21 7 21 7
6362 6260 102 29 0.499981 0.486619 0.0133619 21 6 20 6
6364 6214 150 22 0.399918 0.377263 0.0226546 21 5 20 5
7302 7174 128 9 0.699979 0.683383 0.0165956 23 4 14 4
7403 7186 217 28 0.699862 0.671433 0.0284287 22 6 13 4
7459 7209 250 12 0.399822 0.364358 0.035464 19 10 18 10
7497 7444 53 24 0.681862 0.674272 0.00759004 18 8 8 5
7621 6933 688 5 0.299987 0.210013 0.0899739 18 11 18 11
7846 7775 71 2 0.499942 0.489989 0.00995278 20 7 18 7
8359 8012 347 14 0.299905 0.254378 0.0455271 26 3 22 3
8434 7058 1376 3 0.699889 0.54723 0.152659 21 8 13 8
8471 8271 200 11 0.399988 0.372712 0.0272763 19 8 16 8
8585 8091 494 27 0.299797 0.230781 0.0690158 23 5 23 5
8789 8175 614 15 0.59991 0.508553 0.0913563 23 7 20 5
9458 9269 189 0 0.299953 0.269387 0.0305662 19 9 17 9
9623 9425 198 16 0.399987 0.375918 0.0240695 20 8 17 8
9683 9522 161 18 0.599926 0.578674 0.0212518 20 8 12 6
9815 9610 205 19 0.399987 0.37347 0.0265174 24 4 20 4
9914 9772 142 8 0.499989 0.47975 0.0202387 20 9 19 9
10097 9615 482 17 0.399759 0.34082 0.0589395 19 10 19 9
10222 10169 53 26 0.499892 0.491943 0.00794862 19 9 16 8
10239 10067 172 13 0.399929 0.375497 0.0244318 23 6 23 5
10669 10581 88 21 0.599866 0.589934 0.00993207 22 6 19 6
10921 10572 349 10 0.299942 0.257233 0.0427083 15 14 15 14
11012 10800 212 29 0.69994 0.666668 0.0332717 25 4 20 3
11070 10617 453 20 0.599952 0.524572 0.0753804 23 6 20 6
12003 11611 392 9 0.5998 0.550257 0.0495431 24 4 17 3
12537 12253 284 2 0.699925 0.665072 0.0348537 19 8 17 8
12620 11325 1295 1 0.499992 0.285917 0.214075 21 8 20 5
12708 10990 1718 23 0.299888 0.0584614 0.241427 19 8 18 8
13171 12873 298 7 0.499966 0.463636 0.0363307 20 9 20 9
13429 13187 242 12 0.599917 0.57035 0.0295673 21 8 18 8
13715 13358 357 28 0.399955 0.352607 0.0473484 21 8 18 8
13732 13627 105 4 0.299879 0.287594 0.0122858 23 5 22 5
13749 13380 369 3 0.599985 0.54837 0.0516144 23 6 17 3
13831 13778 53 5 0.599798 0.593247 0.00655024 21 8 19 8
14009 13463 546 6 0.499981 0.426608 0.0733735 19 9 18 8
14431 14248 183 24 0.299892 0.278627 0.0212652 24 5 22 5
14446 14374 72 25 0.299432 0.288491 0.0109414 22 7 21 7
14468 13767 701 18 0.699926 0.586197 0.11373 20 9 17 6
14535 14326 209 13 0.799995 0.768451 0.031544 23 6 12 4
14863 13571 1292 22 0.399974 0.188199 0.211775 22 7 22 6
15295 15242 53 16 0.599877 0.591241 0.00863589 16 13 13 11
15479 15406 73 19 0.599994 0.590139 0.00985436 25 4 21 4
15670 15526 144 15 0.399953 0.380171 0.0197812 20 9 19 7
15823 15496 327 0 0.599941 0.553265 0.0466759 20 9 18 6
16074 15856 218 11 0.39999 0.3705 0.0294903 26 3 25 2
16278 15627 651 27 0.499969 0.417763 0.0822058 23 6 18 5
16487 16245 242 29 0.499994 0.469277 0.0307171 19 10 19 9
16615 16266 349 21 0.499961 0.45395 0.0460115 19 9 16 9
16870 16780 90 9 0.599911 0.586457 0.0134535 13 15 10 13
17212 16865 347 26 0.399769 0.356955 0.0428146 19 9 14 8
17267 16880 387 10 0.599945 0.545826 0.0541195 18 11 15 8
17294 16923 371 14 0.299872 0.246169 0.053703 22 7 21 7
17771 17431 340 8 0.299925 0.251011 0.0489137 17 12 16 10
17996 17767 229 20 0.4 0.366594 0.0334052 19 10 18 10
18077 17997 80 17 0.299951 0.285446 0.0145051 18 11 18 10
18616 18361 255 7 0.599921 0.565251 0.0346705 22 7 14 4
18679 18424 255 18 0.699972 0.666006 0.0339654 19 10 11 9
19298 19136 162 12 0.499922 0.480249 0.0196735 23 6 20 5
19510 19457 53 13 0.499977 0.492038 0.00793926 24 5 18 5
19712 19428 284 16 0.699957 0.662147 0.0378095 20 9 12 2
19735 19354 381 2 0.299917 0.235896 0.0640209 16 13 13 12
20208 20155 53 3 0.399813 0.392745 0.0070679 23 6 23 5
20747 20518 229 22 0.699893 0.67026 0.0296328 23 6 16 6
21051 20685 366 10 0.799853 0.752097 0.0477558 20 9 17 7
21230 21008 222 1 0.299921 0.269881 0.0300402 25 4 24 3
21246 20983 263 6 0.399897 0.366536 0.033361 22 7 21 6
21267 20909 358 5 0.29983 0.252002 0.0478277 24 5 24 4
21281 21054 227 29 0.699948 0.66743 0.0325178 19 10 14 5
21548 21305 243 15 0.599953 0.570596 0.0293566 26 3 21 3
21854 21779 75 19 0.39993 0.390429 0.00950088 17 12 16 12
21870 21570 300 0 0.499987 0.459548 0.0404397 22 7 22 7
22025 21863 162 28 0.299958 0.280037 0.0199207 22 7 22 7
22042 21904 138 7 0.799907 0.781791 0.018116 21 8 7 4
22246 22012 234 4 0.299892 0.270651 0.0292415 18 10 17 10
22280 22009 271 23 0.299944 0.265313 0.0346303 25 4 24 4
22853 22691 162 24 0.299834 0.279024 0.0208092 21 8 21 8
23267 22156 1111 25 0.399785 0.176736 0.223049 23 6 22 6
23342 22915 427 20 0.699854 0.641896 0.0579583 23 6 14 2
23397 23102 295 18 0.599902 0.560386 0.0395168 21 8 18 8
23446 23314 132 11 0.399943 0.380109 0.0198342 23 6 22 6
24013 23925 88 13 0.699896 0.68884 0.0110558 25 4 16 4
24322 24035 287 9 0.299966 0.262943 0.0370238 19 10 18 9
24332 24056 276 17 0.599896 0.555553 0.0443431 16 13 15 13
24360 24188 172 29 0.799916 0.771603 0.0283134 18 11 9 5
24601 24415 186 21 0.299957 0.279069 0.0208888 20 9 20 9
24842 24575 267 26 0.399903 0.360278 0.0396252 19 10 18 10
25326 23922 1404 27 0.299968 0.0715283 0.22844 25 4 24 4
25794 25484 310 15 0.699953 0.662345 0.0376074 25 4 10 4
26003 25656 347 20 0.899911 0.852705 0.0472056 24 5 9 1
26004 25831 173 14 0.299808 0.274588 0.0252207 20 9 19 9
26107 24464 1643 22 0.699946 0.413798 0.286148 24 5 11 5
26455 26297 158 8 0.29991 0.28223 0.0176798 12 17 10 14
26483 26094 389 12 0.399989 0.349962 0.0500269 17 12 15 12
26508 26227 281 6 0.699964 0.662184 0.0377798 20 9 12 8
26765 26673 92 3 0.499887 0.487324 0.0125631 26 3 21 2
26957 26626 331 16 0.299922 0.257023 0.0428986 19 10 15 9
27689 27544 145 19 0.59989 0.581485 0.0184045 22 7 15 2
27714 27632 82 10 0.299999 0.287873 0.0121263 16 13 13 12
27933 27574 359 4 0.699976 0.650605 0.0493703 18 11 10 5
28451 28142 309 28 0.599956 0.557585 0.0423705 20 9 14 7
28525 28125 400 2 0.29982 0.242058 0.0577617 18 11 16 10
28777 28388 389 7 0.299988 0.251031 0.0489567 18 11 16 10
28831 28313 518 5 0.499922 0.430482 0.0694401 23 6 19 5
29658 29603 55 1 0.29995 0.291454 0.00849588 18 11 17 10
29691 29021 670 18 0.499936 0.404265 0.0956713 19 10 16 10
29862 29574 288 0 0.299972 0.260906 0.0390663 19 10 18 9
29992 29752 240 24 0.499983 0.468223 0.0317602 20 9 18 8
