859 622 237 19 0.899895 0.86782 0.0320748 8 0 8 0
1800 1425 375 29 0.799961 0.750845 0.0491165 14 0 14 0
2320 2248 72 18 0.699962 0.691554 0.0084076 24 1 24 1
2365 2250 115 17 0.699895 0.685238 0.0146574 24 3 23 2
2424 2298 126 16 0.699985 0.683379 0.0166062 19 2 19 2
2446 2200 246 7 0.699932 0.669311 0.0306218 24 0 24 0
2465 2215 250 24 0.699941 0.668836 0.0311052 21 0 21 0
2519 2150 369 27 0.69996 0.653868 0.0460923 24 1 24 1
3017 2934 83 14 0.599899 0.587745 0.0121543 20 5 20 5
3051 2902 149 9 0.599952 0.582687 0.017265 20 0 20 0
3079 2957 122 20 0.599818 0.582221 0.0175971 17 5 17 4
3090 2956 134 5 0.599973 0.583547 0.0164263 16 4 16 4
3124 2953 171 4 0.599996 0.574304 0.0256916 21 0 21 0
3126 2867 259 22 0.599946 0.567999 0.031947 24 4 23 3
3184 2868 316 12 0.599916 0.560108 0.0398078 23 1 23 1
3224 3026 198 15 0.599982 0.57143 0.0285521 23 4 23 4
3224 2875 349 25 0.599901 0.550659 0.0492425 20 1 20 1
3250 2960 290 1 0.599896 0.560929 0.0389672 21 2 21 2
3268 2966 302 0 0.599913 0.563799 0.0361136 25 2 25 2
3287 2977 310 3 0.599937 0.556704 0.0432329 14 5 14 5
3334 2967 367 28 0.599958 0.548256 0.0517016 25 1 25 1
3367 3166 201 6 0.599976 0.571689 0.0282868 23 3 23 3
3884 2983 901 10 0.599963 0.454467 0.145496 23 1 23 1
4421 3660 761 23 0.499962 0.374142 0.12582 15 9 15 9
4844 3600 1244 11 0.499801 0.30992 0.189881 13 14 13 14
5000 4557 443 26 0.39989 0.343799 0.0560909 14 8 14 8
5430 3619 1811 21 0.499893 0.215772 0.28412 24 2 24 2
5502 5407 95 19 0.499791 0.486729 0.0130616 12 13 11 13
5630 4418 1212 8 0.399935 0.200987 0.198948 13 15 13 15
5666 4624 1042 2 0.399899 0.247811 0.152088 12 15 12 15
5826 5442 384 13 0.299899 0.250089 0.0498097 22 5 22 5
6154 6099 55 24 0.699828 0.69051 0.00931792 19 6 9 6
6339 6203 136 7 0.699984 0.683513 0.0164717 20 7 14 7
7033 6691 342 28 0.799964 0.754936 0.0450273 24 5 14 5
7202 7149 53 29 0.483871 0.475193 0.00867801 17 3 10 3
7253 7015 238 14 0.699971 0.665204 0.0347673 24 3 14 1
7681 7369 312 12 0.699953 0.661006 0.0389471 20 6 15 6
7785 7504 281 17 0.499948 0.462849 0.0370985 22 7 19 7
7803 7532 271 18 0.499903 0.462977 0.0369258 23 5 15 5
7829 7417 412 1 0.699942 0.641108 0.058834 23 3 16 3
8178 7955 223 4 0.599943 0.569224 0.0307197 25 4 19 4
8551 8247 304 6 0.599941 0.56144 0.0385006 20 9 17 7
8650 8291 359 16 0.399984 0.353134 0.04685 23 6 21 6
9003 8763 240 25 0.499942 0.468274 0.0316679 20 7 15 7
9012 8846 166 22 0.499945 0.478489 0.0214559 24 6 21 5
9458 9384 74 27 0.299965 0.289245 0.0107202 17 12 16 11
9620 9202 418 26 0.799907 0.739973 0.0599338 23 5 16 3
10022 9662 360 0 0.399948 0.352075 0.0478728 24 5 24 5
10338 10061 277 9 0.299975 0.263247 0.0367279 22 7 21 7
10457 10097 360 20 0.299825 0.250772 0.0490532 23 6 23 4
10481 10395 86 15 0.299804 0.284017 0.015787 23 6 20 5
10717 10532 185 3 0.299961 0.274986 0.024975 23 6 22 6
10755 10394 361 8 0.79991 0.755033 0.0448767 18 10 14 6
10873 10447 426 24 0.599983 0.540602 0.0593814 23 6 21 5
11116 10162 954 5 0.299964 0.115285 0.184679 19 10 18 10
11153 10773 380 11 0.599898 0.547966 0.0519315 20 9 17 6
11526 11228 298 12 0.699994 0.65878 0.0412141 20 9 14 7
11835 11402 433 19 0.495641 0.425839 0.0698022 21 8 19 8
11876 11758 118 21 0.599941 0.583416 0.0165246 22 6 17 6
11893 11582 311 10 0.299923 0.259904 0.040019 24 3 24 3
11898 11726 172 14 0.599979 0.576394 0.0235852 18 10 16 10
11951 11722 229 29 0.699918 0.66501 0.034908 24 5 17 5
12155 11813 342 23 0.399886 0.35538 0.044506 22 7 21 6
12330 12136 194 7 0.399857 0.375302 0.0245553 18 11 18 11
12428 12083 345 28 0.499897 0.456279 0.0436177 22 7 18 7
12604 12046 558 13 0.599897 0.5041 0.095797 21 8 18 7
13263 13210 53 18 0.599895 0.591787 0.00810833 19 10 12 8
13455 12726 729 6 0.699941 0.616177 0.0837642 20 9 14 8
13495 13260 235 2 0.39994 0.371984 0.0279561 22 7 19 7
13746 13118 628 17 0.599982 0.516271 0.0837118 15 14 12 14
14578 14507 71 16 0.599955 0.590691 0.00926389 19 10 14 10
15167 14752 415 22 0.499992 0.443888 0.0561047 21 10 15 8
15410 15095 315 1 0.299951 0.258245 0.0417062 21 7 17 7
15503 15145 358 25 0.499908 0.452378 0.0475295 27 2 21 2
15697 15405 292 26 0.399982 0.363728 0.0362535 21 8 19 7
15829 15460 369 4 0.299919 0.251585 0.0483343 22 7 21 6
15862 15809 53 0 0.599841 0.592113 0.007728 22 7 18 6
16074 15896 178 21 0.69992 0.676558 0.0233617 23 6 18 5
16414 16237 177 12 0.599936 0.578432 0.0215042 25 4 22 1
16445 16345 100 9 0.599867 0.586367 0.0134994 27 2 20 2
16475 16387 88 27 0.499981 0.48886 0.0111205 24 5 22 4
16671 16478 193 8 0.399923 0.374579 0.0253444 24 5 21 5
17068 16721 347 24 0.499912 0.448292 0.0516199 24 5 21 3
17292 17170 122 29 0.499964 0.484 0.0159634 23 6 19 6
17913 17642 271 14 0.49993 0.465647 0.0342823 22 7 19 6
18061 17843 218 13 0.599957 0.570969 0.0289881 21 8 21 8
18064 17989 75 7 0.599981 0.587224 0.0127571 18 11 15 9
18289 17974 315 10 0.599942 0.559519 0.0404235 23 6 19 6
18465 18395 70 11 0.299902 0.288844 0.0110587 20 9 17 8
18471 18154 317 15 0.399933 0.361029 0.0389041 18 11 17 10
18713 18595 118 23 0.499996 0.482391 0.0176045 22 7 20 5
18751 18688 63 5 0.49996 0.489313 0.010647 17 12 16 8
18873 18818 55 19 0.399972 0.391273 0.00869958 22 7 20 6
19309 18977 332 20 0.299952 0.256233 0.0437191 21 8 21 8
19353 19180 173 3 0.299992 0.278069 0.0219235 25 4 23 4
19543 19295 248 16 0.59992 0.565948 0.0339717 19 10 17 9
19653 19463 190 18 0.399918 0.376074 0.0238437 20 9 19 9
19865 19645 220 17 0.499932 0.472679 0.027253 21 8 18 6
20109 20043 66 28 0.299975 0.29065 0.0093243 18 11 17 11
20217 19878 339 2 0.49993 0.459477 0.0404529 20 9 20 9
20958 20519 439 6 0.29992 0.247795 0.0521251 19 10 18 10
21578 21335 243 22 0.499945 0.466812 0.0331338 22 9 15 7
21602 21367 235 21 0.499965 0.470802 0.0291631 20 9 20 9
21635 21528 107 26 0.599991 0.585445 0.0145461 23 6 18 4
21672 21326 346 9 0.599967 0.553724 0.0462423 25 4 13 4
21922 21662 260 25 0.499906 0.464891 0.0350148 23 6 18 5
22052 21731 321 14 0.799972 0.760036 0.0399362 23 6 11 2
22288 22162 126 4 0.599793 0.579173 0.0206206 18 11 15 11
22495 22323 172 8 0.599996 0.575495 0.0245011 20 9 16 8
22586 22457 129 10 0.69992 0.681965 0.0179551 24 5 16 5
23247 22874 373 0 0.29991 0.251868 0.0480418 21 8 20 8
23300 23247 53 29 0.499914 0.493225 0.00668854 21 8 16 6
23341 23169 172 24 0.499983 0.477159 0.0228248 20 9 16 9
23942 23694 248 7 0.499999 0.468953 0.0310465 23 6 22 5
23996 23579 417 12 0.299859 0.244819 0.0550409 24 5 22 5
24121 24023 98 23 0.599943 0.58657 0.013373 17 12 16 10
24228 23910 318 1 0.299893 0.246053 0.0538403 21 8 20 8
24241 23678 563 11 0.699956 0.621677 0.0782785 22 7 17 6
24286 24007 279 27 0.299969 0.262184 0.0377852 21 8 19 7
25110 24829 281 2 0.699904 0.667204 0.0326999 20 9 12 7
25563 25188 375 13 0.299908 0.249738 0.0501699 24 5 22 5
25580 25500 80 20 0.599875 0.586878 0.0129975 18 11 17 8
25778 25242 536 19 0.499897 0.42978 0.0701167 20 9 19 7
26257 24902 1355 15 0.499955 0.297137 0.202818 23 6 22 4
26278 26097 181 3 0.499989 0.474126 0.0258627 26 3 23 3
27029 26726 303 18 0.399926 0.362065 0.0378616 18 11 18 10
27210 26820 390 28 0.499975 0.45108 0.048895 24 5 21 4
27315 26989 326 16 0.299894 0.262417 0.0374772 25 4 24 4
27419 27062 357 4 0.599937 0.554779 0.0451582 22 7 16 5
27534 26639 895 9 0.599913 0.458281 0.141633 17 12 16 11
27851 27553 298 17 0.299916 0.261989 0.0379274 19 10 18 9
28038 27985 53 6 0.499924 0.493292 0.00663228 21 8 17 7
28761 28477 284 22 0.399952 0.365656 0.0342956 20 11 18 10
28893 28514 379 24 0.599912 0.552665 0.0472469 21 8 16 7
29047 28474 573 14 0.299996 0.22145 0.0785452 26 3 24 2
29183 28708 475 26 0.299996 0.237156 0.0628401 20 9 17 9
29336 29120 216 21 0.299907 0.268801 0.0311053 16 13 15 10
29492 29122 370 10 0.299936 0.252854 0.0470812 20 9 19 9
29951 29685 266 25 0.299976 0.262971 0.0370047 19 10 19 10
29960 29660 300 11 0.499901 0.45739 0.0425106 24 5 19 4
