758 685 73 6 0.899836 0.888639 0.0111965 9 0 9 0
883 703 180 2 0.899891 0.873695 0.0261961 14 1 14 1
914 688 226 14 0.899982 0.871023 0.028959 8 0 8 0
935 723 212 0 0.899984 0.867819 0.0321642 8 1 8 1
958 769 189 26 0.899976 0.875141 0.0248352 9 1 8 0
1510 1293 217 8 0.799908 0.769992 0.0299166 15 0 15 0
1548 1456 92 19 0.799968 0.786659 0.0133088 17 1 17 1
2278 2084 194 5 0.699925 0.675777 0.024148 19 4 18 3
2309 2111 198 1 0.699968 0.675001 0.0249662 22 3 22 3
2333 2280 53 15 0.681459 0.673565 0.00789329 20 1 20 1
2348 2257 91 9 0.699981 0.685337 0.0146444 19 4 19 4
2403 2137 266 18 0.699921 0.667747 0.0321739 22 1 22 1
2465 2147 318 23 0.699966 0.660633 0.0393335 24 1 24 1
2496 2230 266 13 0.699933 0.663134 0.0367989 18 4 18 4
2992 2818 174 16 0.599947 0.577414 0.0225324 19 3 19 3
3042 2932 110 24 0.599856 0.585948 0.0139086 25 4 24 3
3056 2880 176 29 0.59993 0.579714 0.0202158 22 2 22 2
3104 3010 94 3 0.599952 0.586374 0.0135776 20 3 20 3
3148 2936 212 25 0.59989 0.571085 0.0288051 22 3 22 3
3231 2974 257 20 0.599988 0.563363 0.0366245 25 1 25 1
3857 3768 89 26 0.699973 0.687122 0.0128502 21 3 21 3
3864 3683 181 11 0.499959 0.476537 0.0234219 19 3 19 3
3882 3719 163 7 0.499971 0.47552 0.0244512 21 6 21 6
3953 3615 338 27 0.499907 0.4566 0.0433074 24 3 24 3
4678 4457 221 4 0.399983 0.372981 0.0270022 23 4 23 4
4686 4576 110 12 0.39998 0.386455 0.0135244 21 4 21 4
4690 4507 183 17 0.399891 0.375407 0.0244839 18 9 18 9
4732 4679 53 8 0.699794 0.689739 0.0100552 22 4 13 4
4776 4426 350 22 0.399944 0.354299 0.0456454 21 5 21 5
4872 3679 1193 10 0.499891 0.272103 0.227788 18 9 18 9
4876 4487 389 14 0.599986 0.550271 0.0497142 18 6 17 6
4984 4565 419 28 0.399993 0.331211 0.0687823 24 3 24 3
5703 5389 314 0 0.49985 0.453099 0.0467507 15 9 15 9
5710 5336 374 21 0.299965 0.249023 0.0509415 19 9 19 9
6121 6046 75 2 0.389041 0.38002 0.009021 20 7 19 7
6547 6468 79 18 0.599987 0.589228 0.0107588 18 7 7 6
6605 6386 219 19 0.499909 0.467507 0.0324025 18 10 16 10
6628 6381 247 3 0.799973 0.765196 0.0347771 20 4 12 2
6684 6281 403 13 0.699947 0.64589 0.0540565 19 7 15 6
6772 6491 281 6 0.299916 0.262593 0.0373234 20 9 18 9
7178 6865 313 15 0.599958 0.559204 0.0407537 20 7 18 7
8143 8056 87 25 0.599977 0.588773 0.0112034 18 10 14 10
8157 7775 382 5 0.499958 0.447687 0.0522715 21 7 17 6
8235 7461 774 9 0.499952 0.397854 0.102098 21 8 18 8
8648 8536 112 29 0.499894 0.485856 0.0140385 23 6 19 6
8739 8641 98 16 0.499995 0.486089 0.0139059 21 8 18 8
9085 9032 53 20 0.499935 0.49224 0.00769553 25 3 21 3
9128 8931 197 1 0.299996 0.272169 0.0278271 23 6 23 6
9380 9278 102 27 0.599906 0.58727 0.0126355 22 6 17 5
9401 9164 237 14 0.699963 0.669495 0.0304681 20 8 15 7
9415 9169 246 26 0.499992 0.468236 0.031756 25 4 23 4
9726 9394 332 24 0.399923 0.359429 0.0404945 23 6 21 6
9920 9867 53 7 0.499883 0.49414 0.00574265 21 8 17 6
9961 9868 93 11 0.499983 0.486327 0.0136564 25 3 21 3
10091 9349 742 23 0.299928 0.194781 0.105147 23 6 20 6
10276 9999 277 28 0.699995 0.66318 0.0368149 22 6 16 6
10483 10396 87 17 0.599899 0.588885 0.011014 18 10 17 9
10587 10510 77 4 0.599944 0.589531 0.0104127 19 8 12 6
10901 10601 300 15 0.799959 0.757945 0.0420141 19 9 9 5
11648 11363 285 8 0.299928 0.264168 0.0357592 20 9 20 8
11768 11380 388 25 0.799902 0.748188 0.051714 21 7 15 2
11890 11073 817 0 0.599978 0.505077 0.094901 20 7 19 4
11963 11723 240 10 0.499926 0.470126 0.0298 17 11 14 7
12197 11846 351 12 0.399969 0.35581 0.0441584 24 5 24 5
12308 11987 321 13 0.499998 0.458823 0.0411752 21 7 18 6
12362 12059 303 22 0.399992 0.362369 0.0376235 17 12 17 11
12385 12051 334 18 0.499904 0.458002 0.0419024 21 8 19 7
12419 11999 420 21 0.599976 0.545392 0.0545837 20 9 16 8
12500 12323 177 3 0.399963 0.372315 0.027648 24 5 19 4
13652 13438 214 2 0.399959 0.367983 0.0319751 19 10 17 10
13712 13429 283 19 0.399904 0.363599 0.0363058 18 11 17 11
13922 13869 53 26 0.6999 0.693625 0.00627467 20 9 13 8
14223 13687 536 6 0.499897 0.421685 0.0782121 16 13 15 12
14316 13943 373 16 0.599966 0.551455 0.0485108 22 7 17 4
14408 14327 81 11 0.69976 0.689047 0.0107134 21 8 15 7
14482 14298 184 7 0.699899 0.679749 0.0201502 21 8 15 5
14941 14175 766 15 0.69994 0.587431 0.112509 20 9 15 8
15120 13911 1209 14 0.599894 0.415171 0.184724 21 8 19 8
15270 14892 378 20 0.499981 0.445394 0.0545866 19 10 14 9
15286 14934 352 27 0.499915 0.450337 0.0495781 23 6 21 6
15597 15528 69 5 0.299831 0.288999 0.0108312 15 14 15 13
15647 15380 267 29 0.399919 0.368078 0.0318414 24 5 24 5
15859 15582 277 24 0.599991 0.566948 0.0330427 22 7 18 7
16433 16215 218 18 0.799945 0.772364 0.0275812 25 4 9 1
16525 16202 323 4 0.499912 0.46005 0.0398616 22 7 20 7
16545 16192 353 9 0.299775 0.257091 0.0426838 26 3 21 3
16603 16434 169 28 0.399915 0.376259 0.0236553 23 6 22 6
17050 16728 322 17 0.399889 0.357481 0.0424077 17 12 16 10
17368 17205 163 12 0.699971 0.67838 0.021592 20 9 15 9
17617 17560 57 10 0.571482 0.565037 0.00644497 17 11 13 7
17754 17430 324 7 0.799971 0.752077 0.0478931 22 7 14 6
17914 17861 53 8 0.599952 0.591397 0.00855528 20 9 15 5
17948 17706 242 1 0.299931 0.269406 0.0305246 20 9 19 7
18578 18424 154 25 0.299933 0.280615 0.0193176 20 9 20 9
18644 18296 348 21 0.49994 0.458145 0.0417946 26 3 23 2
18695 18316 379 26 0.599988 0.553349 0.0466388 23 6 20 4
18897 18510 387 19 0.699981 0.648378 0.0516035 20 9 13 5
18901 18674 227 11 0.599906 0.569694 0.0302116 22 7 17 6
19114 18762 352 23 0.299934 0.25129 0.0486441 15 14 15 13
19383 19303 80 0 0.299936 0.289991 0.00994451 18 11 17 11
19972 19617 355 14 0.69976 0.651927 0.0478327 20 9 13 6
20040 19676 364 3 0.399896 0.350001 0.0498952 23 6 23 6
20069 18582 1487 2 0.699947 0.450599 0.249347 22 7 16 5
20292 20062 230 13 0.299993 0.270982 0.0290108 24 5 22 4
20909 20178 731 22 0.299896 0.19118 0.108716 19 10 18 10
21379 21018 361 16 0.399809 0.354504 0.0453051 18 11 17 9
21455 20522 933 15 0.499938 0.374219 0.12572 23 6 20 2
21625 21217 408 6 0.399812 0.343412 0.0563994 23 6 21 6
22024 21661 363 27 0.499948 0.454721 0.0452264 22 7 19 7
22405 22032 373 20 0.399984 0.352266 0.0477185 21 8 18 6
22527 22472 55 1 0.799994 0.791949 0.00804529 23 6 17 5
22625 22464 161 12 0.4999 0.474812 0.0250881 19 10 18 9
22679 22234 445 24 0.39999 0.324028 0.0759623 20 9 19 9
22776 22673 103 18 0.299978 0.286468 0.0135099 21 8 17 8
22856 22475 381 5 0.499999 0.447316 0.0526822 23 6 22 4
23887 23478 409 29 0.29995 0.247987 0.0519628 17 12 16 12
24351 24090 261 4 0.299817 0.267004 0.0328134 20 9 20 9
24356 24187 169 17 0.399924 0.376449 0.0234747 23 6 22 3
24364 24010 354 8 0.399934 0.355528 0.0444058 24 5 21 3
24478 23985 493 10 0.399922 0.334713 0.0652089 23 6 19 4
24725 24627 98 25 0.59993 0.583705 0.0162248 22 7 19 4
24929 24553 376 28 0.299948 0.253639 0.0463085 22 7 21 5
24978 24212 766 7 0.299947 0.202982 0.0969655 25 4 24 4
25230 25127 103 26 0.399952 0.386774 0.0131778 21 8 21 7
25239 25037 202 9 0.29995 0.271973 0.0279767 21 8 19 8
25741 25506 235 21 0.39989 0.364738 0.0351525 18 11 18 11
26103 25657 446 19 0.299833 0.245714 0.0541188 23 6 21 6
26136 26051 85 0 0.499902 0.487708 0.0121934 18 11 17 8
26143 25927 216 6 0.799894 0.768298 0.0315956 22 7 12 4
26684 26288 396 11 0.299883 0.244258 0.0556248 25 4 23 3
27117 26496 621 1 0.599949 0.504133 0.0958161 19 10 14 9
27153 26852 301 14 0.299799 0.259807 0.0399912 16 13 16 12
27617 26137 1480 2 0.499945 0.220401 0.279543 22 7 20 5
27725 27659 66 23 0.299913 0.291899 0.00801408 15 14 15 13
28441 28177 264 3 0.299924 0.266099 0.0338255 19 10 19 10
28493 28035 458 13 0.399924 0.331345 0.0685787 23 6 22 6
29098 28014 1084 20 0.599908 0.427503 0.172405 22 7 15 5
29237 28770 467 16 0.399845 0.336136 0.0637082 18 11 15 9
29251 28853 398 22 0.399999 0.347902 0.052097 19 10 18 9
29384 28272 1112 27 0.499899 0.271918 0.227981 21 8 14 8
29794 29423 371 15 0.299812 0.252353 0.0474594 23 6 21 6
29798 29594 204 18 0.499769 0.472699 0.0270696 19 10 16 10
29882 29587 295 4 0.6999 0.658566 0.0413347 20 9 15 7
29978 29849 129 21 0.79995 0.780986 0.0189648 20 9 15 4
