1490 1406 84 27 0.799912 0.787839 0.0120733 20 2 19 1
1510 1433 77 16 0.799959 0.790849 0.0091093 16 0 16 0
1556 1491 65 26 0.799982 0.790769 0.009213 22 1 22 1
1625 1424 201 4 0.799952 0.774389 0.0255635 15 0 15 0
1688 1441 247 22 0.799963 0.769266 0.0306975 19 2 19 2
1700 1383 317 9 0.799934 0.760426 0.039508 16 3 15 2
2244 2125 119 12 0.699974 0.684575 0.0153997 19 0 19 0
2300 2228 72 10 0.699829 0.690211 0.00961813 15 2 15 2
2300 2085 215 14 0.699933 0.671663 0.0282694 21 0 21 0
2329 2176 153 7 0.699933 0.679534 0.0203991 24 0 24 0
2499 2220 279 23 0.699903 0.666616 0.0332873 20 1 20 1
3040 2972 68 13 0.59998 0.589854 0.0101264 20 9 19 8
3210 2977 233 15 0.599899 0.56822 0.0316792 22 2 22 2
3329 3017 312 18 0.599926 0.562478 0.0374487 26 2 26 2
3343 2858 485 6 0.599996 0.53122 0.0687756 23 0 23 0
4009 3726 283 28 0.499985 0.464746 0.0352387 26 1 26 1
4048 3694 354 11 0.499946 0.449207 0.0507393 16 5 16 5
4091 3800 291 21 0.499918 0.464578 0.0353394 21 6 21 6
4494 4270 224 12 0.899946 0.872449 0.0274966 21 1 8 1
4562 4448 114 29 0.399949 0.385578 0.0143709 27 2 26 1
4639 4488 151 24 0.399939 0.379747 0.0201913 26 2 26 2
4674 4327 347 25 0.399973 0.355414 0.0445585 22 3 22 3
4686 4328 358 19 0.399876 0.355027 0.0448489 19 8 20 10
4712 4559 153 17 0.399909 0.38187 0.018039 20 5 20 5
4716 4373 343 5 0.399765 0.35662 0.0431446 23 5 23 5
4774 4575 199 1 0.399991 0.366621 0.0333703 23 6 23 6
4780 4450 330 20 0.399904 0.358606 0.041298 26 3 26 3
4791 4622 169 8 0.399949 0.373334 0.026615 22 6 22 6
4958 4544 414 3 0.399768 0.34497 0.0547975 23 5 23 5
5435 5325 110 2 0.299898 0.286058 0.0138408 21 7 21 7
5555 5442 113 26 0.599937 0.584127 0.0158103 20 8 14 7
5573 5231 342 0 0.299966 0.257099 0.0428668 20 8 20 8
6155 5632 523 4 0.599917 0.537065 0.0628517 17 8 16 8
6331 5829 502 9 0.599945 0.538571 0.0613736 21 6 18 6
7496 7271 225 10 0.499998 0.470212 0.0297863 23 5 18 5
7623 7483 140 14 0.499962 0.478816 0.021146 15 12 12 12
7624 7464 160 7 0.499922 0.476824 0.0230977 17 11 14 11
7761 7409 352 15 0.699894 0.65652 0.0433737 21 7 10 6
7848 7791 57 16 0.299949 0.292144 0.00780476 15 13 15 13
8073 7768 305 27 0.299986 0.261874 0.0381113 20 8 18 8
8170 7864 306 23 0.499976 0.461598 0.0383777 18 10 14 10
8393 7916 477 22 0.299944 0.235082 0.0648618 17 12 16 12
8613 8357 256 12 0.599983 0.563912 0.0360705 17 8 8 7
8786 8723 63 13 0.499931 0.492356 0.00757442 23 9 18 6
9506 9388 118 24 0.699926 0.68537 0.0145556 21 8 16 8
9587 9206 381 3 0.799972 0.748271 0.0517014 21 7 12 5
9678 9625 53 19 0.69988 0.693202 0.00667774 18 11 16 7
10348 9969 379 6 0.399761 0.347032 0.0527288 23 6 21 6
10416 10140 276 28 0.499971 0.464691 0.0352803 19 9 14 9
10504 10359 145 17 0.599899 0.581866 0.0180323 24 4 19 3
10506 10372 134 8 0.599952 0.57974 0.0202117 21 8 19 7
10643 10222 421 11 0.49999 0.4472 0.0527897 23 4 16 1
10643 10479 164 25 0.599919 0.578153 0.0217661 24 4 19 3
10727 10373 354 18 0.299974 0.254739 0.0452354 25 4 22 4
11171 10873 298 0 0.699851 0.659153 0.0406981 20 9 17 5
11311 10985 326 29 0.49993 0.452072 0.047858 19 9 18 9
11946 11717 229 15 0.699949 0.671133 0.0288161 20 9 14 7
11984 11896 88 26 0.399937 0.385996 0.0139407 19 11 18 10
11997 11890 107 4 0.499923 0.482667 0.0172568 22 7 21 6
12155 11784 371 21 0.29999 0.250657 0.0493329 15 14 15 13
12424 12174 250 7 0.699918 0.6672 0.0327182 24 5 21 1
12596 12340 256 24 0.799985 0.766678 0.0333069 26 3 14 1
12921 12703 218 1 0.299877 0.27061 0.0292663 20 9 20 9
12922 12123 799 9 0.499972 0.39349 0.106482 26 3 24 3
12977 12654 323 5 0.299949 0.258702 0.0412461 23 6 21 6
13018 12764 254 20 0.299938 0.270772 0.0291661 18 11 15 11
13528 13213 315 13 0.699879 0.653439 0.0464407 24 7 12 5
14020 13820 200 2 0.299879 0.269633 0.0302458 19 10 17 10
14236 14144 92 27 0.599984 0.587269 0.012715 21 8 10 5
14482 13964 518 19 0.599993 0.53611 0.0638828 20 9 17 8
14759 14546 213 3 0.499906 0.47164 0.0282658 20 9 15 8
14831 14280 551 12 0.499903 0.405726 0.0941765 25 4 21 4
14851 13932 919 22 0.699963 0.569451 0.130513 19 10 16 6
15188 14929 259 0 0.699958 0.667614 0.0323439 21 8 14 6
15376 15118 258 10 0.299923 0.267571 0.0323518 18 11 17 11
15607 14198 1409 23 0.499778 0.226204 0.273575 15 14 14 14
15803 15339 464 14 0.299961 0.238345 0.0616162 18 11 18 10
16305 16152 153 16 0.299937 0.27946 0.0204779 23 6 22 6
16477 16290 187 25 0.499909 0.472127 0.0277815 24 5 21 4
16694 16190 504 15 0.599986 0.545698 0.054288 19 10 11 7
16737 16400 337 28 0.499954 0.45573 0.0442241 19 10 15 4
17211 16978 233 8 0.399932 0.370915 0.0290172 26 3 26 3
17649 17590 59 7 0.49981 0.488652 0.0111578 18 11 15 10
17708 17301 407 4 0.59994 0.545422 0.0545179 20 9 16 7
17799 17588 211 17 0.299974 0.271719 0.0282547 23 6 23 6
18212 18137 75 0 0.799976 0.786603 0.0133724 21 8 13 5
18378 18303 75 29 0.399916 0.387169 0.0127469 21 8 20 6
18420 18314 106 9 0.599996 0.584049 0.0159466 16 13 12 11
18422 18014 408 13 0.59998 0.545962 0.0540181 25 6 18 4
18455 18150 305 24 0.399926 0.355816 0.0441105 25 4 22 4
18466 18413 53 1 0.699987 0.692136 0.00785057 20 9 13 9
18618 18432 186 5 0.699965 0.677026 0.0229393 23 6 17 5
18817 18547 270 11 0.29993 0.263277 0.0366528 17 11 17 11
18853 18478 375 6 0.299976 0.242019 0.0579569 21 8 19 8
19219 19024 195 27 0.599909 0.577065 0.0228438 22 7 16 4
19488 19145 343 26 0.399927 0.354233 0.045694 21 8 17 8
19509 19133 376 18 0.299988 0.246185 0.0538026 18 11 17 11
19892 19559 333 12 0.699938 0.659355 0.0405825 20 9 14 9
20147 19939 208 21 0.399958 0.37092 0.0290381 25 4 22 2
20523 20204 319 2 0.599923 0.562991 0.0369324 19 10 16 9
20852 20782 70 20 0.399789 0.389776 0.0100124 18 11 18 10
21402 21142 260 22 0.399926 0.365997 0.0339288 20 9 16 5
21435 21150 285 19 0.39981 0.36244 0.0373703 25 4 22 4
21841 21557 284 10 0.599944 0.56357 0.0363741 22 7 18 7
22284 22213 71 14 0.580604 0.567569 0.0130352 20 9 17 7
22421 22271 150 3 0.299774 0.278862 0.0209117 23 6 19 4
22551 22108 443 12 0.899991 0.841041 0.0589505 20 9 7 1
22607 22324 283 16 0.599998 0.559258 0.0407403 23 6 15 5
22683 22158 525 8 0.699921 0.631529 0.0683921 24 5 19 5
22758 22567 191 23 0.5 0.471154 0.0288452 19 10 18 8
22841 22756 85 4 0.599973 0.588172 0.011801 21 8 13 6
22909 21938 971 25 0.599897 0.450925 0.148972 19 10 12 9
22972 22879 93 1 0.599766 0.586434 0.013332 16 13 16 13
23101 22882 219 28 0.499969 0.473343 0.0266257 19 10 16 6
23216 23073 143 0 0.499976 0.477509 0.0224667 26 3 22 2
23395 23323 72 13 0.599941 0.588257 0.0116844 15 16 12 15
23432 23161 271 29 0.699963 0.659571 0.040392 23 6 15 5
24099 23882 217 5 0.499973 0.472318 0.0276551 25 4 21 2
24237 23970 267 15 0.299986 0.26727 0.0327159 19 10 17 10
24239 23711 528 7 0.499793 0.427977 0.0718163 23 6 20 4
24272 24091 181 27 0.599938 0.576374 0.0235637 13 16 10 14
24975 24756 219 2 0.699915 0.672327 0.027588 22 7 15 3
25526 25094 432 6 0.599935 0.542796 0.0571385 22 7 16 4
25875 25671 204 11 0.499922 0.471776 0.0281464 20 9 18 9
25880 25562 318 12 0.699901 0.653807 0.0460941 20 9 12 3
26004 24805 1199 9 0.399806 0.18603 0.213776 19 10 16 8
26185 26100 85 26 0.499934 0.490046 0.00988852 24 5 19 4
26507 26117 390 17 0.299914 0.245087 0.054827 19 10 19 9
26628 26397 231 29 0.79994 0.768651 0.0312894 24 5 13 3
26642 26399 243 24 0.299893 0.268333 0.0315597 25 4 22 4
27053 26643 410 8 0.699972 0.643241 0.0567313 21 8 16 6
27495 27185 310 18 0.399979 0.35869 0.0412891 24 5 22 4
28021 27755 266 25 0.7 0.668605 0.0313943 21 8 14 4
28301 28227 74 20 0.399889 0.387704 0.0121853 22 7 17 2
28543 27386 1157 13 0.699944 0.517175 0.182769 20 11 16 6
28599 28518 81 3 0.599981 0.587431 0.0125496 24 5 19 4
28610 28178 432 21 0.299978 0.242932 0.057046 27 2 27 2
28797 27921 876 22 0.499952 0.396606 0.103346 23 6 23 5
29036 27621 1415 10 0.499951 0.299034 0.200918 19 10 18 9
29199 29120 79 4 0.399979 0.390456 0.00952293 22 7 19 5
29201 28772 429 14 0.399771 0.34222 0.0575509 24 5 23 3
29281 29195 86 28 0.499891 0.489306 0.0105859 20 9 15 8
29408 29150 258 19 0.299916 0.263938 0.0359774 21 8 20 8
29451 29302 149 1 0.399767 0.380269 0.0194986 22 7 21 6
29586 29437 149 23 0.39994 0.381003 0.0189374 16 13 15 12
29643 29278 365 0 0.499903 0.452543 0.0473601 25 4 22 4
29845 29543 302 2 0.59991 0.56335 0.0365594 19 10 18 9
