1476 1423 53 4 0.799877 0.793353 0.0065236 15 0 15 0
1514 1461 53 18 0.799838 0.793325 0.00651347 18 0 18 0
1533 1480 53 14 0.799968 0.792336 0.00763231 15 5 14 4
1553 1448 105 10 0.799915 0.785839 0.0140761 22 0 22 0
1604 1363 241 29 0.799884 0.762664 0.0372196 18 1 18 1
1633 1427 206 8 0.799898 0.773148 0.0267496 18 0 18 0
1649 1395 254 15 0.799908 0.762351 0.0375561 18 0 18 0
1691 1414 277 26 0.799975 0.763685 0.0362895 13 1 13 0
2213 2160 53 28 0.69997 0.69274 0.00723062 16 1 15 0
2312 2154 158 19 0.699872 0.675712 0.0241599 19 1 19 0
2346 2291 55 9 0.699975 0.692526 0.00744984 15 6 14 5
2507 2186 321 5 0.699807 0.662526 0.0372817 20 5 19 4
2960 2852 108 27 0.6 0.58735 0.0126501 19 8 18 7
3008 2908 100 22 0.599977 0.587404 0.0125724 18 2 17 1
3210 2935 275 12 0.599984 0.56528 0.0347049 23 5 22 5
3227 2872 355 6 0.599962 0.552006 0.0479559 20 2 20 2
3260 3091 169 3 0.599989 0.576037 0.0239526 19 5 19 5
3302 2905 397 17 0.599996 0.547117 0.0528791 19 2 17 1
3735 3680 55 16 0.499939 0.491137 0.00880188 15 11 15 11
3896 3673 223 2 0.499947 0.473236 0.0267107 19 4 19 4
3902 3767 135 7 0.499984 0.484052 0.0159317 21 5 21 5
3928 3805 123 23 0.499812 0.483902 0.0159107 24 1 24 1
4075 3703 372 24 0.499978 0.452526 0.0474516 20 1 20 1
4125 3784 341 25 0.499924 0.459608 0.0403162 26 2 26 2
4596 4543 53 21 0.399946 0.392174 0.00777236 23 6 23 6
4640 4376 264 9 0.899942 0.867589 0.0323528 19 3 7 1
4724 4432 292 11 0.399942 0.364495 0.0354474 23 4 23 4
5252 4612 640 20 0.399903 0.325835 0.0740682 20 7 19 6
5640 5459 181 13 0.299923 0.277281 0.0226419 15 12 15 12
5652 5264 388 1 0.299911 0.254119 0.0457916 18 8 18 8
5681 5505 176 18 0.599915 0.573263 0.0266527 23 5 17 5
5782 5398 384 0 0.299773 0.249919 0.0498536 21 4 21 4
5890 3817 2073 4 0.799979 0.492013 0.307966 19 2 15 2
7119 7022 97 10 0.399939 0.385817 0.0141219 23 5 21 5
7190 7036 154 14 0.399937 0.380166 0.0197717 21 8 18 8
7503 7312 191 8 0.399915 0.374066 0.0258487 24 4 20 4
7507 7454 53 7 0.799928 0.792318 0.00760933 19 8 10 4
7513 7331 182 15 0.39996 0.374346 0.0256145 24 5 22 5
7520 7224 296 28 0.499892 0.458203 0.0416885 22 6 16 5
8076 7786 290 27 0.599949 0.564176 0.0357724 23 6 19 6
8305 8229 76 6 0.599772 0.586975 0.0127966 25 2 19 2
8318 7960 358 5 0.499903 0.455755 0.0441481 18 12 14 10
8340 8240 100 26 0.299886 0.28495 0.0149357 18 10 17 9
8447 8163 284 29 0.299868 0.25889 0.0409785 27 2 26 1
8510 8285 225 9 0.599986 0.568796 0.0311907 22 5 20 5
8966 8877 89 3 0.499906 0.485703 0.0142035 18 10 13 10
9071 8221 850 19 0.399974 0.272739 0.127235 23 5 18 5
9167 8688 479 22 0.49989 0.43391 0.0659804 22 5 21 5
9758 9492 266 25 0.599882 0.565881 0.0340008 22 7 18 7
9842 9479 363 24 0.599971 0.549701 0.05027 20 7 17 7
10226 9938 288 17 0.399904 0.36239 0.0375134 20 8 18 8
10662 9883 779 16 0.499978 0.380179 0.119799 21 8 18 8
10961 10769 192 23 0.399942 0.36712 0.0328225 21 8 19 8
11661 11227 434 14 0.79991 0.728974 0.0709358 22 7 11 4
11902 10381 1521 12 0.299979 0.0721454 0.227833 19 10 19 10
12050 11638 412 21 0.399979 0.331607 0.068372 22 7 19 7
12287 11627 660 2 0.299952 0.178944 0.121009 23 6 21 5
12344 11981 363 0 0.599936 0.555486 0.04445 23 6 15 5
12704 12387 317 15 0.699955 0.65278 0.0471749 26 3 20 3
12979 12794 185 18 0.299998 0.274337 0.0256604 21 8 20 8
13119 12780 339 1 0.499976 0.456639 0.043337 24 5 19 4
13187 13022 165 6 0.599935 0.574924 0.0250116 25 4 19 4
13245 12845 400 11 0.299941 0.245216 0.0547245 23 5 21 5
13261 13069 192 27 0.599998 0.572642 0.0273566 22 7 17 7
13265 12701 564 10 0.599772 0.523995 0.0757771 23 6 20 5
13725 13417 308 4 0.299827 0.261857 0.0379697 22 6 21 6
13796 13459 337 20 0.299953 0.256074 0.0438782 21 8 20 8
13931 13563 368 7 0.299977 0.251747 0.0482295 21 8 19 8
13963 13804 159 25 0.699919 0.6773 0.0226192 20 9 16 8
14352 13983 369 13 0.29996 0.25113 0.0488295 14 15 11 12
14960 14685 275 29 0.599977 0.560663 0.0393145 22 8 15 7
15402 15176 226 28 0.299953 0.270623 0.0293306 20 9 19 9
15568 15281 287 5 0.399927 0.364222 0.0357053 20 9 20 9
15704 15649 55 9 0.299832 0.291222 0.00861015 18 11 16 11
16237 15974 263 26 0.399986 0.367307 0.0326798 20 9 19 9
16450 14786 1664 8 0.399926 0.116499 0.283428 19 10 17 10
17002 16537 465 3 0.299769 0.231671 0.0680983 25 4 25 4
17049 16540 509 19 0.399927 0.33467 0.0652572 20 9 19 9
17087 17034 53 24 0.299812 0.292219 0.00759267 19 10 17 10
17323 17012 311 22 0.299953 0.264247 0.0357063 21 8 21 8
17488 17235 253 6 0.699926 0.667572 0.0323537 22 7 17 7
17522 17375 147 12 0.799941 0.777462 0.0224785 19 10 15 5
17661 17483 178 23 0.499932 0.475259 0.0246729 18 11 16 10
17786 17522 264 14 0.399927 0.360935 0.0389916 24 5 23 4
18060 17842 218 2 0.69999 0.672629 0.0273607 19 10 14 10
18281 18069 212 15 0.499911 0.475213 0.0246975 24 5 18 5
18624 18302 322 4 0.799937 0.754798 0.0451384 22 7 10 3
18631 18289 342 17 0.299915 0.249421 0.0504933 17 12 17 12
18723 18341 382 25 0.599998 0.547258 0.05274 19 10 17 10
18751 18571 180 16 0.299985 0.276209 0.0237765 17 12 17 12
18802 18680 122 21 0.499836 0.482539 0.0172967 18 11 15 11
19280 19102 178 18 0.599919 0.575811 0.0241074 18 11 13 11
19346 19293 53 1 0.499857 0.491679 0.00817768 17 12 12 11
19632 18907 725 0 0.399979 0.291204 0.108775 19 10 17 10
19974 19755 219 13 0.699942 0.673094 0.0268481 18 11 15 6
19993 19894 99 10 0.399888 0.384261 0.0156271 14 15 12 15
20187 19954 233 29 0.599994 0.569149 0.0308447 21 8 14 6
20558 19390 1168 7 0.699955 0.565315 0.13464 22 7 15 5
20703 20583 120 5 0.699959 0.681513 0.0184457 20 9 12 9
20897 20498 399 27 0.299833 0.246399 0.0534344 20 9 20 9
21207 20780 427 20 0.49992 0.445932 0.0539872 19 10 14 7
21321 21035 286 2 0.799937 0.765799 0.0341384 22 7 11 4
22075 21764 311 9 0.599908 0.557763 0.0421447 21 8 13 5
22226 21784 442 11 0.299888 0.243295 0.0565926 19 10 18 9
22401 22040 361 26 0.599804 0.551999 0.0478047 18 11 15 8
22685 22387 298 28 0.499951 0.464298 0.0356538 21 8 18 6
22701 22648 53 14 0.699914 0.691893 0.00802041 20 9 4 5
23180 22894 286 19 0.599933 0.564832 0.0351018 26 3 22 3
23294 22845 449 6 0.499914 0.437187 0.0627269 24 5 22 5
23411 23159 252 8 0.599895 0.566717 0.0331775 27 2 21 1
23689 23246 443 12 0.399934 0.34773 0.0522038 18 11 16 11
23986 23459 527 18 0.69991 0.633606 0.0663039 21 8 11 5
24332 24212 120 13 0.599911 0.58426 0.0156517 21 8 17 6
24453 24135 318 3 0.49995 0.455467 0.0444832 21 8 19 8
24518 24242 276 5 0.699982 0.666942 0.0330392 21 8 14 6
24642 24522 120 1 0.599996 0.582162 0.0178341 19 10 16 7
24741 24418 323 15 0.499961 0.461021 0.0389396 19 10 12 8
24923 24611 312 2 0.699988 0.659145 0.0408429 26 3 16 2
24983 24820 163 24 0.399842 0.374418 0.025424 20 9 17 9
25061 24886 175 21 0.499928 0.475988 0.0239401 18 11 16 11
25509 25275 234 23 0.299973 0.270604 0.0293694 23 6 22 6
25573 25164 409 4 0.299961 0.246552 0.0534094 22 7 21 7
25628 24850 778 10 0.699962 0.604658 0.0953039 17 12 15 9
25649 25565 84 22 0.299978 0.288455 0.0115233 20 9 18 8
25864 25624 240 17 0.499983 0.468469 0.0315135 18 11 17 8
26345 25943 402 25 0.299963 0.247904 0.0520594 20 9 19 9
26375 25522 853 16 0.499927 0.346162 0.153765 23 6 19 6
26521 26288 233 7 0.49991 0.470759 0.0291514 24 5 22 5
26601 26348 253 14 0.699962 0.669598 0.0303634 21 8 14 6
26721 26497 224 20 0.599893 0.567625 0.0322677 14 15 12 11
27004 26648 356 29 0.399911 0.355863 0.044048 24 5 23 4
27451 27328 123 28 0.699939 0.682455 0.0174838 20 9 11 5
27453 27213 240 27 0.599957 0.566803 0.0331542 23 6 12 4
27792 27344 448 19 0.699942 0.640912 0.0590305 18 11 11 11
28304 28140 164 0 0.299937 0.274276 0.0256609 19 10 18 9
28361 28299 62 26 0.499952 0.491524 0.00842786 22 7 18 4
28760 28437 323 11 0.599978 0.560976 0.0390021 14 15 12 12
28946 28775 171 21 0.799895 0.774592 0.025303 24 5 12 2
28967 28741 226 9 0.399949 0.370392 0.0295566 24 5 22 5
29296 29059 237 8 0.499917 0.470087 0.0298305 21 8 19 8
29475 29422 53 6 0.499854 0.491173 0.00868091 22 7 17 7
