1639 1497 142 7 0.799988 0.78375 0.016238 8 0 8 0
2554 2367 187 1 0.69997 0.677298 0.0226723 7 0 7 0
3424 3256 168 5 0.599926 0.578252 0.0216736 9 0 9 0
3463 3206 257 2 0.599907 0.56562 0.0342863 8 0 8 0
3474 3278 196 3 0.599896 0.574128 0.0257682 9 0 9 0
4152 3814 338 8 0.499917 0.461818 0.0380987 7 2 7 2
4227 4027 200 4 0.499935 0.477689 0.0222457 6 3 6 3
4258 4021 237 6 0.499956 0.472012 0.0279432 9 0 9 0
5027 4974 53 7 0.699879 0.693465 0.00641417 5 4 4 4
6175 5812 363 0 0.299988 0.255266 0.0447222 7 2 7 2
6839 6533 306 9 0.199941 0.162445 0.0374961 6 3 6 3
7070 6768 302 5 0.799937 0.765033 0.0349041 7 2 5 2
8471 8103 368 6 0.799966 0.75378 0.0461856 6 3 6 3
9222 8862 360 1 0.399921 0.358852 0.0410692 7 2 7 2
10427 10220 207 3 0.399914 0.375734 0.0241797 6 3 6 3
10542 10375 167 7 0.499981 0.479511 0.0204709 5 4 5 4
10653 10512 141 5 0.699958 0.682965 0.0169925 8 1 6 1
10873 10549 324 8 0.499987 0.461119 0.0388681 7 2 7 2
11357 11095 262 2 0.299892 0.268191 0.0317013 7 2 6 2
11398 11345 53 4 0.399771 0.390748 0.00902318 7 2 6 2
12776 12587 189 0 0.599895 0.575463 0.0244318 4 5 3 5
12902 12757 145 9 0.699928 0.680646 0.0192824 5 4 4 3
14040 13942 98 8 0.899993 0.887748 0.0122448 7 2 2 0
14605 14437 168 5 0.699979 0.680184 0.0197954 5 4 4 4
15231 15107 124 7 0.699899 0.684539 0.0153598 8 1 8 1
15457 15373 84 0 0.899969 0.889206 0.0107632 4 5 4 0
16104 16051 53 1 0.499817 0.492798 0.00701943 7 2 7 2
16117 16030 87 6 0.199913 0.187885 0.0120284 9 0 9 0
17403 17184 219 3 0.499958 0.474045 0.0259132 5 4 5 4
17704 17539 165 9 0.599965 0.580503 0.0194622 8 1 8 0
18080 17815 265 8 0.599907 0.567222 0.0326844 6 3 5 3
19085 19004 81 7 0.699922 0.688476 0.0114467 6 3 6 3
19095 18878 217 4 0.399914 0.372932 0.0269821 7 2 7 2
20326 20135 191 2 0.299967 0.275526 0.0244404 5 4 5 4
20326 20013 313 5 0.499926 0.457871 0.0420552 7 2 5 2
21684 21503 181 8 0.799905 0.776517 0.0233881 7 2 4 0
22113 21898 215 9 0.699883 0.671747 0.0281365 6 3 5 3
22172 21901 271 6 0.69992 0.663793 0.0361264 7 2 3 2
22507 22222 285 1 0.499953 0.467178 0.032775 3 6 3 6
22786 22559 227 0 0.199959 0.171723 0.0282362 5 4 5 4
24761 24634 127 3 0.399967 0.384747 0.01522 5 4 5 4
25137 25049 88 8 0.699954 0.688868 0.0110861 8 1 8 1
25377 25064 313 4 0.599972 0.563088 0.0368844 8 1 8 1
26748 26626 122 2 0.599982 0.585859 0.0141227 7 2 6 2
26916 26727 189 9 0.599997 0.576736 0.0232616 7 2 6 2
26997 26857 140 7 0.199893 0.181823 0.01807 7 2 7 2
27667 27509 158 5 0.399902 0.381341 0.0185607 7 2 7 1
28144 28091 53 1 0.599882 0.593162 0.00672047 7 2 7 0
28703 28542 161 6 0.399977 0.377514 0.0224636 7 2 6 2
28914 28815 99 8 0.699987 0.686315 0.0136726 7 2 6 2
