929 750 179 7 0.899805 0.879118 0.0206867 7 0 7 0
1858 1551 307 9 0.799945 0.761725 0.0382196 5 1 6 1
2531 2297 234 1 0.699981 0.671457 0.0285246 7 1 7 1
2606 2469 137 5 0.699982 0.684836 0.0151462 7 1 7 1
2796 2530 266 8 0.699987 0.669391 0.0305961 7 1 7 1
3344 3224 120 3 0.599913 0.585305 0.0146076 8 0 8 0
3371 3250 121 2 0.599998 0.584543 0.0154553 8 0 8 0
3655 3332 323 0 0.599969 0.560395 0.039574 7 0 7 0
4305 4129 176 4 0.499996 0.477071 0.0229243 6 1 6 1
4897 4721 176 7 0.599891 0.577066 0.0228241 7 2 6 2
6492 6190 302 9 0.599924 0.564857 0.0350666 4 3 4 3
6749 6420 329 1 0.699901 0.658186 0.0417155 7 2 5 1
6756 6602 154 6 0.199947 0.1798 0.0201463 5 4 5 4
7593 7459 134 8 0.59991 0.583858 0.0160515 6 3 6 3
8349 8075 274 5 0.499921 0.468082 0.0318394 9 0 8 0
8354 8075 279 4 0.799988 0.766189 0.0337992 7 0 4 0
8772 8406 366 3 0.599974 0.556897 0.0430773 6 2 5 2
9303 9187 116 2 0.499937 0.484756 0.0151816 7 2 5 2
11014 10729 285 7 0.499976 0.466512 0.0334635 7 2 7 2
12016 11961 55 0 0.199993 0.191836 0.00815738 7 2 7 2
12333 12277 56 2 0.899997 0.891541 0.00845557 8 1 2 0
12644 12519 125 6 0.699993 0.684492 0.015501 8 1 8 1
12701 12471 230 8 0.599905 0.572507 0.0273976 8 1 6 1
13401 13262 139 9 0.399912 0.378642 0.0212703 6 3 5 2
13459 13370 89 4 0.499939 0.487818 0.0121209 5 4 5 4
14199 13923 276 1 0.299989 0.268522 0.031467 6 3 6 3
15929 15647 282 3 0.399946 0.366485 0.0334605 7 2 6 2
16498 16140 358 0 0.899813 0.857066 0.0427467 7 2 3 0
17113 16873 240 2 0.499926 0.470918 0.0290076 7 2 7 2
17873 17713 160 8 0.599928 0.582337 0.0175911 8 1 7 1
18083 18030 53 4 0.699881 0.693918 0.00596223 6 3 5 3
18225 17985 240 6 0.499942 0.470979 0.0289634 8 1 8 0
18246 18063 183 5 0.0999596 0.075181 0.0247786 7 2 7 2
19508 19221 287 7 0.299905 0.265054 0.0348508 6 3 5 3
19695 19378 317 3 0.899928 0.864265 0.0356636 8 1 3 0
20378 20141 237 9 0.499891 0.472222 0.027669 5 4 5 4
22666 22613 53 4 0.599885 0.593733 0.00615186 7 2 6 2
23327 23058 269 1 0.299994 0.266938 0.0330562 7 2 7 2
23672 23534 138 3 0.599986 0.581092 0.018894 9 0 9 0
23721 23627 94 8 0.499941 0.48681 0.0131309 6 3 6 3
23983 23631 352 6 0.599979 0.556883 0.0430961 7 2 7 2
24028 23752 276 0 0.199994 0.166599 0.0333951 5 4 5 4
24588 24265 323 2 0.399924 0.360613 0.0393114 8 1 8 1
27056 26750 306 9 0.499867 0.464274 0.035593 7 2 6 2
27800 27460 340 7 0.399887 0.359184 0.0407038 5 4 4 4
28037 27692 345 4 0.599976 0.556992 0.0429834 5 4 4 4
28878 28580 298 5 0.199918 0.156867 0.0430508 5 4 5 4
28933 28711 222 3 0.599995 0.572132 0.0278621 7 2 5 2
