2648 2438 210 5 0.699936 0.674638 0.0252977 8 0 8 0
2784 2428 356 7 0.699874 0.65561 0.0442636 9 0 9 0
3263 3186 77 3 0.599903 0.589292 0.0106115 8 0 8 0
3336 3283 53 2 0.599894 0.592352 0.00754188 7 2 7 2
3358 3115 243 1 0.599841 0.569129 0.0307113 9 0 9 0
3479 3201 278 9 0.599919 0.568275 0.0316449 7 2 7 2
4361 4044 317 0 0.499986 0.46139 0.0385964 7 2 7 2
5250 4976 274 6 0.399961 0.364137 0.0358236 3 6 3 6
5910 5581 329 8 0.299815 0.26236 0.0374548 7 2 7 2
5930 5710 220 4 0.299948 0.274212 0.0257358 5 4 5 4
6920 6865 55 9 0.799907 0.792668 0.00723913 9 0 4 0
8458 8350 108 7 0.499983 0.485442 0.0145408 9 0 9 0
8490 8328 162 2 0.599975 0.580799 0.0191754 8 1 7 1
8521 8135 386 3 0.599904 0.552053 0.0478508 7 2 7 2
10151 9812 339 5 0.299784 0.259332 0.0404526 8 1 8 1
10347 10114 233 1 0.399914 0.372624 0.0272904 4 5 4 5
10618 10342 276 6 0.699962 0.666541 0.033421 7 2 6 1
12017 11921 96 9 0.499938 0.486756 0.0131812 7 2 7 2
12363 12122 241 4 0.599931 0.570172 0.0297588 7 2 7 2
13042 12882 160 3 0.699917 0.679996 0.0199218 6 3 6 2
14065 14005 60 0 0.0999479 0.0932443 0.00670363 8 1 8 1
15311 15194 117 2 0.399792 0.385448 0.0143441 9 0 9 0
15585 15391 194 1 0.699897 0.676239 0.0236582 7 2 6 0
15790 15466 324 7 0.399924 0.361863 0.0380605 8 1 8 1
16540 16378 162 8 0.0999582 0.0820133 0.0179449 9 0 9 0
16791 16450 341 5 0.599963 0.561831 0.0381328 7 2 7 2
16878 16655 223 4 0.699927 0.674716 0.0252105 6 3 5 2
17339 16980 359 6 0.399914 0.355732 0.0441819 6 3 6 3
18285 18138 147 9 0.499992 0.48109 0.0189025 6 3 5 3
19390 19335 55 3 0.399986 0.392938 0.00704824 8 1 8 1
21003 20828 175 6 0.899963 0.880398 0.019565 8 1 4 0
21355 21019 336 1 0.499996 0.459194 0.0408026 8 1 8 1
21819 21566 253 4 0.599915 0.56922 0.0306952 7 2 5 1
22095 21785 310 7 0.599987 0.562309 0.0376779 7 2 6 2
22905 22712 193 0 0.399834 0.374027 0.0258067 4 5 4 5
23076 22785 291 2 0.399946 0.36447 0.0354763 7 2 7 2
23977 23544 433 5 0.399984 0.347092 0.0528926 7 2 7 2
24630 24422 208 8 0.499909 0.476462 0.0234474 9 0 7 0
24970 24825 145 6 0.599962 0.580517 0.0194458 7 2 6 2
25494 25199 295 3 0.599906 0.564809 0.0350972 5 4 5 4
26437 26229 208 9 0.299921 0.276859 0.0230622 6 3 6 3
28171 28108 63 7 0.49997 0.491054 0.00891567 4 5 4 5
28302 28221 81 2 0.699997 0.689042 0.0109554 7 2 6 2
28638 28497 141 4 0.399997 0.382229 0.0177673 7 2 6 2
29048 28781 267 0 0.599963 0.57023 0.029733 7 2 7 2
29272 29164 108 6 0.699964 0.686205 0.0137594 8 1 7 1
