974 826 148 7 0.899965 0.881529 0.0184356 7 0 7 0
1663 1607 56 9 0.799936 0.792206 0.00772988 6 0 6 0
1683 1630 53 5 0.799955 0.794123 0.00583189 7 0 7 0
1766 1634 132 4 0.799963 0.782854 0.0171098 8 0 8 0
2737 2428 309 8 0.699934 0.660842 0.0390922 8 0 8 0
3348 3122 226 7 0.799946 0.774406 0.0255405 9 0 8 0
3457 3282 175 2 0.599921 0.5789 0.0210214 7 2 7 2
4191 4024 167 0 0.499968 0.479712 0.0202564 9 0 9 0
4380 4116 264 6 0.4999 0.47028 0.0296205 6 3 6 3
4997 4943 54 3 0.399911 0.391093 0.00881859 4 5 4 5
5997 5677 320 1 0.299968 0.261718 0.0382504 8 1 8 1
6140 5806 334 9 0.599988 0.562296 0.0376912 7 2 7 2
6168 5980 188 4 0.599897 0.577187 0.0227099 5 4 4 4
7713 7603 110 7 0.599982 0.586238 0.013744 8 1 6 1
8415 8327 88 8 0.494816 0.481962 0.0128544 6 2 6 2
9168 9068 100 6 0.699854 0.685016 0.0148381 7 2 7 2
9601 9357 244 2 0.499936 0.466884 0.0330519 7 2 7 2
9844 9791 53 5 0.0998541 0.0923711 0.00748304 8 1 8 1
9971 9627 344 9 0.799892 0.761711 0.0381809 7 2 3 0
10085 10014 71 3 0.685344 0.67534 0.010004 8 1 6 0
10632 10459 173 0 0.49995 0.477945 0.0220043 6 3 6 3
11740 11530 210 1 0.699921 0.673234 0.0266861 6 3 5 3
13125 12979 146 6 0.699919 0.681881 0.0180381 6 3 5 3
13232 12906 326 4 0.399973 0.360522 0.039451 7 2 6 2
13889 13551 338 7 0.499897 0.461025 0.038872 5 4 5 4
14390 14276 114 2 0.699834 0.686039 0.013795 8 1 6 1
15642 15589 53 3 0.499926 0.492776 0.00715044 6 3 6 3
15687 15549 138 1 0.699908 0.681417 0.018491 6 3 5 2
15939 15580 359 8 0.399995 0.358176 0.0418196 6 3 6 3
16473 16102 371 0 0.599914 0.555648 0.0442666 8 1 6 1
16862 16809 53 9 0.299915 0.292705 0.00720922 5 4 5 4
17220 16866 354 5 0.599945 0.554736 0.0452082 6 3 5 3
18870 18611 259 6 0.499953 0.470032 0.0299214 6 3 5 2
20294 20227 67 7 0.488237 0.480052 0.00818445 9 0 8 0
20311 20258 53 1 0.599847 0.593701 0.0061461 6 3 5 3
20865 20760 105 4 0.399959 0.385535 0.0144233 8 1 8 1
22444 22321 123 5 0.599903 0.583621 0.0162819 6 3 6 2
23221 23053 168 2 0.0999311 0.0782733 0.0216577 8 1 8 1
23486 23145 341 0 0.399971 0.357502 0.0424686 6 3 6 3
23672 23593 79 8 0.399918 0.389854 0.0100634 8 1 8 1
24920 24663 257 9 0.399933 0.371402 0.0285315 8 1 8 1
25194 25111 83 3 0.0999977 0.0885482 0.0114496 6 3 6 3
25962 25792 170 7 0.599977 0.580038 0.0199388 6 3 5 3
26037 25830 207 5 0.799897 0.773502 0.0263957 7 2 5 2
27009 26946 63 1 0.399866 0.390398 0.00946754 5 4 5 4
27915 27578 337 4 0.499934 0.45807 0.0418645 8 1 7 1
28707 28555 152 6 0.0999182 0.0789795 0.0209387 6 3 6 3
29830 29469 361 8 0.599898 0.554698 0.0451998 5 4 5 4
29885 29461 424 2 0.699948 0.644632 0.0553159 8 1 5 1
