1976 1638 338 6 0.79987 0.759553 0.040317 5 0 5 0
2730 2451 279 5 0.699993 0.666633 0.0333604 8 0 8 0
4474 4142 332 7 0.499928 0.460867 0.0390614 7 1 7 1
4991 4876 115 4 0.399992 0.386493 0.0134983 8 1 8 1
5051 4833 218 8 0.399928 0.372406 0.0275221 8 1 8 1
5136 4952 184 2 0.39999 0.377072 0.0229179 9 0 9 0
5139 4963 176 9 0.399903 0.375141 0.0247623 6 2 6 2
5165 4965 200 1 0.399928 0.376682 0.0232464 7 1 7 1
6024 5690 334 3 0.29992 0.26021 0.0397103 7 2 7 2
6729 6557 172 0 0.199997 0.177416 0.0225814 5 4 5 4
9590 9057 533 5 0.399951 0.323754 0.0761967 7 2 7 2
9890 9612 278 6 0.199959 0.168208 0.031751 6 3 6 3
10035 9894 141 7 0.599977 0.582102 0.0178756 8 1 6 1
10400 10171 229 2 0.699908 0.669033 0.0308754 5 4 5 4
11032 10789 243 4 0.599914 0.572221 0.0276928 7 2 7 2
12669 12536 133 9 0.399982 0.383527 0.0164558 7 2 7 2
13038 12659 379 1 0.399991 0.353897 0.0460937 5 4 5 4
13612 13230 382 3 0.499984 0.450519 0.049465 6 3 6 3
13659 13368 291 8 0.299999 0.266777 0.0332218 7 2 7 2
15167 14851 316 7 0.599923 0.562437 0.0374861 7 2 7 2
16640 16587 53 6 0.599947 0.593083 0.00686343 7 2 6 2
16795 16669 126 2 0.399943 0.384754 0.0151891 6 3 5 2
16902 16645 257 0 0.199831 0.171363 0.0284679 7 2 7 2
17126 17060 66 4 0.49997 0.491669 0.00830075 5 4 5 3
17608 17277 331 5 0.39997 0.358829 0.0411413 7 2 5 2
20312 20195 117 9 0.399985 0.38295 0.017035 9 0 7 0
20473 20388 85 7 0.599978 0.589022 0.0109564 7 2 6 2
20921 20699 222 1 0.399891 0.372674 0.0272161 8 1 7 1
21181 20888 293 8 0.499891 0.466042 0.0338488 6 3 6 3
22074 21760 314 3 0.299974 0.261884 0.0380902 7 2 7 1
22563 22439 124 4 0.599961 0.585669 0.014292 7 2 7 1
23322 23269 53 6 0.39981 0.391252 0.00855805 7 2 6 1
23556 23502 54 5 0.599898 0.591909 0.00798905 6 3 6 3
23808 23443 365 2 0.499999 0.457582 0.0424168 6 3 5 3
24039 23705 334 0 0.599907 0.55816 0.0417479 5 4 5 4
26931 26774 157 1 0.599923 0.582662 0.0172611 6 3 4 3
26956 26688 268 8 0.5999 0.56906 0.0308407 9 0 8 0
26997 26723 274 4 0.699973 0.666236 0.0337377 8 1 6 1
27326 27013 313 9 0.4998 0.462795 0.0370045 8 1 7 1
27660 27435 225 6 0.799954 0.773236 0.0267177 8 1 5 0
28412 28026 386 7 0.299907 0.254237 0.0456698 8 1 8 1
28621 28453 168 3 0.599981 0.578635 0.0213455 5 4 4 3
29541 29412 129 2 0.5999 0.581486 0.0184133 8 1 7 1
29655 29416 239 5 0.499989 0.470751 0.0292382 7 2 7 2
