815 746 69 7 0.899919 0.890979 0.00893928 5 0 5 0
1762 1538 224 1 0.799967 0.770425 0.029542 7 0 7 0
2396 2273 123 4 0.699926 0.686246 0.0136802 8 1 8 1
3351 3236 115 6 0.599939 0.586017 0.0139226 7 1 7 1
3433 3212 221 8 0.599982 0.571607 0.0283742 7 1 7 1
3545 3238 307 3 0.599892 0.563322 0.0365695 8 1 8 1
4213 4051 162 9 0.499893 0.477903 0.0219897 8 1 8 1
4336 4130 206 0 0.499911 0.476079 0.0238321 6 3 6 3
5168 4906 262 5 0.399911 0.369113 0.0307974 8 1 8 1
5503 5432 71 7 0.499928 0.489131 0.0107973 6 3 6 3
6653 6475 178 2 0.199969 0.176924 0.0230444 7 2 7 2
7181 6894 287 1 0.499914 0.465798 0.0341152 7 2 6 2
7723 7541 182 6 0.699969 0.677136 0.0228328 7 2 6 2
8870 8527 343 8 0.599971 0.559471 0.0404999 7 2 6 1
9805 9531 274 3 0.499915 0.465043 0.0348717 5 4 5 4
10459 10260 199 5 0.699961 0.674712 0.0252497 6 3 5 3
10490 10263 227 4 0.199899 0.170914 0.0289851 4 5 4 5
10967 10842 125 2 0.899976 0.884383 0.0155932 8 1 5 1
11066 10908 158 7 0.599944 0.580037 0.0199068 8 1 7 0
11390 11064 326 1 0.799957 0.760919 0.0390376 9 0 4 0
11643 11331 312 9 0.39999 0.364529 0.0354602 9 0 9 0
14040 13948 92 0 0.0999129 0.0883014 0.0116115 8 1 8 1
14157 14014 143 1 0.799812 0.77928 0.0205328 7 2 7 2
14208 14031 177 8 0.599925 0.578628 0.021297 8 1 6 0
15011 14928 83 6 0.299978 0.287363 0.0126149 7 2 7 2
16270 16175 95 3 0.499959 0.487345 0.0126142 6 3 4 2
16308 15995 313 5 0.499993 0.461641 0.0383513 6 3 5 3
16652 16386 266 2 0.399977 0.367285 0.0326917 6 3 6 3
16937 16836 101 9 0.699966 0.687478 0.0124879 7 2 6 2
17285 16964 321 7 0.499946 0.46217 0.0377763 6 3 6 3
20134 20078 56 8 0.499898 0.492561 0.00733677 7 2 7 2
20338 20285 53 7 0.899847 0.891588 0.00825891 6 3 3 0
20900 20847 53 2 0.799881 0.792298 0.00758232 7 2 3 0
21088 20879 209 1 0.299892 0.274078 0.0258142 8 1 8 1
21157 20975 182 5 0.699902 0.675758 0.0241442 8 1 7 0
21716 21443 273 4 0.0998578 0.0671603 0.0326975 7 2 7 2
22371 22045 326 6 0.499951 0.459188 0.0407634 9 0 8 0
23408 23104 304 9 0.399919 0.363303 0.036616 7 2 6 2
23520 23192 328 7 0.699893 0.662036 0.0378572 7 2 4 1
23556 23336 220 3 0.399988 0.37153 0.0284574 4 5 4 5
23796 23586 210 0 0.299923 0.274952 0.0249714 7 2 7 2
27378 27208 170 8 0.399899 0.37936 0.0205382 7 2 7 2
27483 27085 398 6 0.699994 0.65066 0.0493342 8 1 7 1
27922 27615 307 2 0.299967 0.263678 0.0362892 9 0 9 0
28591 28288 303 7 0.599985 0.564309 0.0356767 8 1 7 1
28668 28472 196 9 0.699919 0.675861 0.0240576 7 2 6 2
28759 28654 105 3 0.699973 0.687231 0.0127423 7 2 6 2
29358 29128 230 5 0.199917 0.173219 0.0266982 6 3 6 3
