795 741 54 2 0.899934 0.892479 0.00745503 7 0 7 0
2519 2412 107 6 0.699929 0.686129 0.0138 9 0 9 0
2581 2369 212 1 0.699906 0.673761 0.026145 8 0 8 0
2597 2416 181 4 0.699979 0.678333 0.0216461 9 0 9 0
4144 4085 59 8 0.499912 0.491905 0.00800735 7 2 7 2
4345 4041 304 3 0.499922 0.462083 0.0378385 5 3 5 3
4834 4741 93 4 0.899989 0.886874 0.0131151 9 0 4 0
4991 4740 251 1 0.899935 0.869588 0.030347 7 1 4 1
5000 4750 250 0 0.399995 0.370137 0.0298583 7 2 7 2
5013 4915 98 7 0.399959 0.386379 0.0135801 6 3 6 3
5123 4984 139 5 0.399957 0.382352 0.0176048 5 4 5 4
6662 6515 147 9 0.199978 0.181255 0.0187233 7 2 7 2
7934 7844 90 4 0.699988 0.6866 0.0133877 5 4 4 4
8078 7989 89 6 0.499838 0.487795 0.0120429 9 0 8 0
8629 8539 90 8 0.699986 0.686583 0.0134036 5 4 5 3
8955 8756 199 2 0.0999105 0.0764347 0.0234758 5 4 5 4
10829 10489 340 1 0.399976 0.359447 0.0405291 9 0 9 0
10981 10870 111 0 0.599914 0.587094 0.0128196 8 1 6 1
11647 11533 114 4 0.699931 0.683499 0.0164312 7 2 6 2
11890 11829 61 5 0.499833 0.491645 0.00818799 6 3 6 3
12698 12380 318 7 0.399893 0.363143 0.0367494 6 3 6 3
13740 13511 229 0 0.899941 0.871199 0.0287421 8 1 4 0
14270 14097 173 8 0.499943 0.479735 0.0202082 6 3 6 3
14330 14082 248 3 0.0999674 0.0712024 0.028765 4 5 4 5
15088 14893 195 9 0.399915 0.376294 0.0236208 7 2 7 2
16942 16746 196 6 0.199936 0.177294 0.0226416 7 2 7 2
17523 17305 218 5 0.599995 0.574505 0.0254897 7 2 6 1
17751 17517 234 1 0.499901 0.470559 0.0293421 6 3 6 3
18169 17871 298 4 0.399976 0.364699 0.0352765 6 3 5 3
19554 19489 65 2 0.199965 0.191712 0.00825241 7 2 7 2
19769 19459 310 7 0.499984 0.460863 0.0391215 8 1 7 1
20829 20563 266 8 0.499906 0.468502 0.0314044 5 4 4 4
21287 20961 326 0 0.199948 0.161364 0.0385836 6 3 6 3
23184 23001 183 3 0.399906 0.376955 0.0229513 6 3 6 2
23579 23283 296 1 0.599899 0.561751 0.0381483 8 1 8 1
23772 23427 345 9 0.299902 0.256329 0.0435727 8 1 8 1
24749 24512 237 6 0.499953 0.471026 0.0289264 6 3 6 3
25153 25041 112 5 0.299926 0.284781 0.0151453 8 1 7 1
25357 25266 91 2 0.699794 0.684491 0.0153035 6 3 4 3
26513 26217 296 8 0.599896 0.563791 0.0361053 7 2 5 2
28569 28284 285 4 0.0999891 0.0641127 0.0358764 8 1 8 1
29040 28884 156 0 0.499935 0.481706 0.0182295 7 2 7 2
29187 29084 103 2 0.699949 0.687208 0.0127407 8 1 8 1
29360 29085 275 3 0.59997 0.566865 0.0331049 7 2 7 2
29624 29522 102 7 0.0999601 0.0872048 0.0127553 7 2 7 2
