2366 2311 55 7 0.699989 0.691836 0.00815321 7 0 7 0
2477 2420 57 6 0.699955 0.693694 0.00626111 8 0 8 0
2677 2406 271 5 0.699949 0.666113 0.0338365 8 0 8 0
2723 2405 318 0 0.699942 0.662072 0.0378701 7 0 7 0
3291 3214 77 9 0.599985 0.591135 0.00885037 8 1 8 1
4209 4046 163 3 0.499979 0.481979 0.0180006 8 1 8 1
5005 4743 262 2 0.399908 0.368696 0.0312118 6 3 6 3
5187 4936 251 1 0.399988 0.369496 0.0304924 7 2 7 2
6019 5728 291 9 0.899923 0.864327 0.0355958 8 1 4 0
6733 6538 195 8 0.199918 0.174971 0.0249465 7 1 7 1
6951 6582 369 4 0.199993 0.153795 0.046198 8 1 8 1
7134 6916 218 7 0.599978 0.573272 0.0267066 4 5 4 5
7534 7342 192 5 0.599991 0.57706 0.0229302 6 3 4 3
8795 8725 70 6 0.399966 0.389543 0.0104233 6 3 6 3
10436 10273 163 1 0.699892 0.680769 0.0191228 8 1 6 1
11195 10912 283 0 0.199892 0.165983 0.0339095 8 1 8 1
11652 11353 299 3 0.3998 0.366049 0.0337513 6 3 6 3
11813 11553 260 9 0.399994 0.370083 0.0299113 6 3 6 3
11902 11740 162 2 0.499906 0.481143 0.0187629 7 2 6 2
15030 14740 290 7 0.299893 0.263643 0.0362501 8 1 7 1
15392 15065 327 5 0.3 0.259178 0.040822 8 1 8 1
15412 15153 259 8 0.399893 0.365447 0.0344464 5 4 5 4
15800 15490 310 4 0.399899 0.364554 0.0353455 6 3 5 3
16126 15867 259 1 0.499904 0.469689 0.0302144 6 3 6 3
16573 16265 308 6 0.399985 0.363601 0.0363841 8 1 7 1
17029 16743 286 3 0.699943 0.665833 0.0341095 7 2 4 2
18587 18241 346 2 0.49993 0.457916 0.0420142 5 4 5 4
19669 19473 196 9 0.399905 0.375505 0.0244004 5 4 5 3
19843 19507 336 0 0.39996 0.358636 0.0413246 8 1 8 1
20166 20113 53 3 0.799909 0.794058 0.0058515 8 1 5 1
20304 19943 361 1 0.799934 0.758281 0.0416533 8 1 7 1
20360 20018 342 5 0.799853 0.760999 0.0388543 7 2 6 2
22032 21770 262 4 0.599959 0.567327 0.0326323 7 2 6 2
22392 22256 136 7 0.499996 0.482193 0.0178024 5 4 5 4
22407 22199 208 5 0.899938 0.876846 0.0230928 8 1 4 0
22643 22523 120 6 0.599991 0.584105 0.0158851 6 3 6 3
24921 24723 198 8 0.199943 0.175218 0.0247255 8 1 8 1
25906 25760 146 0 0.599916 0.58181 0.0181061 8 1 7 1
25959 25801 158 3 0.399995 0.380775 0.0192196 8 1 8 1
25964 25607 357 9 0.599875 0.559302 0.0405737 8 1 8 1
26625 26271 354 4 0.699998 0.657292 0.0427059 8 1 8 1
26755 26624 131 2 0.299996 0.284872 0.0151241 8 1 8 1
28210 27865 345 1 0.199947 0.159704 0.0402436 6 3 6 3
28999 28754 245 5 0.29982 0.269281 0.0305391 6 3 6 3
29355 29272 83 6 0.399985 0.387692 0.0122935 7 2 7 1
29876 29543 333 7 0.39995 0.362448 0.0375027 6 3 5 3
