973 785 188 8 0.899893 0.876397 0.0234961 6 0 6 0
2434 2330 104 6 0.699945 0.685751 0.0141942 8 0 8 2
2487 2345 142 9 0.699911 0.684093 0.0158179 9 0 9 0
2676 2459 217 5 0.699955 0.673818 0.026137 9 0 9 0
3343 3220 123 7 0.599958 0.582448 0.0175092 7 0 7 0
3376 3322 54 3 0.599991 0.594059 0.00593111 8 0 8 0
4824 4531 293 6 0.899927 0.866333 0.0335939 9 0 6 0
4953 4849 104 4 0.399979 0.386396 0.0135831 7 2 7 2
6014 5706 308 1 0.299971 0.262094 0.0378775 8 1 8 1
6025 5735 290 0 0.29987 0.264647 0.0352234 7 2 7 2
6773 6636 137 2 0.19996 0.182735 0.0172257 8 1 8 1
6800 6428 372 5 0.699771 0.655347 0.0444246 9 0 6 0
7069 7016 53 8 0.299795 0.293036 0.00675897 8 1 8 1
7213 7058 155 9 0.599929 0.579469 0.0204594 7 2 6 2
7618 7551 67 7 0.699981 0.691634 0.00834644 7 2 6 2
10088 9984 104 4 0.69992 0.683232 0.0166874 8 1 6 1
10401 10302 99 6 0.399918 0.387633 0.0122855 7 2 6 2
10845 10530 315 7 0.799949 0.761006 0.0389425 8 1 7 1
11719 11517 202 1 0.69992 0.677709 0.0222111 7 2 7 2
12526 12405 121 8 0.699941 0.684152 0.0157897 7 2 6 2
12569 12247 322 5 0.499992 0.462427 0.0375657 8 1 8 1
12594 12489 105 3 0.0998981 0.0844875 0.0154106 7 2 7 2
14194 13920 274 9 0.399948 0.366697 0.0332518 5 4 5 4
14822 14653 169 4 0.599913 0.58029 0.0196227 9 0 8 0
15448 15394 54 6 0.699954 0.692361 0.0075938 7 3 6 3
16162 16047 115 7 0.499984 0.48559 0.0143941 7 2 7 2
16335 15984 351 2 0.299928 0.258753 0.0411752 7 2 7 2
16630 16577 53 0 0.0999386 0.0933482 0.00659042 5 4 5 4
18173 17955 218 3 0.799944 0.77583 0.0241142 7 2 2 0
18852 18666 186 1 0.299965 0.278789 0.0211758 7 2 6 2
19870 19686 184 8 0.299905 0.279168 0.0207365 8 1 8 1
20122 19796 326 4 0.599982 0.560373 0.0396085 6 3 5 3
20175 19945 230 6 0.599802 0.572562 0.0272399 7 3 6 3
20870 20678 192 9 0.499963 0.47642 0.0235434 6 3 6 2
22138 22027 111 0 0.799917 0.785244 0.0146735 5 4 4 2
22439 22317 122 5 0.0999233 0.0833236 0.0165997 6 3 6 3
22625 22466 159 7 0.499873 0.479898 0.0199754 7 2 6 2
24844 24673 171 0 0.799957 0.777528 0.0224284 7 2 6 1
24942 24844 98 3 0.299979 0.286679 0.0133 5 4 5 4
25352 25059 293 1 0.599929 0.567374 0.032555 8 1 7 1
25394 25234 160 4 0.599898 0.580528 0.0193698 8 1 7 1
25617 25361 256 9 0.699775 0.669001 0.0307735 9 0 7 0
26438 26059 379 2 0.199919 0.153366 0.0465528 7 2 7 2
27147 26802 345 6 0.399997 0.360701 0.0392964 6 4 5 4
28102 27859 243 8 0.39996 0.370333 0.0296269 4 5 4 5
28949 28767 182 5 0.699995 0.678455 0.0215402 7 2 5 2
29811 29665 146 4 0.699979 0.68174 0.0182391 6 3 5 3
