805 745 60 2 0.899902 0.892893 0.00700904 6 0 6 0
831 776 55 7 0.899901 0.890821 0.00908044 5 1 5 1
1585 1494 91 8 0.799935 0.787892 0.0120424 6 1 6 1
1660 1552 108 3 0.799965 0.786834 0.0131309 8 1 8 1
1938 1648 290 5 0.79999 0.767812 0.0321772 6 2 6 2
2476 2355 121 1 0.699945 0.685072 0.0148731 7 2 7 2
2613 2426 187 0 0.699979 0.677765 0.0222141 6 3 6 3
3478 3311 167 4 0.599958 0.580747 0.0192111 6 2 6 2
3613 3324 289 6 0.59994 0.56571 0.0342302 8 1 8 1
4340 4124 216 9 0.499979 0.475461 0.0245184 7 2 7 2
5144 4917 227 8 0.699965 0.672975 0.0269905 8 1 8 1
6150 5817 333 3 0.59994 0.561798 0.038142 7 2 6 2
6326 6273 53 7 0.399835 0.392159 0.00767566 6 3 6 3
7263 7123 140 5 0.499988 0.482188 0.0177992 8 1 7 0
7355 7016 339 2 0.299939 0.258315 0.0416245 6 3 5 3
8652 8476 176 4 0.599983 0.57865 0.0213331 8 1 8 1
8766 8558 208 6 0.599978 0.57502 0.0249575 6 3 5 3
8961 8742 219 1 0.399928 0.373897 0.0260312 9 0 9 0
9866 9594 272 3 0.799917 0.76665 0.0332667 7 2 5 1
10599 10521 78 0 0.199799 0.188865 0.010934 6 3 6 3
10888 10656 232 8 0.499938 0.470994 0.0289436 6 3 5 3
11116 10663 453 9 0.49996 0.44372 0.0562408 7 2 5 2
13150 12882 268 2 0.699922 0.663037 0.0368847 6 3 6 3
13739 13547 192 5 0.499995 0.475032 0.0249627 6 3 6 3
15026 14963 63 3 0.499918 0.492885 0.00703307 6 3 6 3
15847 15465 382 6 0.399992 0.351617 0.0483752 7 2 7 2
15855 15613 242 1 0.499994 0.469303 0.0306912 7 2 7 2
16313 16211 102 4 0.299999 0.287727 0.0122717 8 1 8 1
16552 16357 195 8 0.59998 0.574951 0.0250296 8 1 8 1
16585 16248 337 7 0.0998985 0.0590358 0.0408626 6 3 6 3
16759 16473 286 0 0.699918 0.664132 0.0357863 7 2 5 2
18105 18047 58 2 0.573636 0.566243 0.00739374 4 5 4 5
18461 18357 104 9 0.399994 0.386944 0.0130499 6 3 6 3
20563 20348 215 3 0.599969 0.57249 0.0274794 6 3 6 3
21023 20603 420 0 0.699894 0.645831 0.0540635 8 1 7 0
21150 20874 276 6 0.699907 0.664428 0.0354792 6 3 4 2
22531 22162 369 1 0.499892 0.455089 0.0448028 5 4 5 3
22748 22488 260 8 0.5 0.470155 0.0298452 6 3 5 3
23193 22894 299 7 0.699945 0.666404 0.0335404 7 2 5 2
23533 23341 192 4 0.499926 0.478058 0.0218685 8 1 7 1
23778 23462 316 5 0.0999433 0.063063 0.0368803 7 2 7 2
25105 24801 304 2 0.399897 0.362465 0.0374325 7 2 7 1
25219 25000 219 9 0.499937 0.472165 0.0277713 5 4 5 3
25932 25835 97 6 0.599968 0.588858 0.0111096 6 3 5 3
27328 27275 53 1 0.699874 0.692336 0.00753784 6 3 4 1
28550 28336 214 0 0.299979 0.27354 0.0264393 9 0 9 0
29081 28961 120 4 0.599975 0.58386 0.0161149 8 1 8 1
29125 29062 63 9 0.799956 0.793035 0.00692111 7 2 6 0
29435 29378 57 2 0.799942 0.792521 0.00742143 7 2 6 2
29747 29495 252 7 0.399929 0.37024 0.0296886 8 1 8 1
