933 812 121 0 0.899983 0.882493 0.0174906 5 0 5 0
962 834 128 9 0.89989 0.88514 0.0147504 7 0 7 0
1794 1519 275 7 0.799914 0.76701 0.0329037 2 1 2 1
1901 1540 361 4 0.799953 0.755307 0.044646 6 0 6 0
2441 2338 103 8 0.699895 0.688153 0.0117425 8 0 8 0
2654 2354 300 2 0.699962 0.664476 0.0354863 8 0 8 0
4246 4005 241 6 0.499937 0.471146 0.0287902 7 2 7 2
4281 4142 139 1 0.499935 0.482566 0.0173688 6 3 6 3
5335 4930 405 5 0.399914 0.349284 0.0506297 6 3 6 3
5628 5417 211 8 0.799993 0.775051 0.0249425 8 1 3 1
5656 5498 158 9 0.499905 0.479909 0.0199954 6 3 6 3
6060 5745 315 3 0.29992 0.262878 0.037042 8 1 8 1
7157 6883 274 7 0.499771 0.466191 0.0335797 4 5 3 5
7278 7162 116 0 0.299941 0.284287 0.015654 6 3 6 3
7437 7087 350 4 0.49998 0.459507 0.0404726 6 3 5 3
9162 9054 108 2 0.399958 0.387406 0.0125518 8 1 8 1
10263 10189 74 9 0.699985 0.691854 0.00813111 6 3 4 1
11024 10693 331 1 0.499923 0.463251 0.0366714 6 3 6 3
11775 11608 167 3 0.699954 0.679978 0.0199765 7 2 7 2
12115 11855 260 0 0.79996 0.770123 0.0298369 7 2 6 1
12301 11660 641 7 0.699894 0.628623 0.0712706 5 4 4 1
12323 12240 83 6 0.299967 0.290718 0.00924855 7 2 7 2
12713 12418 295 8 0.299845 0.264213 0.0356321 7 2 7 2
13002 12939 63 5 0.399945 0.389658 0.0102868 6 3 6 3
15175 15029 146 2 0.599996 0.583394 0.0166023 7 2 7 2
15666 15452 214 4 0.299894 0.274771 0.0251224 7 2 7 2
15814 15482 332 0 0.699923 0.660331 0.0395928 7 2 2 1
16050 15687 363 9 0.4999 0.455624 0.0442761 5 4 5 4
18244 17971 273 7 0.499936 0.466343 0.0335924 7 2 7 2
18581 18199 382 1 0.399964 0.354775 0.0451892 7 2 7 2
18950 18583 367 6 0.5998 0.556301 0.0434991 6 3 6 3
19072 18838 234 5 0.599942 0.572421 0.0275213 5 4 4 4
19090 18828 262 3 0.299876 0.267313 0.0325634 8 1 8 1
21466 21361 105 0 0.499986 0.486296 0.0136904 7 2 7 2
21754 21602 152 8 0.299829 0.281765 0.018064 8 1 8 1
21811 21678 133 9 0.599985 0.5851 0.0148853 7 2 7 2
22132 21846 286 2 0.399959 0.363611 0.0363482 8 1 8 1
22169 21952 217 4 0.599976 0.57134 0.0286357 6 3 5 3
25045 24660 385 7 0.499928 0.453778 0.0461507 5 4 4 3
25087 24803 284 6 0.499937 0.467703 0.0322338 6 3 6 3
25533 25176 357 0 0.799965 0.752996 0.0469688 8 1 6 1
25679 25369 310 1 0.49991 0.463811 0.0360997 6 3 5 3
25993 25810 183 5 0.399924 0.376158 0.0237662 8 1 8 1
28025 27693 332 9 0.499996 0.460017 0.0399795 8 1 7 1
28237 27911 326 3 0.299945 0.259597 0.0403478 6 3 6 3
29252 28966 286 2 0.499975 0.464763 0.035212 6 3 6 3
