850 733 117 2 0.899916 0.885384 0.0145324 5 0 5 0
1639 1525 114 9 0.799911 0.785393 0.0145183 6 0 6 0
2485 2404 81 5 0.699924 0.690691 0.00923314 8 0 8 0
2580 2436 144 1 0.699964 0.682387 0.0175761 7 2 7 2
3293 3163 130 8 0.599936 0.583186 0.0167496 8 1 8 1
3378 3207 171 7 0.599948 0.578409 0.0215391 8 0 8 0
3896 3806 90 2 0.699925 0.690034 0.00989111 8 0 7 0
4203 4092 111 6 0.499905 0.486568 0.013337 8 1 8 1
4433 4137 296 3 0.499935 0.464934 0.035001 9 0 9 0
5183 4930 253 9 0.699932 0.669774 0.0301581 5 3 4 3
5817 5514 303 0 0.299928 0.261735 0.0381929 7 2 7 2
6107 5826 281 4 0.299919 0.265748 0.0341713 6 3 6 3
7579 7474 105 3 0.899928 0.88602 0.0139082 8 1 4 1
8047 7992 55 5 0.499913 0.491002 0.00891131 5 4 5 4
8226 8025 201 1 0.499927 0.477259 0.0226686 8 1 8 1
8670 8517 153 2 0.599984 0.581742 0.0182418 6 3 6 3
9552 9266 286 7 0.499973 0.464968 0.0350053 6 3 6 3
9684 9587 97 6 0.599819 0.587217 0.0126026 6 3 5 2
10209 10061 148 8 0.399818 0.379984 0.0198343 5 4 5 4
10932 10730 202 9 0.499984 0.474044 0.0259394 6 3 5 3
13009 12911 98 0 0.499951 0.487833 0.0121183 6 3 6 3
13520 13255 265 4 0.499909 0.47064 0.0292684 7 2 7 2
13720 13647 73 2 0.599993 0.589477 0.010516 8 1 8 1
13776 13470 306 5 0.599967 0.562868 0.0370993 8 1 8 1
13956 13749 207 3 0.299946 0.27416 0.0257862 7 2 6 2
14625 14532 93 1 0.499897 0.48852 0.0113769 8 1 7 1
16174 15906 268 7 0.49992 0.46947 0.0304504 6 3 6 3
16430 16159 271 8 0.5999 0.565701 0.0341993 6 3 6 3
16617 16470 147 6 0.39993 0.383109 0.0168215 6 3 6 3
17846 17512 334 1 0.899916 0.859041 0.0408756 8 1 4 0
19398 19241 157 0 0.499856 0.47921 0.0206456 9 0 9 0
19797 19559 238 2 0.499972 0.469704 0.0302675 6 3 5 3
19914 19815 99 9 0.199993 0.186567 0.0134264 8 1 8 1
20787 20560 227 5 0.399929 0.371585 0.0283434 7 2 7 2
21105 20903 202 1 0.699982 0.673794 0.0261885 8 1 7 1
21706 21478 228 4 0.299925 0.271724 0.0282009 6 3 6 3
22717 22537 180 7 0.499978 0.478399 0.0215786 8 1 7 1
22833 22368 465 8 0.499791 0.443779 0.0560121 5 4 5 4
23628 23282 346 6 0.499972 0.457132 0.0428402 5 4 3 4
24829 24530 299 3 0.0999014 0.0631974 0.0367039 6 3 6 3
26508 26265 243 2 0.499927 0.47186 0.0280673 8 1 8 1
26729 26536 193 0 0.399931 0.374703 0.0252281 9 0 8 0
26821 26523 298 1 0.499935 0.466172 0.0337629 7 2 7 2
27791 27371 420 9 0.499917 0.447577 0.0523402 7 2 7 2
28413 28056 357 4 0.6 0.556762 0.0432377 7 2 5 0
29923 29753 170 7 0.399988 0.380558 0.0194299 6 3 6 3
29969 29914 55 8 0.399948 0.391833 0.00811572 6 3 6 3
