883 786 97 0 0.899938 0.886001 0.0139371 4 0 4 0
1742 1586 156 5 0.799937 0.77963 0.0203067 9 0 9 0
2547 2494 53 7 0.699945 0.693605 0.00633965 8 1 8 1
2692 2420 272 6 0.699907 0.666433 0.033474 9 0 9 0
3412 3180 232 2 0.599934 0.571065 0.0288687 7 1 7 1
4020 3809 211 0 0.699943 0.673433 0.0265102 9 0 8 0
4137 4030 107 8 0.499967 0.486182 0.0137854 7 2 7 2
4378 4131 247 9 0.499993 0.470143 0.0298502 8 1 8 1
4718 4640 78 7 0.899934 0.891363 0.00857111 8 1 2 0
5093 4927 166 1 0.399946 0.379445 0.0205007 5 3 5 3
6038 5787 251 4 0.299959 0.271101 0.0288585 7 2 7 2
6639 6585 54 3 0.199985 0.191893 0.00809154 6 3 6 3
6666 6530 136 6 0.699996 0.681813 0.0181822 7 2 6 2
7988 7645 343 7 0.699904 0.658574 0.0413297 6 3 6 3
8729 8449 280 2 0.599973 0.567942 0.0320312 7 2 6 2
8779 8501 278 5 0.299982 0.266278 0.0337044 8 1 7 1
8997 8693 304 0 0.59998 0.56428 0.0357004 6 3 5 3
11484 11273 211 8 0.399921 0.373393 0.0265281 7 2 7 2
11906 11827 79 7 0.699922 0.687383 0.0125394 6 3 6 2
12587 12426 161 0 0.799953 0.781027 0.0189259 8 1 5 1
12657 12380 277 9 0.299964 0.266923 0.0330406 6 3 6 3
12746 12585 161 1 0.399892 0.379704 0.0201882 7 2 7 2
13233 12942 291 6 0.399992 0.366861 0.0331309 7 2 7 2
14093 13886 207 2 0.59994 0.575233 0.0247077 7 2 6 2
14288 14048 240 3 0.499967 0.470962 0.029005 8 1 8 1
15156 14838 318 4 0.299999 0.263719 0.0362799 6 3 6 3
15221 14901 320 8 0.899783 0.85978 0.0400035 8 1 3 0
16243 15987 256 5 0.499947 0.470639 0.0293077 3 6 3 6
17720 17509 211 6 0.799972 0.775711 0.024261 8 1 7 1
18162 17850 312 1 0.699916 0.664939 0.0349764 7 2 6 2
18407 18340 67 7 0.368011 0.359968 0.00804338 8 1 8 1
19358 19146 212 8 0.599978 0.574893 0.0250852 9 0 9 0
19942 19794 148 9 0.499897 0.481366 0.0185312 8 1 7 1
20163 20052 111 0 0.199987 0.186607 0.0133801 6 3 6 3
20809 20659 150 4 0.699987 0.683285 0.016702 8 1 6 1
21069 20828 241 2 0.399953 0.371438 0.0285149 8 1 8 1
22078 21734 344 5 0.599926 0.559484 0.040442 7 2 7 2
22440 22295 145 3 0.299984 0.283995 0.0159888 9 0 9 0
23671 23530 141 7 0.699942 0.682385 0.0175567 6 3 6 2
23763 23425 338 6 0.399951 0.360848 0.0391031 7 2 7 2
25152 25005 147 0 0.799915 0.778342 0.0215726 8 1 5 1
25395 25340 55 1 0.299984 0.292785 0.00719892 4 5 4 4
25501 25170 331 8 0.499939 0.460325 0.039614 8 1 8 1
26429 26126 303 9 0.499926 0.464454 0.0354711 5 4 4 4
27242 27186 56 5 0.59989 0.592736 0.00715429 6 3 6 3
27386 27045 341 4 0.399882 0.359938 0.0399442 8 1 7 1
27763 27481 282 7 0.699994 0.666967 0.0330278 6 3 5 2
28231 27842 389 2 0.499915 0.451618 0.048297 4 5 4 5
29704 29519 185 3 0.499952 0.478817 0.0211345 8 1 8 1
