982 707 275 4 0.89996 0.865295 0.0346654 5 0 5 0
984 833 151 9 0.899922 0.878109 0.0218127 6 0 6 0
1631 1535 96 1 0.799903 0.78863 0.011273 9 0 9 0
2425 2320 105 7 0.699894 0.685837 0.014057 7 1 7 1
2496 2424 72 2 0.699944 0.689741 0.010203 8 0 8 0
2575 2378 197 8 0.699896 0.675416 0.0244803 8 0 8 0
3138 3034 104 9 0.79982 0.785552 0.0142677 7 0 6 0
3364 3204 160 3 0.599946 0.581277 0.0186691 9 0 9 0
3437 3194 243 5 0.599949 0.571162 0.0287867 9 0 9 0
6031 5768 263 0 0.29996 0.26622 0.0337396 9 0 9 0
6430 6219 211 7 0.699909 0.675155 0.0247539 9 0 9 0
6817 6496 321 6 0.199975 0.159475 0.0405006 7 2 7 2
7098 7039 59 2 0.599907 0.592267 0.00764068 7 2 6 2
7524 7413 111 4 0.299991 0.287266 0.0127244 6 2 6 2
7595 7401 194 1 0.399962 0.376925 0.0230366 6 3 6 3
8322 8184 138 9 0.499944 0.484427 0.0155168 9 0 8 0
10411 10062 349 3 0.399959 0.359885 0.0400746 5 4 5 4
11278 11157 121 2 0.699773 0.683958 0.0158156 9 0 7 0
11600 11299 301 4 0.899924 0.86547 0.0344537 9 0 8 0
11722 11405 317 8 0.0999878 0.0602264 0.0397613 7 2 7 2
12174 11895 279 5 0.19994 0.166516 0.0334244 9 0 9 0
12514 12354 160 0 0.599919 0.579367 0.0205518 6 3 6 3
13777 13494 283 7 0.29991 0.265626 0.0342849 6 3 6 3
14447 14329 118 6 0.499951 0.48698 0.0129711 5 4 5 4
15589 15478 111 4 0.599899 0.582698 0.0172011 6 3 6 3
15797 15685 112 2 0.599997 0.584825 0.0151719 7 2 7 2
16402 16222 180 9 0.299986 0.278965 0.0210203 6 3 6 3
16702 16392 310 3 0.599975 0.561919 0.0380561 6 3 4 3
17178 16800 378 1 0.199949 0.153749 0.0461997 7 2 7 2
19253 19061 192 6 0.699975 0.676443 0.0235319 8 1 6 1
19448 19279 169 0 0.399956 0.379476 0.0204796 6 3 6 3
20108 20016 92 7 0.599941 0.586537 0.0134043 6 3 6 3
20171 19783 388 4 0.699907 0.654122 0.0457846 7 2 7 2
20771 20584 187 8 0.399918 0.375331 0.0245871 5 4 5 4
20998 20803 195 2 0.599974 0.576803 0.023171 8 1 5 1
22589 22224 365 5 0.199889 0.153541 0.0463477 8 1 7 1
23054 22712 342 3 0.499991 0.458687 0.0413049 6 3 6 3
24188 23840 348 6 0.599972 0.558872 0.0411 7 2 5 2
25112 24923 189 1 0.499921 0.477283 0.0226371 4 5 3 4
25306 25253 53 9 0.299839 0.292739 0.00709982 7 2 7 2
25402 25286 116 0 0.599943 0.586302 0.0136411 5 4 5 3
26005 25884 121 8 0.699898 0.683446 0.0164517 6 3 5 1
27715 27585 130 7 0.29994 0.283636 0.0163044 7 2 7 1
27802 27420 382 4 0.299926 0.251031 0.0488953 7 2 7 2
27938 27682 256 2 0.39991 0.369728 0.0301819 8 1 8 1
29852 29579 273 0 0.699876 0.667859 0.0320169 8 1 8 1
