1666 1551 115 6 0.799816 0.784034 0.0157815 6 0 6 0
1738 1586 152 2 0.799973 0.781214 0.0187592 6 1 6 1
2374 2321 53 4 0.699983 0.69182 0.00816343 7 2 7 2
2440 2382 58 8 0.699956 0.692008 0.00794768 7 1 7 1
2633 2398 235 1 0.699904 0.669747 0.0301571 8 1 8 1
3195 3141 54 3 0.59996 0.590447 0.00951357 6 2 6 2
3246 3159 87 0 0.599991 0.586445 0.0135464 7 1 7 1
3631 3271 360 7 0.599866 0.556685 0.0431813 6 3 6 3
4473 4160 313 5 0.499978 0.462318 0.0376594 6 2 6 2
5270 4980 290 9 0.399921 0.366258 0.0336629 6 3 6 3
6240 5923 317 2 0.599931 0.561664 0.0382663 6 3 6 3
6285 6068 217 4 0.699933 0.675015 0.0249182 6 3 4 2
6433 6372 61 1 0.699919 0.690846 0.00907295 7 2 4 2
8348 8239 109 6 0.299958 0.287633 0.012325 7 2 6 2
8388 8266 122 0 0.599993 0.584276 0.0157161 8 1 8 1
8474 8137 337 3 0.599993 0.556773 0.0432198 9 0 8 0
8991 8778 213 7 0.599942 0.572266 0.0276767 7 2 7 2
9733 9438 295 8 0.299913 0.263818 0.0360947 7 2 7 2
11043 10906 137 4 0.599975 0.582772 0.0172028 7 2 7 2
11826 11661 165 5 0.399891 0.379916 0.019975 7 2 7 2
12108 11920 188 1 0.499929 0.475473 0.0244559 3 6 3 6
12144 12091 53 2 0.49997 0.493254 0.00671598 4 5 4 5
12954 12852 102 9 0.399907 0.385808 0.0140986 8 1 8 1
13719 13656 63 3 0.599996 0.592458 0.00753788 7 2 6 2
14354 14242 112 0 0.49993 0.484774 0.015156 6 3 6 3
14776 14621 155 6 0.599963 0.581465 0.0184977 8 1 7 1
15136 14985 151 7 0.499961 0.479879 0.020082 5 4 5 4
15497 15262 235 4 0.699913 0.671241 0.0286722 6 3 5 3
17896 17689 207 5 0.599913 0.574663 0.0252499 9 0 8 0
17978 17780 198 8 0.399947 0.376593 0.0233537 9 0 9 0
18246 17980 266 9 0.699923 0.667086 0.0328372 9 0 7 0
18414 18148 266 0 0.799916 0.768323 0.0315928 9 0 7 0
19310 18947 363 6 0.699936 0.654466 0.0454706 8 1 8 1
19622 19344 278 4 0.699925 0.665923 0.0340012 6 3 6 2
20231 20040 191 1 0.299899 0.275734 0.0241653 5 4 5 4
20486 20375 111 3 0.399958 0.386029 0.0139284 7 2 7 2
21160 20894 266 2 0.1998 0.166522 0.0332783 6 3 6 3
21260 21020 240 0 0.799945 0.771319 0.0286257 7 2 6 2
22425 22110 315 7 0.399996 0.364663 0.0353327 7 2 7 2
22483 22422 61 6 0.8 0.792266 0.00773367 7 2 5 2
23250 22989 261 5 0.599971 0.567713 0.0322584 7 2 6 2
23899 23553 346 4 0.699946 0.658389 0.0415579 6 3 4 2
24947 24653 294 0 0.699978 0.666569 0.0334084 6 3 6 2
25003 24756 247 8 0.499992 0.469944 0.0300479 4 5 2 5
27040 26714 326 7 0.799907 0.759893 0.0400133 9 0 7 0
27194 27035 159 9 0.0999526 0.0804328 0.0195198 7 2 7 2
27362 27092 270 3 0.499964 0.46778 0.0321846 8 1 7 0
27684 27335 349 1 0.499963 0.459587 0.0403756 8 1 8 0
27818 27430 388 6 0.499921 0.448983 0.0509382 8 1 7 1
27986 27805 181 2 0.599956 0.57694 0.0230162 7 2 6 1
29267 29129 138 5 0.499947 0.484302 0.0156452 6 3 6 3
