2636 2365 271 5 0.699907 0.665516 0.0343914 9 0 9 0
2696 2350 346 3 0.699974 0.659184 0.0407899 9 0 9 0
2724 2480 244 2 0.699933 0.672673 0.0272602 8 0 8 0
4279 4026 253 0 0.499949 0.469637 0.0303119 8 1 8 1
4392 4079 313 7 0.499964 0.460121 0.0398435 9 0 9 0
4832 4740 92 9 0.39998 0.387327 0.0126529 8 1 8 1
5010 4956 54 1 0.399935 0.393908 0.00602653 7 2 7 2
5147 4925 222 4 0.399979 0.371768 0.028211 6 3 6 3
5687 5631 56 8 0.299915 0.291887 0.00802807 7 2 7 2
5988 5697 291 6 0.299968 0.265192 0.0347765 6 3 6 3
9304 9172 132 3 0.399924 0.383698 0.0162258 9 0 9 0
9877 9557 320 0 0.599947 0.557956 0.0419906 8 1 6 1
9938 9847 91 7 0.5999 0.588213 0.0116873 7 2 7 2
9989 9661 328 2 0.299909 0.258779 0.0411304 8 1 8 1
10037 9874 163 5 0.299962 0.280402 0.0195595 7 2 7 2
10780 10704 76 6 0.79995 0.790181 0.00976845 7 2 4 2
12773 12441 332 1 0.399959 0.357808 0.0421509 7 2 7 2
13011 12680 331 4 0.399963 0.358294 0.0416689 7 2 7 2
14057 13868 189 9 0.1999 0.177275 0.0226247 7 2 7 2
14255 14086 169 6 0.699982 0.678663 0.0213191 7 2 6 1
14568 14295 273 8 0.299941 0.266173 0.0337674 7 2 7 2
15950 15754 196 7 0.499995 0.474844 0.0251507 6 3 6 2
16145 15833 312 0 0.49996 0.46041 0.0395504 9 0 8 0
16307 16214 93 5 0.6 0.589611 0.0103883 7 2 5 2
16325 15966 359 3 0.499982 0.455367 0.0446147 6 3 6 3
19660 19421 239 1 0.499898 0.472604 0.0272939 8 1 8 1
19815 19762 53 6 0.499878 0.492153 0.00772428 7 2 7 2
19944 19861 83 4 0.499998 0.489879 0.0101195 7 2 6 1
19958 19790 168 7 0.799996 0.77751 0.0224867 7 2 6 0
20698 20519 179 2 0.0999658 0.0777761 0.0221897 9 0 9 0
22044 21730 314 8 0.499942 0.463279 0.0366625 6 3 6 3
22619 22327 292 9 0.399912 0.36718 0.0327324 8 1 8 1
22634 22550 84 0 0.499945 0.4899 0.0100456 7 2 7 2
22978 22854 124 5 0.399933 0.383374 0.0165592 4 5 4 5
24502 24409 93 6 0.699927 0.688044 0.0118821 6 3 5 2
24627 24248 379 7 0.599991 0.555949 0.0440418 6 3 4 3
25557 25388 169 4 0.599906 0.577016 0.0228901 4 5 3 5
26203 26095 108 3 0.0999193 0.0876447 0.0122746 4 5 4 5
26429 26153 276 2 0.799989 0.764336 0.0356526 7 2 4 2
27043 26759 284 8 0.699917 0.665841 0.0340765 6 3 5 2
27832 27562 270 1 0.299939 0.267231 0.0327083 5 4 4 4
28573 28520 53 9 0.599927 0.59402 0.00590765 8 1 8 0
29077 28807 270 5 0.599893 0.56831 0.0315831 6 3 6 3
29089 28818 271 0 0.499928 0.470016 0.0299125 5 4 5 4
