882 738 144 9 0.899973 0.880907 0.0190666 5 0 5 0
934 807 127 1 0.899947 0.88406 0.0158875 5 0 5 0
1055 797 258 3 0.899903 0.866669 0.033234 3 0 3 0
2678 2476 202 4 0.699958 0.677423 0.0225347 7 0 8 0
3302 3139 163 5 0.599959 0.581134 0.0188251 9 0 9 0
3430 3068 362 1 0.799939 0.758437 0.0415021 8 0 6 0
3522 3279 243 7 0.599972 0.568064 0.0319085 8 0 8 0
4262 4052 210 3 0.699917 0.675827 0.0240894 5 2 5 2
4348 4020 328 2 0.499978 0.460859 0.039119 7 2 7 2
5145 4880 265 8 0.399814 0.367761 0.0320532 6 3 6 3
5655 5508 147 9 0.499994 0.47952 0.0204738 6 3 6 3
5819 5763 56 0 0.299923 0.292241 0.00768199 5 4 5 4
5938 5855 83 5 0.899983 0.889821 0.0101616 9 0 2 0
7491 7438 53 6 0.0999405 0.0924543 0.00748625 6 3 6 3
9510 9457 53 1 0.399983 0.392669 0.00731458 6 3 6 3
9643 9318 325 8 0.799973 0.761919 0.0380539 9 0 7 0
9681 9360 321 9 0.799927 0.76241 0.0375171 8 1 6 1
9872 9817 55 4 0.299909 0.291592 0.00831652 4 5 4 5
9890 9656 234 5 0.599921 0.571116 0.0288049 6 3 6 3
10044 9892 152 2 0.59996 0.583338 0.0166221 8 1 8 1
11367 11124 243 7 0.299978 0.270391 0.0295869 6 3 6 3
12495 12275 220 3 0.199996 0.172648 0.0273479 6 3 6 3
13957 13699 258 0 0.4 0.369099 0.0309003 9 0 9 0
14058 13993 65 5 0.699904 0.692619 0.00728449 8 1 6 1
15375 15006 369 2 0.599965 0.556405 0.0435595 8 1 8 1
15980 15666 314 9 0.399968 0.36132 0.0386479 6 3 5 3
16420 16156 264 6 0.39995 0.367446 0.0325038 8 1 8 1
17852 17710 142 4 0.399929 0.382476 0.0174535 7 2 7 2
18336 18239 97 8 0.0813348 0.0671942 0.0141406 7 2 7 2
18739 18597 142 1 0.199903 0.181616 0.0182866 8 1 8 1
18922 18603 319 5 0.599929 0.562746 0.0371834 8 1 7 1
19631 19324 307 7 0.399917 0.365216 0.0347004 5 4 5 4
20099 19884 215 0 0.59998 0.573096 0.0268842 5 4 5 4
20219 20081 138 3 0.499947 0.481918 0.0180294 5 4 5 4
21615 21339 276 2 0.499927 0.469126 0.0308007 7 2 7 2
22131 21954 177 9 0.599974 0.576317 0.023656 6 3 5 2
23081 22975 106 8 0.899949 0.888028 0.0119213 7 2 4 0
23416 23219 197 6 0.499908 0.475296 0.0246117 4 5 2 5
24161 24102 59 5 0.599815 0.592022 0.00779283 6 3 6 3
24600 24274 326 4 0.499904 0.462195 0.0377089 7 2 7 1
26311 26062 249 0 0.499934 0.46942 0.030514 5 4 5 4
26412 26236 176 1 0.499975 0.478213 0.0217613 8 1 8 1
27319 27134 185 6 0.799911 0.778744 0.0211666 7 2 6 0
27558 27226 332 3 0.399851 0.361505 0.0383458 8 1 8 1
27899 27591 308 8 0.499939 0.464951 0.0349879 6 3 6 3
28183 28043 140 7 0.299911 0.284377 0.0155343 6 3 6 3
28875 28759 116 2 0.399892 0.386781 0.0131116 8 1 7 1
