931 820 111 9 0.899924 0.88732 0.0126037 5 0 5 0
950 803 147 0 0.899911 0.879799 0.0201116 5 0 5 0
1074 774 300 5 0.899892 0.863324 0.036568 5 0 6 0
2463 2367 96 3 0.69997 0.687319 0.012651 7 0 7 0
3172 3020 152 9 0.799939 0.782843 0.0170953 9 0 7 0
3238 3151 87 4 0.599984 0.590423 0.00956111 7 0 7 0
3473 3191 282 7 0.599945 0.567843 0.0321027 9 0 9 0
3483 3132 351 2 0.599975 0.557424 0.0425513 9 0 9 0
3596 3227 369 6 0.599961 0.555986 0.0439751 8 1 8 1
4256 4042 214 1 0.499891 0.475461 0.0244292 5 3 5 3
5009 4956 53 5 0.599761 0.593351 0.00640974 7 2 7 2
5636 5494 142 0 0.499977 0.481207 0.0187701 5 4 5 4
6528 6430 98 8 0.199927 0.186803 0.0131237 8 1 8 1
6868 6540 328 9 0.699781 0.662442 0.0373385 7 2 5 2
7293 7012 281 3 0.599982 0.567056 0.0329267 8 1 8 1
9843 9748 95 1 0.599907 0.58632 0.0135865 9 0 7 0
10365 10222 143 0 0.699996 0.683104 0.0168927 8 1 7 1
10860 10700 160 9 0.699956 0.678215 0.0217409 8 1 7 1
10996 10742 254 4 0.299961 0.270445 0.0295153 9 0 9 0
11263 11032 231 2 0.299903 0.272988 0.0269156 9 0 9 0
11467 11250 217 6 0.299972 0.27404 0.0259325 6 3 6 3
12135 11801 334 7 0.199993 0.156637 0.0433563 6 3 6 3
12652 12350 302 3 0.59998 0.563732 0.0362482 3 6 3 6
13339 13123 216 5 0.199924 0.173792 0.0261319 5 4 5 4
14329 14029 300 1 0.699974 0.662687 0.0372861 6 3 5 3
16527 16433 94 4 0.699986 0.689655 0.0103311 7 2 7 2
16562 16420 142 8 0.199965 0.179975 0.0199906 7 2 7 2
16747 16406 341 9 0.499882 0.459633 0.0402494 6 3 6 3
16816 16569 247 1 0.899996 0.871098 0.0288976 8 1 3 0
17111 16906 205 3 0.699915 0.676701 0.0232148 6 3 6 2
17247 16970 277 6 0.699912 0.665959 0.033953 8 1 8 1
18528 18443 85 2 0.481956 0.470326 0.0116302 4 5 4 5
19172 18891 281 7 0.599944 0.563428 0.0365158 6 3 5 3
19193 19140 53 0 0.0999931 0.0930174 0.00697576 6 3 6 3
19983 19824 159 9 0.899991 0.881248 0.0187426 7 2 2 0
21817 21571 246 1 0.499967 0.47211 0.0278575 8 1 7 1
22130 21943 187 6 0.599966 0.577497 0.0224687 7 2 7 2
23495 23212 283 8 0.599934 0.565926 0.0340087 8 1 6 1
23932 23568 364 4 0.299891 0.254423 0.0454677 8 1 8 1
24194 24102 92 5 0.099942 0.0876289 0.0123132 5 4 5 4
24308 23994 314 2 0.599911 0.562915 0.036996 7 2 5 2
24596 24533 63 9 0.499844 0.488498 0.0113461 6 3 6 3
25149 25016 133 3 0.199936 0.179697 0.0202391 4 5 4 5
25452 25088 364 7 0.499968 0.455899 0.0440692 7 2 6 2
26440 26262 178 0 0.599999 0.580428 0.0195711 3 6 3 4
27462 27334 128 1 0.599921 0.581274 0.0186472 7 2 4 2
29628 29534 94 5 0.799896 0.789117 0.0107798 8 1 7 1
29719 29497 222 2 0.599967 0.574569 0.0253983 5 4 4 4
