815 739 76 8 0.899991 0.888546 0.0114456 4 0 4 0
973 712 261 0 0.899799 0.869196 0.0306029 6 0 6 0
2559 2506 53 3 0.699992 0.692486 0.00750608 7 0 7 0
3179 2827 352 8 0.799988 0.759317 0.0406707 7 0 5 0
3461 3233 228 6 0.599993 0.57085 0.0291424 8 1 8 1
3529 3213 316 9 0.599915 0.562959 0.0369562 8 1 8 1
3668 3309 359 1 0.599997 0.555961 0.044036 8 0 8 0
4115 4029 86 0 0.699962 0.690431 0.00953069 7 2 5 2
4202 4058 144 7 0.499943 0.482376 0.0175666 7 2 7 2
4210 4151 59 5 0.499935 0.493454 0.00648111 5 3 5 3
4239 3921 318 2 0.49995 0.460997 0.038953 7 2 7 2
4254 4032 222 4 0.499963 0.470418 0.029545 8 1 8 1
8075 7826 249 9 0.699904 0.669859 0.030045 9 0 8 0
8248 8027 221 1 0.699985 0.672861 0.0271244 8 1 7 1
8341 7964 377 3 0.499938 0.453883 0.0460556 7 1 6 1
8394 8113 281 2 0.79991 0.763691 0.0362193 8 1 5 1
9042 8706 336 0 0.599976 0.560978 0.0389979 7 2 7 2
9604 9549 55 5 0.599843 0.59165 0.00819267 4 5 4 5
9604 9397 207 6 0.499901 0.472827 0.0270736 7 2 7 2
10430 10093 337 8 0.299979 0.259721 0.0402585 7 1 7 1
10641 10587 54 4 0.4999 0.491205 0.00869527 4 5 4 5
11417 11303 114 7 0.399895 0.386357 0.0135388 5 4 5 4
13164 12824 340 9 0.599974 0.558302 0.0416727 7 2 7 2
14501 14266 235 0 0.599922 0.573001 0.0269209 6 3 4 2
14598 14391 207 2 0.399892 0.375108 0.0247849 7 2 6 2
14712 14537 175 1 0.399856 0.380063 0.0197928 7 2 7 2
14905 14738 167 3 0.499994 0.478984 0.0210099 6 3 5 3
15326 15112 214 6 0.599986 0.572139 0.0278471 8 1 8 1
16203 16022 181 8 0.699954 0.678214 0.02174 7 2 6 2
16470 16235 235 5 0.399976 0.370785 0.0291904 7 2 7 2
17159 16877 282 4 0.499927 0.462614 0.0373132 4 5 4 5
18322 18069 253 7 0.499925 0.469287 0.0306389 7 2 6 2
18460 18338 122 8 0.899915 0.884485 0.01543 8 1 2 0
19517 19185 332 9 0.499938 0.459753 0.0401848 4 5 4 5
19807 19620 187 0 0.599891 0.579074 0.0208164 4 5 4 4
20811 20477 334 6 0.599931 0.562603 0.037328 8 1 5 0
21033 20728 305 1 0.599958 0.563804 0.0361544 7 2 6 0
21628 21320 308 2 0.499939 0.463396 0.0365436 5 4 5 4
22264 22037 227 3 0.399932 0.371456 0.0284758 7 2 7 2
22563 22195 368 8 0.599972 0.556226 0.0437457 7 2 6 2
23111 22761 350 4 0.599908 0.558597 0.0413115 6 3 6 2
23148 23034 114 7 0.699898 0.686651 0.0132466 8 1 7 1
23309 23241 68 5 0.499948 0.491381 0.00856715 9 0 9 0
25564 25365 199 1 0.699986 0.676054 0.0239317 9 0 6 0
25831 25740 91 0 0.499968 0.487926 0.0120427 8 1 8 1
26081 25871 210 9 0.499927 0.474918 0.0250091 7 2 7 2
26242 26032 210 8 0.799915 0.775559 0.0243563 8 1 7 1
26945 26854 91 7 0.699954 0.686809 0.0131451 7 2 5 1
27005 26808 197 6 0.499955 0.477318 0.022637 8 1 8 1
29098 28906 192 2 0.399986 0.375397 0.0245893 7 2 7 2
29102 29010 92 3 0.499974 0.488555 0.0114188 8 1 8 0
