1658 1594 64 4 0.799917 0.791918 0.00799882 9 0 9 0
1674 1584 90 5 0.799972 0.788903 0.0110693 8 0 8 0
1804 1630 174 8 0.799999 0.778711 0.021288 8 0 8 0
2735 2437 298 1 0.699998 0.663346 0.0366522 9 0 9 0
3346 3197 149 7 0.599975 0.583281 0.0166934 6 3 6 3
3371 3224 147 2 0.599959 0.58281 0.0171493 8 1 8 1
3380 3147 233 0 0.599929 0.571348 0.0285807 8 1 8 1
3438 3121 317 3 0.599909 0.563053 0.0368556 9 0 9 0
3453 3262 191 6 0.599927 0.578304 0.0216228 9 0 9 0
4384 4149 235 4 0.799893 0.772905 0.0269884 8 1 2 1
4824 4764 60 9 0.399948 0.390876 0.00907135 5 4 5 4
5957 5808 149 1 0.799967 0.782756 0.0172105 8 1 7 1
6134 6049 85 6 0.899996 0.889514 0.0104815 9 0 4 0
6966 6913 53 8 0.499963 0.494034 0.00592864 9 0 8 0
7614 7518 96 5 0.39991 0.387831 0.0120794 7 2 7 2
8017 7740 277 3 0.699969 0.664975 0.0349939 9 0 8 0
8374 8321 53 7 0.599877 0.589703 0.0101747 8 1 6 1
8616 8362 254 2 0.599911 0.569429 0.0304825 6 3 5 3
8949 8663 286 4 0.599765 0.567952 0.0318125 6 3 5 3
9422 9247 175 0 0.499904 0.476577 0.023327 5 4 5 4
10238 9935 303 6 0.599968 0.563862 0.0361053 6 3 5 3
12484 12372 112 0 0.899903 0.88677 0.0131328 7 2 4 0
12727 12348 379 8 0.599787 0.553508 0.0462791 8 1 8 1
12762 12676 86 3 0.599778 0.58838 0.011398 8 1 7 1
13363 13146 217 9 0.299978 0.273958 0.0260205 9 0 9 0
13480 13318 162 5 0.599987 0.582176 0.0178111 7 2 5 2
13524 13180 344 4 0.699931 0.65896 0.0409712 7 2 6 2
13785 13685 100 2 0.599933 0.587361 0.0125719 7 2 7 2
13844 13507 337 1 0.199909 0.158123 0.0417859 5 4 5 4
15078 14993 85 7 0.399878 0.386445 0.0134334 5 4 5 4
16630 16291 339 0 0.599961 0.559624 0.0403367 7 2 6 1
16807 16610 197 4 0.799912 0.775589 0.0243231 7 2 7 2
17220 16991 229 6 0.399979 0.373418 0.026561 5 4 5 4
17950 17754 196 3 0.599937 0.575414 0.0245229 6 3 5 3
18039 17859 180 8 0.599984 0.578027 0.0219572 8 1 7 1
18119 17983 136 2 0.699963 0.681362 0.018601 6 3 5 3
18906 18582 324 5 0.599937 0.559693 0.0402443 7 2 7 2
21602 21419 183 1 0.499917 0.478885 0.0210313 8 1 8 1
21637 21379 258 9 0.399966 0.370402 0.0295641 8 1 8 1
21669 21586 83 7 0.499956 0.488468 0.0114881 8 1 8 1
22313 22179 134 3 0.699986 0.684279 0.015707 9 0 9 0
22481 22323 158 8 0.699975 0.68047 0.0195047 9 0 9 0
22775 22696 79 4 0.399961 0.388331 0.0116296 6 3 6 3
24490 24286 204 0 0.299967 0.27682 0.0231465 8 1 8 1
24970 24636 334 6 0.399812 0.359559 0.0402522 7 2 7 1
25374 25232 142 2 0.299919 0.283963 0.0159553 7 2 7 2
25678 25394 284 7 0.799952 0.767797 0.0321553 7 2 6 2
26804 26632 172 5 0.299904 0.279753 0.0201512 8 1 8 1
27336 27063 273 1 0.599922 0.566859 0.0330633 8 1 6 1
28160 27991 169 8 0.499932 0.480121 0.0198105 6 3 5 3
