1615 1521 94 3 0.79994 0.787694 0.0122453 8 0 8 0
1635 1582 53 9 0.799902 0.792321 0.00758083 9 0 9 0
1724 1575 149 1 0.799964 0.781596 0.0183684 8 0 8 0
1859 1600 259 0 0.79997 0.768519 0.0314503 9 0 9 0
2514 2423 91 4 0.699958 0.685587 0.0143713 5 4 5 4
2720 2441 279 8 0.699914 0.664125 0.035789 7 2 7 2
3343 3166 177 5 0.599876 0.577172 0.0227041 8 1 8 1
3449 3286 163 2 0.599903 0.577835 0.0220678 9 0 9 0
3965 3656 309 0 0.899981 0.863819 0.0361627 9 0 3 0
4367 4107 260 6 0.499971 0.470191 0.0297806 8 2 7 3
4368 4021 347 7 0.499925 0.45892 0.0410046 10 0 9 0
5951 5744 207 9 0.599972 0.577004 0.0229679 7 2 7 2
7035 6717 318 5 0.799896 0.761746 0.0381505 9 0 6 0
7469 7408 61 8 0.599909 0.593207 0.00670111 8 1 7 0
7572 7484 88 1 0.399898 0.38638 0.0135179 7 2 7 2
8040 7785 255 0 0.59993 0.56852 0.0314103 9 0 8 0
8741 8483 258 2 0.599899 0.569188 0.0307103 6 3 6 3
9082 8893 189 4 0.399953 0.37362 0.0263331 7 2 7 2
10249 9936 313 3 0.0999313 0.0645 0.0354313 4 5 4 5
11111 11016 95 9 0.599839 0.587746 0.0120928 5 4 5 4
11547 11434 113 6 0.399977 0.385075 0.0149025 8 2 7 2
11609 11430 179 5 0.599915 0.578081 0.021834 6 3 6 3
11676 11583 93 7 0.399874 0.386346 0.0135282 7 3 6 3
12659 12414 245 8 0.599904 0.568851 0.0310534 8 1 8 1
14768 14694 74 2 0.49998 0.490281 0.00969856 5 4 5 4
15014 14807 207 0 0.399892 0.373867 0.0260248 7 2 6 2
15333 15035 298 4 0.599963 0.562998 0.0369642 7 2 6 2
15360 15048 312 1 0.399983 0.359728 0.0402552 8 1 8 1
17277 16989 288 9 0.499841 0.467721 0.0321197 7 2 7 2
18078 17757 321 8 0.599919 0.562133 0.0377857 6 3 6 3
18303 18202 101 5 0.39984 0.385135 0.014705 6 3 6 3
20001 19828 173 6 0.299897 0.278287 0.0216099 9 1 8 1
20140 19923 217 7 0.299893 0.272401 0.0274915 9 1 8 1
21253 20943 310 0 0.599902 0.561095 0.0388066 7 2 7 2
21589 21533 56 3 0.0999518 0.0925682 0.00738358 5 4 5 4
21618 21320 298 4 0.499806 0.465581 0.0342247 6 3 6 3
22416 22104 312 1 0.499949 0.46313 0.0368184 6 3 6 2
24043 23671 372 9 0.499996 0.453136 0.0468598 6 3 6 3
24165 24032 133 8 0.499913 0.485165 0.0147484 6 3 6 2
24228 24151 77 2 0.0999905 0.0893924 0.0105981 6 3 6 3
25592 25477 115 6 0.699956 0.686205 0.0137515 9 1 5 1
26141 25790 351 5 0.399888 0.357528 0.0423603 6 3 6 3
27452 27298 154 7 0.499923 0.480941 0.0189821 8 2 7 1
28332 28009 323 4 0.499916 0.461779 0.0381372 6 3 5 3
28422 28098 324 0 0.399978 0.361894 0.0380845 4 5 4 5
29882 29628 254 1 0.399909 0.370881 0.0290288 7 2 7 2
