864 810 54 2 0.8999 0.892191 0.00770891 7 0 7 0
955 779 176 7 0.899994 0.876632 0.0233626 4 1 4 0
984 787 197 9 0.899911 0.874391 0.0255198 3 0 4 0
1750 1624 126 1 0.799972 0.783501 0.0164705 6 1 6 1
2621 2333 288 8 0.699922 0.664574 0.0353483 7 0 7 0
2692 2408 284 5 0.699936 0.667371 0.0325644 6 1 6 1
2696 2477 219 0 0.699917 0.673822 0.0260945 9 0 9 0
4228 4102 126 3 0.499983 0.483692 0.0162912 7 2 7 2
4349 4186 163 4 0.5 0.47913 0.0208698 4 4 4 4
4803 4742 61 7 0.599879 0.591694 0.00818408 5 4 4 4
5047 4794 253 9 0.599926 0.56888 0.0310463 8 0 8 0
5107 4925 182 6 0.399987 0.37704 0.0229461 7 1 8 1
7095 6760 335 1 0.499969 0.460185 0.0397839 7 2 6 2
7451 7337 114 0 0.6 0.585798 0.0142021 8 1 6 1
7661 7359 302 5 0.599903 0.56537 0.0345329 7 1 5 0
8272 8000 272 2 0.199913 0.169419 0.0304936 6 3 6 3
8769 8472 297 9 0.799781 0.761954 0.0378273 7 1 7 1
9219 9033 186 4 0.699968 0.677241 0.0227274 5 3 5 3
9812 9757 55 8 0.299914 0.291756 0.00815856 5 4 5 4
10467 10236 231 3 0.499939 0.473517 0.0264219 8 1 8 0
11768 11519 249 7 0.399999 0.371433 0.0285663 7 2 6 2
11826 11718 108 1 0.699947 0.684219 0.015728 8 1 7 1
12647 12498 149 0 0.599922 0.57987 0.0200521 8 1 5 1
13740 13628 112 5 0.499975 0.485036 0.0149391 5 4 5 4
13897 13616 281 6 0.299809 0.266909 0.0329004 6 3 6 3
14248 13974 274 9 0.499993 0.466727 0.0332667 8 1 6 1
16548 16444 104 4 0.299825 0.287294 0.0125306 7 2 7 2
17312 17251 61 1 0.492279 0.485426 0.00685338 7 2 7 2
17652 17532 120 2 0.299963 0.285835 0.0141271 8 1 8 1
18012 17749 263 0 0.599989 0.56876 0.0312292 7 2 6 2
18122 17749 373 8 0.399917 0.356903 0.0430138 9 0 9 0
18584 18531 53 7 0.499861 0.492242 0.00761923 7 2 6 2
19429 19269 160 3 0.199937 0.180226 0.0197111 7 2 7 2
22105 21954 151 6 0.399844 0.38078 0.0190647 7 2 6 2
22537 22248 289 9 0.299965 0.26585 0.0341155 8 1 8 1
22690 22587 103 5 0.199952 0.187691 0.0122609 7 2 7 2
23421 23267 154 8 0.699967 0.682271 0.0176966 8 1 7 1
23676 23492 184 1 0.499926 0.478506 0.0214199 7 2 5 2
24067 23705 362 4 0.499957 0.455137 0.0448204 4 5 4 5
25670 25583 87 0 0.299967 0.287546 0.0124208 6 3 6 3
25969 25633 336 7 0.399975 0.359925 0.0400508 7 2 7 2
26319 26103 216 3 0.599983 0.57233 0.027653 7 2 7 1
26499 26404 95 2 0.299964 0.286158 0.0138058 6 3 5 3
28053 27974 79 4 0.799907 0.787344 0.012563 6 3 3 0
28622 28567 55 5 0.699858 0.690732 0.00912516 8 1 5 1
28858 28759 99 6 0.499982 0.486268 0.0137142 3 6 3 6
