834 719 115 4 0.899959 0.883802 0.0161563 4 0 4 0
1638 1517 121 8 0.799959 0.784249 0.0157099 7 1 7 1
1842 1602 240 7 0.799801 0.771033 0.0287686 8 0 8 0
1925 1582 343 9 0.799984 0.759537 0.0404477 5 0 5 0
2627 2453 174 5 0.699974 0.678783 0.0211907 6 1 6 1
3326 3273 53 6 0.599945 0.591837 0.00810838 6 3 6 3
3428 3240 188 1 0.599959 0.577008 0.0229511 9 0 9 0
3600 3296 304 3 0.599955 0.563677 0.0362778 8 0 8 0
4222 3921 301 2 0.499904 0.46527 0.0346349 9 0 9 0
5602 5465 137 4 0.499938 0.484115 0.0158238 7 1 7 1
6149 5813 336 0 0.299987 0.26017 0.0398167 6 3 6 3
6176 5854 322 8 0.599895 0.561253 0.0386422 8 1 6 1
6236 6130 106 7 0.599822 0.582592 0.0172307 5 4 5 4
6642 6462 180 5 0.699976 0.678966 0.0210107 7 2 5 1
7335 7059 276 9 0.4999 0.467602 0.0322985 8 1 8 1
9071 8736 335 3 0.59991 0.56137 0.0385394 7 2 7 2
9604 9366 238 1 0.499925 0.470789 0.029136 6 3 5 3
10533 10364 169 5 0.699926 0.676974 0.0229523 8 1 8 1
11319 11005 314 4 0.599954 0.559344 0.0406101 9 0 9 0
11709 11631 78 6 0.199992 0.189986 0.0100066 6 3 6 3
12223 12104 119 7 0.499948 0.484889 0.0150594 8 1 8 1
13297 12974 323 8 0.399944 0.362 0.0379435 8 1 7 1
13889 13598 291 9 0.499954 0.463756 0.0361975 9 0 8 0
13957 13855 102 2 0.0998912 0.0875739 0.0123174 7 2 7 2
15286 15062 224 1 0.599947 0.571497 0.0284497 7 2 7 2
15937 15879 58 3 0.399828 0.391165 0.00866313 6 3 6 3
15963 15773 190 0 0.199922 0.17682 0.0231015 6 3 6 3
16218 15985 233 5 0.499923 0.470635 0.0292879 9 0 9 0
17831 17668 163 7 0.599864 0.579233 0.0206309 7 2 6 2
18764 18423 341 8 0.699929 0.655931 0.043998 5 4 3 4
19333 19176 157 6 0.499915 0.480582 0.0193324 5 4 4 4
20364 20227 137 2 0.699962 0.679839 0.0201225 5 4 4 3
20676 20401 275 1 0.599977 0.56755 0.0324269 9 0 6 0
20727 20545 182 4 0.0999176 0.0785734 0.0213442 8 1 8 1
21093 20958 135 3 0.699988 0.683856 0.0161317 8 1 6 0
21406 21129 277 9 0.399988 0.367126 0.0328621 5 4 5 4
22771 22528 243 5 0.499844 0.469647 0.0301971 6 3 5 3
22826 22595 231 0 0.599937 0.570078 0.0298584 6 3 5 2
22987 22923 64 7 0.599945 0.592914 0.00703111 7 2 7 2
24106 23977 129 6 0.699892 0.68047 0.0194224 6 3 5 1
25182 24921 261 1 0.699917 0.670336 0.0295814 5 4 4 4
25474 25157 317 8 0.399974 0.36097 0.0390041 7 2 7 2
26807 26701 106 2 0.399968 0.388066 0.0119015 7 2 7 2
26851 26523 328 3 0.499981 0.461369 0.0386121 7 2 7 2
27450 27110 340 7 0.699993 0.659452 0.0405407 5 4 5 4
27541 27459 82 5 0.699995 0.690417 0.00957802 8 1 6 1
27922 27869 53 4 0.599953 0.592943 0.0070097 5 4 5 4
27962 27905 57 0 0.5999 0.592356 0.0075437 7 2 7 2
28245 28171 74 9 0.49991 0.491144 0.00876533 6 3 6 3
29826 29621 205 6 0.49995 0.476061 0.0238889 6 3 5 3
