735 682 53 5 0.89997 0.893026 0.0069444 4 0 4 0
941 779 162 8 0.899915 0.879181 0.0207348 7 0 7 0
2567 2395 172 7 0.699992 0.679243 0.0207489 8 0 8 0
2656 2360 296 6 0.699965 0.661914 0.0380508 9 0 9 0
2681 2445 236 3 0.69981 0.672083 0.0277268 6 1 6 1
2793 2429 364 9 0.699939 0.654526 0.0454137 5 1 5 1
4137 4018 119 2 0.499915 0.486802 0.0131129 5 4 5 4
4164 4103 61 1 0.499997 0.492201 0.00779536 7 2 7 2
4272 4156 116 4 0.499954 0.482531 0.0174229 8 1 8 1
4429 4087 342 0 0.499964 0.4601 0.0398634 6 2 6 2
5549 5287 262 5 0.499998 0.469531 0.0304669 7 2 7 2
7596 7468 128 9 0.599852 0.584426 0.0154259 7 2 7 2
7632 7260 372 7 0.599777 0.552122 0.0476553 7 2 6 2
8123 7913 210 1 0.79993 0.772134 0.0277958 9 0 8 0
8252 7964 288 8 0.19995 0.164369 0.0355815 8 1 8 1
9607 9374 233 5 0.799979 0.773527 0.0264516 7 2 5 1
10088 9834 254 3 0.299848 0.267616 0.032232 6 3 6 3
10692 10634 58 6 0.199893 0.192455 0.00743724 8 1 8 1
10977 10613 364 4 0.5 0.45103 0.0489702 7 2 7 2
11431 11156 275 2 0.399986 0.365454 0.0345317 5 4 5 4
11718 11397 321 5 0.89993 0.862785 0.0371451 9 0 4 0
14040 13987 53 0 0.0999773 0.0933147 0.00666255 6 3 6 3
14345 14145 200 1 0.399971 0.375511 0.0244598 7 2 7 2
14414 14201 213 8 0.699997 0.674871 0.0251262 8 1 7 1
14532 14314 218 9 0.399955 0.374421 0.0255336 6 3 6 3
15179 14888 291 2 0.899905 0.8656 0.0343051 5 4 2 0
15244 14866 378 6 0.899762 0.851637 0.0481248 8 1 2 0
16411 16134 277 7 0.199942 0.167918 0.0320246 6 3 6 3
16737 16551 186 4 0.599993 0.576947 0.0230455 5 4 5 4
17264 17146 118 3 0.499939 0.484055 0.0158838 5 4 5 4
17453 17275 178 5 0.399966 0.37798 0.0219863 5 4 4 4
19239 19078 161 2 0.599968 0.579675 0.020293 4 5 4 5
19607 19554 53 9 0.699845 0.693053 0.00679225 7 2 6 2
20363 20151 212 4 0.799903 0.772407 0.0274967 8 1 7 0
20378 20011 367 6 0.499963 0.455724 0.0442383 8 1 7 1
21042 20713 329 8 0.399922 0.362213 0.0377094 5 4 5 4
21160 21103 57 1 0.49985 0.491473 0.00837657 6 3 6 3
21956 21851 105 3 0.699938 0.687653 0.0122853 6 3 6 3
22054 21850 204 0 0.499936 0.474792 0.025144 5 4 5 4
24523 24165 358 5 0.499945 0.457311 0.0426349 6 3 6 3
24677 24514 163 8 0.89995 0.881895 0.0180545 7 2 2 0
25178 24837 341 7 0.399984 0.360501 0.0394831 7 2 7 2
25238 24995 243 9 0.499946 0.471684 0.0282619 8 1 8 1
26224 25920 304 2 0.399984 0.361858 0.0381259 8 1 8 1
26502 26349 153 4 0.399935 0.38163 0.018305 6 3 6 3
27694 27322 372 1 0.499795 0.454034 0.0457617 5 4 5 4
28415 28316 99 6 0.299996 0.289115 0.0108811 5 4 5 4
28459 28228 231 3 0.399935 0.373114 0.026821 6 3 6 3
29308 29248 60 5 0.699876 0.691108 0.0087679 6 3 4 3
