827 758 69 4 0.899989 0.891255 0.00873379 5 0 5 0
1626 1532 94 7 0.79994 0.78881 0.0111304 9 0 9 0
1627 1574 53 5 0.799983 0.791654 0.0083287 8 0 8 0
1714 1549 165 2 0.799951 0.77933 0.0206206 8 1 8 1
1824 1576 248 8 0.799962 0.770177 0.0297849 6 0 6 0
2607 2455 152 1 0.699982 0.681689 0.0182936 5 3 5 3
3354 3290 64 6 0.59992 0.59171 0.00820979 8 1 8 1
3492 3326 166 9 0.599961 0.580555 0.0194054 9 0 9 0
4090 4034 56 3 0.49993 0.491756 0.00817396 4 5 4 5
4981 4608 373 4 0.599981 0.551867 0.0481148 8 1 7 1
5252 4970 282 7 0.69992 0.665515 0.0344047 7 2 6 2
6145 5819 326 0 0.299894 0.263361 0.0365327 8 1 8 1
6304 5954 350 2 0.599954 0.557292 0.0426618 6 3 6 3
7045 6840 205 8 0.499843 0.475156 0.0246866 7 2 7 2
7812 7666 146 9 0.699969 0.681731 0.0182385 8 1 8 1
8343 8077 266 1 0.499955 0.465474 0.0344816 7 2 7 2
9999 9946 53 5 0.0999164 0.0922584 0.00765797 7 2 7 2
10490 10167 323 4 0.59995 0.561476 0.0384737 8 1 5 1
10948 10857 91 6 0.299919 0.288843 0.0110758 8 1 8 1
11138 10813 325 8 0.799933 0.76329 0.0366426 6 3 6 2
11246 10860 386 3 0.399918 0.350658 0.0492607 6 3 6 3
11709 11503 206 7 0.399979 0.374667 0.0253124 7 2 7 2
12568 12281 287 2 0.499989 0.465315 0.0346735 7 2 6 2
12667 12355 312 9 0.599934 0.565169 0.0347659 7 2 7 2
13483 13343 140 0 0.499946 0.483215 0.0167315 7 2 7 2
15217 14829 388 4 0.699924 0.651686 0.0482377 8 1 4 1
15760 15600 160 3 0.799916 0.779812 0.0201033 8 1 7 1
15787 15511 276 8 0.599977 0.566254 0.0337236 5 4 4 3
16498 16405 93 1 0.299896 0.289675 0.0102211 8 1 8 1
16982 16720 262 7 0.699907 0.669757 0.0301496 8 1 7 1
17407 17097 310 5 0.59997 0.56303 0.0369404 6 3 5 3
19027 18633 394 9 0.499969 0.451439 0.0485305 7 2 7 2
19863 19722 141 0 0.499903 0.483377 0.0165255 8 1 8 1
19997 19786 211 2 0.399929 0.375135 0.0247942 7 2 7 2
20174 20036 138 4 0.599995 0.583612 0.016383 6 3 5 2
20592 20517 75 6 0.199879 0.187668 0.0122105 7 2 7 2
22033 21658 375 3 0.399999 0.352908 0.0470909 5 4 5 4
22593 22506 87 7 0.482951 0.470879 0.0120718 4 5 4 5
23531 23415 116 8 0.299984 0.285556 0.0144284 6 3 6 3
23561 23500 61 5 0.479867 0.47266 0.00720719 7 2 7 2
23567 23471 96 1 0.499971 0.489368 0.0106029 7 2 6 2
26463 26289 174 9 0.399891 0.378786 0.0211048 8 1 8 1
26611 26453 158 6 0.699952 0.680204 0.0197473 8 1 6 1
26851 26718 133 2 0.499909 0.483614 0.0162949 6 3 6 3
26988 26894 94 4 0.399946 0.38841 0.011536 9 0 9 0
27904 27820 84 0 0.299859 0.288607 0.0112519 3 6 3 6
28228 27969 259 3 0.599965 0.567765 0.0321996 4 5 4 4
