821 767 54 1 0.899991 0.892656 0.00733523 7 0 7 0
980 778 202 5 0.899927 0.877023 0.0229041 5 0 5 0
1822 1602 220 6 0.799918 0.772023 0.0278953 8 0 8 0
1948 1628 320 0 0.799966 0.761963 0.038003 7 0 7 0
2465 2412 53 2 0.699929 0.693704 0.00622484 7 2 7 2
2510 2315 195 3 0.699939 0.673061 0.0268778 7 2 7 2
4162 4069 93 7 0.499884 0.486956 0.0129282 8 1 8 1
4589 4525 64 1 0.599922 0.592843 0.00707884 9 0 9 0
4875 4803 72 4 0.399949 0.389752 0.0101967 6 3 6 3
5003 4829 174 9 0.39997 0.378264 0.0217064 9 0 9 0
5707 5404 303 0 0.699947 0.661908 0.0380389 9 0 8 0
6689 6404 285 5 0.399945 0.364362 0.0355833 7 2 7 2
6829 6522 307 8 0.199895 0.163453 0.0364413 8 1 8 1
8006 7645 361 6 0.399957 0.356449 0.0435087 5 4 5 4
8041 7719 322 2 0.499902 0.461146 0.0387562 5 4 4 4
9206 8861 345 3 0.399924 0.359526 0.040398 7 2 7 2
9905 9851 54 4 0.69989 0.69284 0.00705021 6 3 5 3
11378 11320 58 0 0.49989 0.491408 0.00848185 6 3 6 3
11391 11170 221 1 0.399935 0.372302 0.0276336 9 0 9 0
11624 11497 127 6 0.899987 0.884513 0.0154736 8 1 5 0
11942 11803 139 5 0.699964 0.684375 0.0155882 9 0 7 0
12607 12458 149 9 0.399998 0.382145 0.0178527 8 1 7 1
13078 12891 187 7 0.199994 0.177971 0.0220222 7 2 7 2
13804 13597 207 8 0.599964 0.574138 0.0258263 6 3 6 3
14565 14400 165 2 0.499906 0.480512 0.0193934 5 4 5 4
14630 14341 289 3 0.699947 0.66337 0.0365773 6 3 6 3
14795 14487 308 4 0.599948 0.56324 0.036708 7 2 7 1
16380 16241 139 6 0.499975 0.482406 0.0175684 5 4 5 4
17436 17298 138 1 0.599953 0.583086 0.0168675 7 2 6 2
17726 17633 93 3 0.799954 0.786865 0.0130883 7 2 6 2
17813 17635 178 0 0.49992 0.476755 0.0231649 9 0 9 0
18454 18223 231 5 0.399987 0.374267 0.02572 6 3 6 3
18551 18498 53 9 0.59996 0.592349 0.00761137 9 0 8 0
18555 18255 300 4 0.799942 0.763836 0.0361062 9 0 7 0
19555 19201 354 2 0.699764 0.657228 0.0425362 5 4 4 3
19890 19682 208 8 0.499996 0.474001 0.0259951 4 5 4 5
20992 20649 343 7 0.49995 0.459643 0.0403073 7 2 7 2
22609 22455 154 0 0.699919 0.681282 0.0186371 9 0 7 0
23023 22850 173 4 0.599983 0.579727 0.0202568 9 0 9 0
23701 23500 201 2 0.69994 0.674113 0.0258275 9 0 7 0
24365 24184 181 1 0.399972 0.37734 0.0226317 8 1 8 1
24505 24301 204 3 0.299898 0.275049 0.0248486 8 1 8 1
24581 24312 269 9 0.49998 0.465524 0.0344558 9 0 9 0
25107 24980 127 6 0.199964 0.181337 0.0186269 7 2 7 2
25689 25614 75 7 0.699939 0.690724 0.00921433 4 5 4 4
26089 25977 112 5 0.399928 0.385197 0.0147314 7 2 7 2
26331 26209 122 8 0.49999 0.483892 0.0160983 6 3 6 3
27433 27143 290 4 0.69991 0.662837 0.0370727 7 2 3 2
28193 28083 110 0 0.499914 0.48632 0.013594 6 3 5 3
29409 29312 97 9 0.699985 0.687811 0.0121738 7 2 6 2
29565 29390 175 1 0.699908 0.676916 0.0229926 8 1 7 1
