878 704 174 9 0.899894 0.879058 0.0208363 4 0 4 0
2564 2431 133 1 0.699946 0.684061 0.015885 8 1 8 1
2737 2397 340 8 0.699987 0.661992 0.0379949 7 1 7 1
3030 2905 125 9 0.799948 0.784543 0.0154049 7 0 6 0
3421 3195 226 5 0.59995 0.57122 0.0287298 9 0 9 0
3511 3207 304 7 0.599974 0.564025 0.035949 9 0 9 0
4110 3977 133 4 0.499927 0.481957 0.0179698 9 0 9 0
4319 4110 209 2 0.499929 0.474467 0.0254624 9 0 9 0
4965 4805 160 6 0.399966 0.380916 0.0190496 8 1 8 1
5145 4966 179 0 0.399895 0.376676 0.0232193 7 2 7 2
5367 5000 367 3 0.399963 0.355336 0.0446275 6 3 6 3
7164 6999 165 7 0.799861 0.777593 0.0222687 8 1 6 1
7520 7284 236 8 0.599891 0.573815 0.0260762 7 2 6 2
9395 9204 191 5 0.499964 0.477623 0.0223408 6 3 6 3
9891 9529 362 9 0.299893 0.254725 0.0451679 9 0 9 0
10332 10267 65 0 0.699931 0.691362 0.00856908 8 1 6 1
10527 10474 53 3 0.699852 0.692048 0.00780341 8 1 8 1
10732 10448 284 1 0.199956 0.166578 0.0333785 8 1 8 1
12028 11699 329 6 0.499959 0.460432 0.0395267 9 0 8 0
12418 12018 400 4 0.299929 0.250261 0.0496684 5 4 5 4
12522 12349 173 2 0.299958 0.278009 0.0219492 8 1 7 1
13356 13042 314 7 0.39983 0.362497 0.0373334 6 3 6 3
15453 15130 323 8 0.299916 0.263304 0.0366115 6 3 6 3
15530 15467 63 9 0.699883 0.69091 0.0089728 7 2 6 2
17373 17143 230 4 0.799956 0.772589 0.0273677 8 1 7 0
17578 17418 160 0 0.299997 0.279891 0.0201065 6 3 6 3
17815 17630 185 3 0.299928 0.277685 0.0222437 8 1 7 1
19281 19059 222 5 0.0999257 0.0709037 0.029022 8 1 8 1
19382 19266 116 7 0.599901 0.584234 0.015667 7 2 7 2
19474 19196 278 6 0.399918 0.367205 0.0327126 8 1 8 1
19578 19290 288 9 0.699898 0.665602 0.0342955 7 2 6 2
20091 20038 53 1 0.299937 0.292703 0.00723359 6 3 6 3
21403 21227 176 2 0.299784 0.280073 0.0197105 6 3 6 3
21796 21677 119 4 0.599971 0.5856 0.0143714 4 5 4 5
23316 23262 54 3 0.69997 0.692956 0.00701476 5 4 4 4
23828 23470 358 8 0.399985 0.356927 0.0430584 7 2 7 2
25510 25273 237 7 0.499956 0.473278 0.0266774 8 1 8 1
25812 25537 275 0 0.399932 0.368373 0.0315596 6 3 6 3
25819 25626 193 5 0.699972 0.677561 0.022411 8 1 5 1
27461 27178 283 1 0.499957 0.466235 0.0337223 8 1 6 0
27958 27905 53 6 0.299977 0.291907 0.00807029 7 2 7 2
28534 28428 106 9 0.0999931 0.0870153 0.0129779 6 3 6 3
28742 28494 248 4 0.399997 0.371357 0.0286397 7 2 7 2
28912 28558 354 2 0.499845 0.457708 0.0421376 7 2 7 2
29258 28957 301 8 0.699952 0.664817 0.0351349 7 2 6 2
