1060 750 310 7 0.899935 0.863401 0.0365345 4 0 4 0
1688 1564 124 9 0.799837 0.78551 0.0143272 8 0 8 0
1784 1595 189 8 0.799892 0.7715 0.0283921 5 1 5 1
2502 2441 61 0 0.699998 0.691562 0.00843518 7 1 7 1
2509 2426 83 2 0.699979 0.69043 0.00954872 6 0 6 0
2599 2382 217 4 0.699967 0.673175 0.0267921 8 0 8 0
2670 2459 211 3 0.699948 0.674923 0.0250247 8 0 8 0
3439 3289 150 6 0.599941 0.581624 0.0183171 5 2 5 2
5117 4797 320 1 0.399928 0.359164 0.0407636 6 3 6 3
5192 4853 339 5 0.39995 0.356764 0.0431853 7 1 7 1
6153 5977 176 8 0.599964 0.575464 0.0244991 7 2 7 2
6667 6590 77 9 0.499933 0.491472 0.00846111 7 2 7 2
6953 6649 304 7 0.39998 0.365581 0.0343987 8 1 8 1
7521 7331 190 3 0.599818 0.578721 0.0210972 8 1 7 1
8230 7846 384 2 0.499858 0.453297 0.0465608 6 2 5 2
9004 8678 326 0 0.399891 0.36109 0.0388009 5 4 5 4
9475 9280 195 6 0.499953 0.478588 0.0213652 6 3 5 3
10084 9788 296 4 0.299948 0.264778 0.0351702 6 3 6 3
10580 10362 218 5 0.699968 0.675263 0.0247049 8 1 5 1
12218 12034 184 7 0.699979 0.676296 0.0236831 6 3 2 2
12722 12474 248 6 0.899954 0.871565 0.0283894 7 2 3 0
12976 12742 234 1 0.399892 0.372129 0.0277634 5 4 5 4
13690 13438 252 3 0.499914 0.470703 0.0292111 7 2 5 2
13985 13744 241 8 0.299982 0.271168 0.0288132 5 4 5 4
14088 13790 298 2 0.599987 0.565293 0.0346939 8 1 6 1
15418 15364 54 9 0.199951 0.192093 0.00785851 6 3 6 3
16714 16586 128 0 0.399979 0.384274 0.0157053 6 3 6 3
16764 16444 320 4 0.599928 0.561606 0.0383215 7 2 7 2
16931 16878 53 7 0.599893 0.592882 0.00701131 4 5 4 5
17529 17403 126 6 0.499987 0.482879 0.0171082 7 2 7 2
18001 17717 284 5 0.299976 0.268665 0.0313107 8 1 8 1
19615 19388 227 4 0.899876 0.873817 0.0260585 8 1 3 0
20159 19969 190 3 0.49993 0.47744 0.0224898 8 1 8 1
20201 20142 59 2 0.49998 0.491739 0.00824149 7 2 7 2
20882 20634 248 1 0.399995 0.372428 0.0275667 6 3 6 3
21228 21157 71 9 0.699797 0.691091 0.00870572 7 2 5 2
21955 21650 305 0 0.699981 0.663449 0.0365312 7 2 6 2
22858 22706 152 7 0.499953 0.483242 0.0167111 8 1 7 1
22904 22665 239 4 0.699925 0.673484 0.0264402 7 2 3 2
22980 22900 80 8 0.282095 0.27265 0.00944501 4 5 4 5
23182 22995 187 6 0.599981 0.578874 0.0211067 6 3 5 3
24588 24329 259 5 0.599942 0.565736 0.0342058 6 3 5 3
25922 25588 334 2 0.599951 0.560598 0.0393526 7 2 7 2
26733 26634 99 9 0.499817 0.487386 0.0124311 8 1 8 1
26846 26784 62 1 0.599905 0.592116 0.00778883 8 1 8 1
27370 27210 160 3 0.399955 0.380543 0.0194129 8 1 8 1
27567 27422 145 7 0.699961 0.68152 0.0184413 9 0 9 0
27718 27392 326 6 0.69994 0.659363 0.040577 6 3 6 3
28697 28375 322 4 0.499979 0.461859 0.0381204 5 4 5 4
29399 29149 250 0 0.299934 0.268507 0.0314277 7 2 7 2
