837 783 54 2 0.899891 0.893542 0.00634911 5 0 5 0
1722 1598 124 4 0.79997 0.784806 0.0151648 6 1 6 1
1859 1649 210 3 0.799915 0.774245 0.0256701 8 0 8 0
1889 1596 293 9 0.799896 0.765807 0.0340887 7 0 7 0
2691 2417 274 5 0.699979 0.663771 0.0362074 6 1 6 1
2741 2432 309 6 0.699973 0.6627 0.0372725 4 1 4 1
3518 3201 317 8 0.599996 0.564131 0.0358645 7 2 7 2
3664 3263 401 1 0.599944 0.548546 0.0513979 7 1 7 1
3986 3740 246 2 0.699965 0.670249 0.0297155 6 2 6 2
4935 4882 53 7 0.399815 0.391741 0.00807462 5 4 5 4
5384 5328 56 9 0.69998 0.691627 0.00835397 7 1 6 1
6064 5930 134 4 0.599918 0.584213 0.0157052 7 2 6 2
7315 6975 340 8 0.799934 0.759304 0.0406299 8 1 7 1
7536 7463 73 0 0.0999396 0.0888775 0.0110621 7 2 7 2
8531 8291 240 6 0.499891 0.472851 0.0270407 7 2 7 2
8700 8591 109 3 0.299846 0.284815 0.0150308 9 0 9 0
9930 9710 220 1 0.499954 0.473505 0.0264484 7 2 7 2
10803 10750 53 5 0.199979 0.193106 0.00687289 4 5 4 5
11155 10804 351 8 0.699936 0.657155 0.042781 5 4 4 4
12133 11910 223 4 0.499993 0.473816 0.0261771 8 1 8 1
12575 12376 199 7 0.399984 0.375804 0.0241796 6 3 6 3
12858 12768 90 2 0.0999552 0.0889228 0.0110324 8 1 8 1
12877 12516 361 9 0.299909 0.252786 0.0471234 6 3 6 3
13852 13718 134 0 0.7 0.682669 0.0173313 5 4 5 4
14300 14013 287 6 0.599963 0.566066 0.0338971 7 2 5 2
16091 15820 271 3 0.499994 0.467111 0.0328832 7 2 6 2
16177 15877 300 8 0.599981 0.565914 0.0340672 4 5 4 5
17796 17671 125 7 0.699947 0.686011 0.0139359 7 2 5 1
18040 17668 372 4 0.599974 0.557536 0.0424383 5 4 3 4
18673 18482 191 0 0.599911 0.576514 0.0233976 5 4 5 3
18985 18805 180 1 0.199921 0.179539 0.0203818 8 1 8 1
19354 19218 136 6 0.59998 0.583111 0.0168686 7 2 5 2
19417 19223 194 5 0.399906 0.377719 0.0221866 9 0 7 0
20116 19934 182 2 0.599963 0.57716 0.0228033 7 2 6 2
22800 22467 333 3 0.499942 0.459099 0.0408431 7 2 6 2
22851 22523 328 9 0.199923 0.161907 0.0380168 6 3 6 3
23241 23040 201 8 0.399914 0.375791 0.0241225 6 3 6 2
23510 23191 319 7 0.499834 0.459456 0.0403782 6 3 6 3
25042 24819 223 4 0.399899 0.369717 0.0301819 6 3 6 3
25288 25127 161 6 0.499949 0.479778 0.0201705 6 3 5 3
25398 25205 193 2 0.599996 0.577434 0.0225623 5 4 5 4
26748 26442 306 1 0.499992 0.465577 0.034415 6 3 5 3
26980 26562 418 7 0.89999 0.847493 0.0524973 7 2 3 0
28026 27867 159 0 0.0999313 0.0808015 0.0191298 7 2 7 2
28624 28528 96 5 0.19994 0.189325 0.0106148 8 1 8 1
29323 29109 214 3 0.499996 0.475999 0.0239974 8 1 7 1
29438 29296 142 4 0.799999 0.780541 0.0194586 8 1 6 0
