959 773 186 0 0.899861 0.877222 0.0226385 5 0 5 0
1587 1448 139 8 0.799949 0.780302 0.0196474 6 1 6 1
2544 2330 214 6 0.69996 0.673506 0.0264546 8 1 8 1
2560 2435 125 9 0.699929 0.684724 0.0152054 8 1 8 1
2591 2272 319 0 0.899912 0.862924 0.036988 7 0 5 0
2730 2404 326 5 0.699942 0.660015 0.0399269 8 1 8 1
3438 3204 234 7 0.599953 0.572863 0.0270897 8 1 8 1
3461 3306 155 1 0.59998 0.58019 0.0197899 7 2 7 2
4432 4077 355 4 0.499991 0.454359 0.0456318 7 2 7 2
5652 5599 53 2 0.299861 0.291663 0.00819789 5 4 5 4
5879 5623 256 3 0.299897 0.26967 0.030227 6 3 6 3
6851 6602 249 8 0.499962 0.471211 0.0287518 7 2 7 2
7018 6660 358 5 0.699897 0.657383 0.0425145 8 1 5 1
8238 8106 132 6 0.499935 0.481938 0.0179974 6 3 5 3
9860 9587 273 9 0.299945 0.266974 0.0329711 6 3 6 3
10676 10514 162 0 0.0999874 0.0804412 0.0195462 9 0 9 0
10873 10796 77 4 0.499912 0.490515 0.00939732 9 0 8 0
11091 10997 94 7 0.299924 0.286753 0.0131707 8 1 8 1
11102 11047 55 1 0.299907 0.292033 0.00787451 6 3 6 3
12386 12316 70 8 0.599971 0.590564 0.00940729 6 3 6 3
13842 13544 298 2 0.399879 0.365703 0.0341766 5 4 5 4
13981 13917 64 3 0.399878 0.390302 0.00957618 6 3 6 3
14503 14268 235 5 0.299955 0.272612 0.0273428 7 2 7 2
15423 15286 137 6 0.399979 0.38477 0.0152091 5 4 3 4
15499 15442 57 4 0.699976 0.691103 0.00887271 9 0 4 0
17120 17018 102 9 0.499911 0.487128 0.0127833 4 5 3 4
19101 18991 110 1 0.399952 0.387065 0.0128869 6 3 6 2
19193 18989 204 3 0.699987 0.675005 0.024982 6 3 6 2
19287 19053 234 7 0.399963 0.371578 0.0283848 7 2 6 2
20318 20148 170 4 0.599924 0.579351 0.0205732 6 3 5 3
20914 20720 194 2 0.499975 0.477476 0.0224995 5 4 5 4
21081 20855 226 5 0.599982 0.574796 0.0251862 7 2 7 2
21424 21266 158 6 0.599923 0.582552 0.0173711 3 6 3 5
21467 21109 358 0 0.199971 0.155308 0.044663 6 3 6 3
21792 21523 269 8 0.0999863 0.0677631 0.0322231 6 3 6 3
21851 21694 157 9 0.699923 0.681202 0.0187212 6 3 4 1
23612 23527 85 7 0.799902 0.787548 0.0123535 7 2 4 2
24883 24762 121 3 0.499906 0.482663 0.0172434 7 2 7 2
25278 24956 322 1 0.59997 0.562323 0.0376465 8 1 6 1
25730 25562 168 2 0.699978 0.676091 0.023887 7 2 6 2
27278 26904 374 5 0.499786 0.456566 0.0432204 9 0 9 0
27500 27174 326 6 0.499932 0.458967 0.0409645 6 3 6 2
27702 27562 140 4 0.299893 0.283031 0.0168624 8 1 8 1
29063 28934 129 9 0.299891 0.282645 0.0172459 7 2 7 2
29699 29429 270 7 0.399918 0.365952 0.0339666 7 2 7 2
