845 792 53 0 0.899909 0.892531 0.0073784 8 1 8 1
1001 708 293 1 0.899902 0.865577 0.0343255 9 0 9 0
1918 1641 277 9 0.799969 0.766623 0.0333464 9 0 9 0
2695 2395 300 7 0.699904 0.662627 0.0372778 8 1 8 1
3536 3245 291 3 0.599928 0.565503 0.0344243 8 1 8 1
3813 3716 97 0 0.699904 0.686947 0.012957 7 2 7 2
4121 3937 184 6 0.499969 0.477722 0.022247 6 3 6 3
4320 4011 309 8 0.499952 0.46528 0.0346716 5 4 5 4
4424 4091 333 2 0.499916 0.459634 0.0402814 4 5 4 5
4492 4063 429 5 0.499918 0.451541 0.048377 5 4 5 4
5045 4867 178 4 0.399944 0.380007 0.0199374 3 6 3 6
6012 5692 320 1 0.499896 0.46392 0.0359759 4 5 4 5
6802 6747 55 0 0.79994 0.792081 0.00785918 6 3 6 3
6820 6624 196 7 0.699952 0.676566 0.0233868 5 4 5 4
7968 7695 273 9 0.399938 0.36727 0.0326681 6 3 6 3
8523 8309 214 2 0.79995 0.774022 0.0259277 8 1 8 1
9058 9000 58 8 0.699953 0.690398 0.00955492 7 2 7 2
9196 9058 138 1 0.899961 0.884231 0.0157296 7 2 7 2
9321 9115 206 5 0.699895 0.675274 0.0246215 5 4 5 4
9329 9213 116 4 0.799969 0.785912 0.014057 4 5 4 5
10419 10224 195 6 0.499936 0.478206 0.0217295 6 3 6 3
10562 10376 186 2 0.899984 0.876792 0.0231918 6 3 6 3
11151 11004 147 0 0.599897 0.582226 0.0176713 7 2 7 2
11320 11025 295 3 0.299989 0.263861 0.0361276 6 3 6 3
11609 11431 178 9 0.899946 0.876571 0.0233753 6 3 6 3
12217 12015 202 8 0.799994 0.775711 0.0242834 5 4 5 4
13151 13039 112 1 0.599997 0.586472 0.0135248 7 2 7 2
13509 13208 301 7 0.399971 0.365849 0.0341222 6 3 6 3
14046 13985 61 8 0.899971 0.892441 0.0075306 6 3 6 3
14483 14380 103 4 0.499946 0.48789 0.0120555 6 3 6 3
14607 14408 199 2 0.599944 0.577346 0.0225987 5 4 5 4
15738 15438 300 9 0.599976 0.564814 0.0351625 6 3 6 3
15771 15671 100 5 0.399907 0.388201 0.0117066 5 4 5 4
16013 15917 96 6 0.59997 0.587944 0.0120265 4 5 4 5
16295 16172 123 0 0.599926 0.58375 0.0161756 3 6 3 6
17056 16850 206 3 0.699956 0.675825 0.0241303 4 5 4 5
18088 18033 55 2 0.799959 0.791737 0.00822192 7 2 7 2
18562 18176 386 1 0.599987 0.549408 0.0505786 7 2 7 2
19063 18766 297 7 0.699987 0.663026 0.0369604 7 2 7 2
20447 20040 407 9 0.699945 0.648611 0.0513337 7 2 7 2
20562 20346 216 8 0.299981 0.275144 0.0248372 6 3 6 3
20936 20622 314 2 0.799944 0.760693 0.0392515 7 2 7 2
21744 21594 150 4 0.399909 0.380795 0.0191135 6 3 6 3
22133 22080 53 7 0.79997 0.792174 0.00779615 8 1 8 1
22223 22108 115 1 0.799901 0.782353 0.0175473 6 3 6 3
22747 22505 242 3 0.499973 0.471953 0.0280196 5 4 5 4
22803 22437 366 5 0.499911 0.454785 0.0451254 6 3 6 3
23431 23378 53 6 0.2999 0.292895 0.00700493 5 4 5 4
23970 23743 227 0 0.299969 0.270723 0.0292457 5 4 5 4
24749 24667 82 1 0.79997 0.789318 0.0106517 5 4 5 4
25329 25222 107 2 0.59993 0.585962 0.0139686 6 3 6 3
25349 25294 55 9 0.59996 0.59283 0.00713043 5 4 5 4
25573 25486 87 7 0.699926 0.68698 0.0129462 4 5 4 5
26150 25936 214 4 0.799896 0.773888 0.026008 4 5 4 5
27078 26745 333 3 0.799976 0.75869 0.0412854 4 5 4 5
27905 27770 135 2 0.899895 0.885054 0.0148411 7 2 7 2
28105 27725 380 8 0.499938 0.454844 0.0450938 8 1 8 1
28393 27968 425 6 0.799909 0.75134 0.048569 6 3 6 3
28760 28608 152 9 0.799972 0.7807 0.0192726 7 2 7 2
29496 29320 176 7 0.699963 0.677498 0.0224646 5 4 5 4
29526 29266 260 5 0.499904 0.467919 0.0319849 6 3 6 3
29968 29754 214 3 0.799933 0.773901 0.0260316 5 4 5 4
29997 29787 210 1 0.499907 0.474401 0.0255061 4 5 4 5
