825 755 70 5 0.899963 0.889971 0.00999184 9 0 9 0
835 765 70 7 0.899993 0.891053 0.00894015 9 0 9 0
908 775 133 1 0.899943 0.882125 0.0178185 8 1 8 1
1726 1595 131 2 0.79986 0.780902 0.0189581 9 0 9 0
1843 1571 272 4 0.799932 0.769814 0.0301179 7 2 7 2
2563 2391 172 9 0.699944 0.67715 0.0227939 7 2 7 2
2571 2478 93 8 0.682752 0.670026 0.0127253 7 2 7 2
3498 3305 193 3 0.599925 0.577518 0.0224079 7 2 7 2
3926 3612 314 4 0.899984 0.861798 0.0381862 6 3 6 3
4012 3840 172 7 0.699924 0.67961 0.0203134 5 4 5 4
4893 4574 319 5 0.599869 0.561035 0.038834 6 3 6 3
4911 4756 155 9 0.899901 0.880855 0.0190458 6 3 6 3
5274 5132 142 2 0.699947 0.681343 0.0186041 5 4 5 4
5788 5592 196 6 0.299767 0.277435 0.0223312 7 2 7 2
5972 5778 194 0 0.299992 0.277923 0.0220697 6 3 6 3
6340 6010 330 3 0.89999 0.856483 0.043507 5 4 5 4
7184 6962 222 9 0.799988 0.771987 0.028001 7 2 7 2
7337 7035 302 4 0.699991 0.660617 0.0393735 5 4 5 4
7628 7262 366 1 0.299985 0.254972 0.0450132 5 4 5 4
8708 8514 194 7 0.599953 0.576589 0.0233638 5 4 5 4
9181 8931 250 2 0.699988 0.666933 0.0330554 7 2 7 2
9872 9533 339 4 0.899812 0.859531 0.0402806 6 3 6 3
10006 9655 351 8 0.299938 0.253948 0.0459902 5 4 5 4
10187 10056 131 5 0.599911 0.582701 0.0172101 4 5 4 5
12096 11762 334 3 0.399967 0.361274 0.0386934 7 2 7 2
12229 12176 53 9 0.499951 0.493187 0.00676342 5 4 5 4
12256 12125 131 7 0.799974 0.784522 0.0154523 7 2 7 2
12376 12136 240 4 0.799988 0.771719 0.028269 7 2 7 2
13448 13111 337 2 0.699989 0.660736 0.0392532 4 5 4 5
14053 14000 53 1 0.59992 0.591238 0.00868199 5 4 5 4
14063 13780 283 6 0.399935 0.367626 0.0323093 6 3 6 3
15044 14894 150 0 0.299921 0.28197 0.0179512 7 2 7 2
15611 15246 365 5 0.59987 0.553793 0.0460772 6 3 6 3
15726 15573 153 7 0.699967 0.680066 0.0199007 5 4 5 4
16882 16665 217 4 0.599899 0.572971 0.0269275 5 4 5 4
17594 17404 190 1 0.799936 0.777886 0.0220493 6 3 6 3
17812 17443 369 9 0.599888 0.5559 0.0439878 6 3 6 3
18772 18669 103 7 0.799961 0.786034 0.0139274 8 1 8 1
19101 18789 312 8 0.299926 0.261369 0.0385576 8 1 8 1
19825 19607 218 3 0.399956 0.373192 0.0267639 6 3 6 3
19872 19677 195 0 0.799955 0.775554 0.0244018 7 2 7 2
20519 20301 218 4 0.799903 0.770221 0.0296822 6 3 6 3
20616 20562 54 2 0.299939 0.293929 0.00601074 5 4 5 4
20871 20726 145 5 0.599959 0.579792 0.0201673 4 5 4 5
21339 21000 339 1 0.699887 0.659962 0.039925 4 5 4 5
21930 21616 314 6 0.39993 0.36111 0.0388199 4 5 4 5
23183 22968 215 9 0.599948 0.573281 0.0266661 7 2 7 2
23516 23189 327 4 0.799936 0.758991 0.0409457 6 3 6 3
24454 24093 361 3 0.799814 0.756388 0.043426 6 3 6 3
24990 24638 352 8 0.699943 0.657015 0.0429271 7 2 7 2
25066 25001 65 0 0.499901 0.491256 0.00864499 7 2 7 2
25454 25088 366 5 0.69992 0.657579 0.042341 6 3 6 3
25671 25450 221 7 0.299956 0.274514 0.0254415 6 3 6 3
26541 26310 231 3 0.899969 0.871868 0.0281009 5 4 5 4
27096 26942 154 1 0.49996 0.478941 0.0210192 6 3 6 3
27306 27033 273 4 0.699993 0.668819 0.0311738 5 4 5 4
27306 27032 274 6 0.69998 0.666616 0.0333633 5 4 5 4
27902 27675 227 2 0.499935 0.473713 0.0262213 5 4 5 4
29044 28771 273 0 0.8 0.767527 0.0324732 7 2 7 2
29282 28925 357 8 0.699996 0.655859 0.044137 5 4 5 4
29850 29493 357 7 0.899926 0.857938 0.0419887 6 3 6 3
