799 715 84 6 0.899961 0.887784 0.0121775 9 0 9 0
850 797 53 7 0.899977 0.892393 0.0075842 8 0 8 0
870 811 59 0 0.899975 0.893494 0.00648111 7 2 7 2
1531 1478 53 5 0.799907 0.793522 0.00638536 9 0 9 0
1549 1496 53 2 0.799931 0.79256 0.00737111 8 1 8 1
1856 1572 284 8 0.799989 0.765178 0.0348117 6 3 6 3
2679 2443 236 9 0.699915 0.670089 0.0298265 7 2 7 2
3110 2854 256 7 0.799946 0.768642 0.0313034 7 2 7 2
3419 3186 233 5 0.899912 0.869198 0.030714 7 2 7 2
3461 3250 211 3 0.599929 0.573905 0.0260242 6 3 6 3
4261 4002 259 2 0.799926 0.767735 0.0321913 6 3 6 3
4431 4112 319 4 0.49995 0.458394 0.0415553 7 2 7 2
4790 4592 198 0 0.599981 0.575639 0.0243419 5 4 5 4
4861 4569 292 6 0.599998 0.563336 0.0366616 6 3 6 3
5773 5703 70 9 0.799996 0.789913 0.0100831 6 3 6 3
5804 5735 69 7 0.8 0.789815 0.0101844 5 4 5 4
6005 5738 267 1 0.299904 0.267967 0.031937 4 5 4 5
7118 6940 178 2 0.799973 0.778704 0.0212693 8 1 8 1
7638 7425 213 9 0.899986 0.875431 0.0245554 7 2 7 2
7875 7718 157 3 0.699964 0.678394 0.0215699 6 3 6 3
8149 7854 295 8 0.399976 0.364817 0.035159 5 4 5 4
8399 8272 127 4 0.799935 0.784213 0.0157222 5 4 5 4
8437 8143 294 0 0.799913 0.764387 0.0355261 5 4 5 4
8708 8365 343 7 0.799951 0.759307 0.0406437 4 5 4 5
9944 9668 276 2 0.799942 0.766137 0.0338042 7 2 7 2
10051 9701 350 5 0.299896 0.255802 0.0440942 6 3 6 3
10818 10648 170 9 0.69991 0.677154 0.0227559 6 3 6 3
11063 10812 251 3 0.79993 0.770274 0.0296563 4 5 4 5
11067 10783 284 6 0.499954 0.465069 0.0348848 5 4 5 4
11666 11342 324 7 0.799937 0.761435 0.0385017 5 4 5 4
12486 12386 100 1 0.599949 0.588814 0.0111342 6 3 6 3
12868 12537 331 4 0.599947 0.560735 0.0392125 6 3 6 3
12959 12716 243 0 0.59996 0.573239 0.0267211 5 4 5 4
14617 14529 88 3 0.699989 0.687071 0.0129176 7 2 7 2
14914 14571 343 9 0.699905 0.661419 0.0384863 7 2 7 2
15852 15632 220 8 0.399938 0.371699 0.028239 7 2 7 2
16907 16649 258 6 0.59994 0.571568 0.0283711 7 2 7 2
16940 16680 260 2 0.299904 0.269883 0.0300209 6 3 6 3
16982 16639 343 1 0.699905 0.658175 0.0417298 8 1 8 1
17119 17062 57 5 0.499942 0.492566 0.00737548 4 5 4 5
17213 16876 337 7 0.499897 0.460336 0.0395612 7 2 7 2
19006 18686 320 0 0.499978 0.462594 0.0373839 5 4 5 4
19107 18817 290 4 0.499951 0.465363 0.0345884 5 4 5 4
19378 19174 204 3 0.599901 0.576415 0.0234856 4 5 4 5
20266 20088 178 8 0.799942 0.775705 0.0242373 6 3 6 3
21646 21341 305 9 0.399919 0.36465 0.0352688 7 2 7 2
21820 21579 241 2 0.799897 0.772777 0.0271202 7 2 7 2
22496 22443 53 1 0.499975 0.493568 0.00640675 6 3 6 3
22522 22151 371 4 0.899975 0.849675 0.0503003 7 2 7 2
22818 22540 278 5 0.599918 0.568214 0.031704 6 3 6 3
23113 22788 325 6 0.499976 0.459977 0.0399988 4 5 4 5
23147 22820 327 0 0.799803 0.762686 0.0371167 3 6 3 6
24719 24457 262 7 0.399982 0.37098 0.0290019 4 5 4 5
25369 25178 191 3 0.499932 0.475257 0.0246756 7 2 7 2
25532 25235 297 2 0.699893 0.666438 0.0334551 5 4 5 4
26270 26175 95 8 0.399911 0.386788 0.0131228 6 3 6 3
27347 26998 349 5 0.699861 0.655023 0.044838 5 4 5 4
27599 27356 243 4 0.499976 0.470839 0.0291371 5 4 5 4
28130 27832 298 1 0.599897 0.564309 0.0355886 6 3 6 3
28606 28553 53 2 0.799964 0.794096 0.00586772 5 4 5 4
29304 29144 160 9 0.399891 0.381944 0.0179471 6 3 6 3
29339 29148 191 0 0.399905 0.377994 0.0219114 5 4 5 4
