875 732 143 9 0.899917 0.883771 0.0161461 9 0 9 0
924 747 177 2 0.899998 0.87856 0.0214378 7 2 7 2
1080 731 349 5 0.899891 0.85937 0.0405209 9 0 9 0
2309 2167 142 9 0.899988 0.881135 0.0188534 9 0 9 0
2334 2248 86 2 0.899896 0.887154 0.0127422 8 1 8 1
2618 2386 232 4 0.699913 0.670261 0.0296522 7 2 7 2
2647 2445 202 0 0.69996 0.674471 0.025489 5 4 5 4
2755 2457 298 6 0.699936 0.663076 0.0368599 4 5 4 5
2779 2434 345 1 0.699829 0.660113 0.039716 8 1 8 1
3447 3263 184 3 0.599968 0.57953 0.0204385 5 4 5 4
3558 3294 264 7 0.599948 0.567093 0.0328546 4 5 4 5
3608 3292 316 8 0.599931 0.562291 0.0376405 4 5 4 5
4530 4457 73 2 0.799986 0.789249 0.0107364 6 3 6 3
5240 4943 297 5 0.599973 0.565488 0.0344852 5 4 5 4
6017 5829 188 1 0.799906 0.776262 0.0236443 8 1 8 1
6295 5986 309 3 0.899847 0.862365 0.037482 8 1 8 1
6476 6179 297 7 0.899917 0.866943 0.0329741 6 3 6 3
6577 6250 327 8 0.899984 0.861145 0.0388393 6 3 6 3
6793 6474 319 0 0.699961 0.664247 0.0357135 4 5 4 5
8055 7747 308 9 0.399939 0.36155 0.0383892 8 1 8 1
8288 8037 251 8 0.89997 0.86979 0.0301795 7 2 7 2
8984 8703 281 5 0.799979 0.766986 0.0329937 7 2 7 2
9120 8998 122 4 0.399935 0.38628 0.0136551 7 2 7 2
9455 9134 321 6 0.399903 0.361046 0.0388567 6 3 6 3
9563 9330 233 1 0.699948 0.672442 0.0275062 5 4 5 4
10410 10307 103 2 0.399985 0.386341 0.0136445 5 4 5 4
11246 10950 296 3 0.499937 0.46547 0.0344674 6 3 6 3
11601 11443 158 0 0.599903 0.581032 0.018871 4 5 4 5
11673 11316 357 8 0.699924 0.65578 0.0441436 5 4 5 4
12019 11715 304 1 0.899986 0.862901 0.0370843 4 5 4 5
12331 11984 347 7 0.399992 0.356394 0.0435981 3 6 3 6
13347 13233 114 9 0.699912 0.683805 0.0161065 6 3 6 3
13575 13310 265 4 0.79992 0.768254 0.0316668 5 4 5 4
14095 13941 154 8 0.899906 0.879922 0.0199842 6 3 6 3
14525 14217 308 1 0.799982 0.760678 0.0393048 5 4 5 4
15561 15423 138 8 0.899924 0.883155 0.0167689 7 2 7 2
15607 15359 248 4 0.899905 0.86171 0.0381957 8 1 8 1
15609 15454 155 9 0.899992 0.879203 0.0207888 6 3 6 3
15970 15810 160 5 0.299948 0.276851 0.0230968 6 3 6 3
16466 16249 217 2 0.599929 0.572456 0.0274732 8 1 8 1
16862 16597 265 7 0.799961 0.766741 0.0332209 7 2 7 2
17548 17495 53 3 0.499875 0.491263 0.00861263 6 3 6 3
17836 17783 53 4 0.799993 0.791094 0.00889813 4 5 4 5
17868 17522 346 0 0.49978 0.457773 0.0420071 6 3 6 3
18150 17887 263 6 0.299892 0.267666 0.0322257 4 5 4 5
18819 18598 221 9 0.699967 0.674882 0.025085 4 5 4 5
19205 18898 307 1 0.599937 0.563313 0.0366241 4 5 4 5
19589 19536 53 7 0.799962 0.792833 0.00712963 4 5 4 5
20863 20744 119 2 0.699891 0.684878 0.0150138 7 2 7 2
21346 21011 335 8 0.399903 0.360242 0.039661 5 4 5 4
22139 22008 131 6 0.899927 0.885494 0.0144329 6 3 6 3
22146 21895 251 4 0.599991 0.56991 0.0300811 7 2 7 2
22374 22103 271 3 0.699989 0.667353 0.0326364 5 4 5 4
22817 22660 157 0 0.69995 0.679868 0.0200815 6 3 6 3
23944 23820 124 2 0.799933 0.782649 0.0172839 6 3 6 3
24433 24289 144 1 0.59993 0.582299 0.0176305 8 1 8 1
24861 24808 53 5 0.299901 0.293658 0.00624354 7 2 7 2
25217 24982 235 6 0.69992 0.67099 0.0289296 7 2 7 2
25544 25209 335 9 0.39996 0.360592 0.0393682 6 3 6 3
25778 25607 171 8 0.799892 0.776846 0.0230458 4 5 4 5
25844 25537 307 4 0.799927 0.762318 0.0376085 5 4 5 4
26457 26103 354 7 0.299899 0.260504 0.0393947 3 6 3 6
27486 27392 94 0 0.599926 0.585398 0.014528 5 4 5 4
27517 27341 176 2 0.699895 0.67954 0.0203556 6 3 6 3
28294 27964 330 3 0.499999 0.459097 0.040902 5 4 5 4
28713 28621 92 1 0.699823 0.68638 0.0134426 5 4 5 4
29317 28995 322 6 0.699929 0.660225 0.039704 5 4 5 4
29406 29353 53 4 0.69997 0.692938 0.00703195 5 4 5 4
