986 781 205 9 0.899953 0.870398 0.0295551 9 0 9 0
1674 1563 111 1 0.799902 0.786265 0.0136372 9 0 9 0
1969 1639 330 8 0.799895 0.755798 0.0440974 8 1 8 1
2497 2415 82 7 0.699946 0.690312 0.0096348 6 3 6 3
2625 2326 299 0 0.699892 0.66415 0.035742 7 2 7 2
2730 2377 353 5 0.699975 0.657223 0.0427525 6 3 6 3
3308 3170 138 3 0.599987 0.583921 0.0160663 6 3 6 3
4322 3998 324 4 0.49992 0.460336 0.0395839 6 3 6 3
4381 4046 335 6 0.499947 0.459403 0.0405432 5 4 5 4
5064 4858 206 2 0.399899 0.375092 0.0248077 6 3 6 3
5867 5595 272 9 0.499987 0.46998 0.0300065 6 3 6 3
7574 7505 69 3 0.699895 0.690826 0.00906893 7 2 7 2
7592 7512 80 1 0.399771 0.387929 0.0118418 6 3 6 3
8140 8012 128 8 0.399984 0.383398 0.0165861 6 3 6 3
8296 8242 54 0 0.49994 0.492746 0.00719396 6 3 6 3
8644 8571 73 7 0.399921 0.390757 0.00916386 5 4 5 4
9125 9059 66 5 0.399894 0.391141 0.00875244 4 5 4 5
10829 10776 53 4 0.499889 0.493861 0.00602709 7 2 7 2
11184 10914 270 1 0.899925 0.865183 0.0347412 6 3 6 3
11463 11201 262 9 0.599948 0.568881 0.0310666 6 3 6 3
12197 12020 177 0 0.799936 0.779313 0.0206229 7 2 7 2
12442 12182 260 3 0.599895 0.568962 0.0309332 6 3 6 3
12564 12509 55 6 0.299912 0.29158 0.0083323 5 4 5 4
12867 12620 247 2 0.399912 0.371981 0.0279304 5 4 5 4
13359 13299 60 5 0.799903 0.792439 0.0074643 6 3 6 3
13601 13446 155 1 0.799947 0.780202 0.0197445 5 4 5 4
14281 14008 273 8 0.599976 0.565946 0.0340306 4 5 4 5
14770 14580 190 4 0.799933 0.777569 0.0223638 6 3 6 3
15804 15712 92 9 0.699891 0.686284 0.0136064 8 1 8 1
16384 16176 208 7 0.399918 0.373427 0.0264913 8 1 8 1
16933 16610 323 5 0.699919 0.662766 0.0371522 7 2 7 2
17199 17100 99 6 0.799945 0.787669 0.0122756 7 2 7 2
17422 17199 223 0 0.499949 0.471254 0.0286951 6 3 6 3
17573 17386 187 4 0.799957 0.776842 0.0231152 5 4 5 4
17911 17648 263 8 0.799958 0.769726 0.0302313 4 5 4 5
17985 17822 163 1 0.599991 0.58028 0.0197103 3 6 3 6
18479 18396 83 3 0.499905 0.489162 0.010743 4 5 4 5
19695 19611 84 9 0.6999 0.690249 0.00965133 7 2 7 2
19809 19756 53 6 0.799899 0.793854 0.00604476 6 3 6 3
20769 20484 285 2 0.399923 0.364887 0.0350364 6 3 6 3
21512 21349 163 3 0.899952 0.880455 0.0194967 7 2 7 2
21557 21469 88 7 0.699906 0.688315 0.0115913 6 3 6 3
21630 21302 328 8 0.699999 0.658807 0.041192 8 1 8 1
22776 22624 152 4 0.499949 0.481759 0.0181906 5 4 5 4
22779 22449 330 5 0.499972 0.462036 0.0379363 6 3 6 3
23260 22912 348 0 0.599925 0.557989 0.0419365 4 5 4 5
24109 23873 236 1 0.499934 0.471279 0.0286543 6 3 6 3
24215 23970 245 6 0.599951 0.571712 0.0282397 5 4 5 4
24630 24311 319 9 0.599919 0.562107 0.037812 4 5 4 5
24688 24490 198 3 0.69995 0.675686 0.0242644 3 6 3 6
25627 25554 73 8 0.699803 0.690217 0.00958553 5 4 5 4
26468 26158 310 7 0.599948 0.5652 0.0347476 4 5 4 5
26828 26558 270 4 0.799895 0.767223 0.0326718 7 2 7 2
26876 26771 105 0 0.799908 0.785451 0.0144573 6 3 6 3
26956 26795 161 6 0.899896 0.881199 0.0186968 6 3 5 3
27877 27533 344 2 0.499921 0.460296 0.0396251 6 3 6 3
28598 28312 286 5 0.599948 0.565402 0.034546 8 1 8 1
29347 29102 245 6 0.799981 0.769899 0.0300818 7 2 7 2
