966 747 219 9 0.899964 0.87341 0.0265544 9 0 9 0
1144 816 328 0 0.899931 0.861769 0.0381625 8 1 8 1
1661 1554 107 1 0.799952 0.785829 0.0141222 8 1 8 1
1755 1632 123 5 0.799953 0.786432 0.0135211 7 2 7 2
2561 2389 172 2 0.699973 0.679145 0.0208276 7 2 7 2
2794 2499 295 8 0.69997 0.660005 0.039965 6 3 6 3
3414 3305 109 6 0.599917 0.586243 0.013674 6 3 6 3
3444 3142 302 3 0.599935 0.563485 0.0364506 7 2 7 2
3556 3328 228 1 0.899944 0.871997 0.0279476 6 3 6 3
3559 3421 138 5 0.899937 0.883897 0.0160407 5 4 5 4
4154 4099 55 7 0.499958 0.491964 0.00799397 5 4 5 4
4264 3940 324 9 0.699974 0.661177 0.0387971 3 6 3 6
4270 4185 85 4 0.499923 0.488386 0.0115367 4 5 4 5
5886 5764 122 0 0.49993 0.48492 0.0150105 6 3 6 3
6029 5724 305 5 0.799912 0.762314 0.0375978 7 2 7 2
6143 5815 328 8 0.799999 0.762828 0.0371712 5 4 5 4
6688 6618 70 1 0.699987 0.690608 0.00937914 6 3 6 3
7565 7304 261 9 0.799904 0.768803 0.0311006 6 3 6 3
8049 7728 321 3 0.699951 0.659394 0.040556 6 3 6 3
8119 7875 244 5 0.899968 0.870736 0.0292311 5 4 5 4
8204 8084 120 2 0.499916 0.481204 0.0187112 6 3 6 3
8677 8624 53 6 0.568249 0.560167 0.00808211 6 3 6 3
8787 8714 73 7 0.699939 0.690734 0.0092046 5 4 5 4
10542 10280 262 3 0.899951 0.866957 0.0329943 6 3 6 3
10581 10491 90 0 0.699968 0.687712 0.0122561 8 1 8 1
10648 10535 113 4 0.499956 0.48487 0.0150864 6 3 6 3
10760 10432 328 8 0.599993 0.560624 0.0393694 7 2 7 2
11281 10992 289 9 0.699894 0.665853 0.0340405 5 4 5 4
11594 11223 371 1 0.599833 0.555134 0.0446991 4 5 4 5
12275 11995 280 5 0.599992 0.566327 0.0336649 5 4 5 4
12288 12171 117 6 0.799961 0.783415 0.0165461 4 5 4 5
12326 12034 292 2 0.799926 0.765233 0.0346925 4 5 4 5
12819 12531 288 7 0.699976 0.668187 0.0317888 3 6 3 6
13815 13556 259 0 0.799912 0.769336 0.0305764 6 3 6 3
13980 13620 360 3 0.699868 0.65666 0.0432079 6 3 6 3
14979 14800 179 6 0.799893 0.77744 0.0224526 8 1 8 1
15283 14924 359 2 0.799916 0.755886 0.04403 8 1 8 1
15348 15074 274 1 0.799995 0.766932 0.033063 7 2 7 2
16468 16406 62 0 0.799886 0.790691 0.00919552 8 1 8 1
16483 16107 376 4 0.599963 0.55333 0.0466328 7 2 7 2
17027 16702 325 8 0.499905 0.463479 0.0364258 7 2 7 2
17416 17151 265 2 0.899968 0.867003 0.0329653 6 3 6 3
17923 17692 231 9 0.399922 0.373574 0.0263484 6 3 6 3
18171 17891 280 3 0.699963 0.667689 0.0322736 5 4 5 4
18607 18286 321 5 0.49991 0.462667 0.0372429 5 4 5 4
18939 18886 53 1 0.699906 0.692026 0.00788034 5 4 5 4
19117 19051 66 7 0.399891 0.392577 0.00731474 5 4 5 4
19314 19261 53 6 0.599873 0.591987 0.00788596 4 5 4 5
20593 20530 63 2 0.699969 0.690733 0.00923603 6 3 6 3
20912 20549 363 0 0.59996 0.553669 0.0462912 5 4 5 4
21155 20854 301 4 0.699962 0.662575 0.0373872 4 5 4 5
21820 21737 83 8 0.699966 0.688489 0.0114772 6 3 6 3
22175 22102 73 9 0.799977 0.791418 0.00855823 6 3 6 3
23637 23404 233 4 0.899919 0.871479 0.0284403 9 0 9 0
23789 23451 338 1 0.599815 0.561139 0.0386755 8 1 8 1
23861 23470 391 6 0.69999 0.651511 0.0484791 7 2 7 2
23903 23665 238 3 0.499838 0.467749 0.032089 6 3 6 3
24580 24324 256 2 0.699914 0.670146 0.0297676 5 4 5 4
24937 24874 63 7 0.599907 0.591624 0.00828347 5 4 5 4
25372 25025 347 5 0.499935 0.457512 0.042423 4 5 4 5
26617 26522 95 4 0.699957 0.689265 0.0106923 7 2 7 2
27078 27001 77 6 0.799895 0.788452 0.0114434 6 3 6 3
27134 26778 356 2 0.899954 0.856391 0.0435627 7 2 7 2
27378 27251 127 8 0.499903 0.485733 0.0141699 6 3 6 3
27807 27669 138 0 0.39999 0.381607 0.0183823 5 4 5 4
28051 27801 250 3 0.799958 0.771442 0.0285156 5 4 5 4
28097 27942 155 9 0.399986 0.380317 0.0196689 5 4 5 4
28593 28441 152 5 0.899899 0.882302 0.0175976 5 4 5 4
29440 29121 319 7 0.69999 0.662673 0.0373178 6 3 6 3
