785 719 66 8 0.899939 0.892288 0.00765103 9 0 9 0
832 734 98 6 0.899913 0.885421 0.014492 8 1 8 1
1085 774 311 5 0.899892 0.862613 0.0372796 9 0 9 0
1728 1519 209 4 0.799894 0.770584 0.0293102 8 1 8 1
2230 2051 179 8 0.899934 0.877795 0.0221396 8 1 8 1
2406 2353 53 2 0.699868 0.691823 0.00804448 7 2 7 2
2619 2485 134 5 0.899993 0.88138 0.0186122 6 3 6 3
3372 3241 131 9 0.599963 0.585562 0.0144011 7 2 7 2
3418 3185 233 7 0.599991 0.571258 0.0287329 8 1 8 1
3438 3256 182 1 0.599902 0.579747 0.0201545 6 3 6 3
3557 3256 301 0 0.599993 0.563489 0.0365043 6 3 6 3
3689 3558 131 8 0.899959 0.882587 0.0173721 4 5 4 5
4425 4346 79 4 0.799955 0.789785 0.0101701 5 4 5 4
5683 5433 250 6 0.499837 0.466583 0.0332542 9 0 9 0
5804 5642 162 5 0.699951 0.681072 0.0188784 8 1 8 1
6004 5850 154 9 0.899896 0.881152 0.0187448 6 3 6 3
6010 5773 237 3 0.299939 0.27272 0.0272183 7 2 7 2
6148 6074 74 2 0.699954 0.690931 0.00902344 5 4 5 4
6294 6188 106 0 0.899935 0.885064 0.0148714 4 5 4 5
7130 6859 271 7 0.799984 0.766627 0.033357 5 4 5 4
7876 7528 348 8 0.599957 0.555684 0.0442733 6 3 6 3
8434 8119 315 9 0.799918 0.763406 0.036512 6 3 6 3
8935 8633 302 4 0.599983 0.563029 0.0369538 6 3 6 3
9625 9335 290 1 0.499974 0.464162 0.0358118 6 3 6 3
10092 9849 243 2 0.699863 0.670854 0.0290091 7 2 7 2
11425 11343 82 8 0.799928 0.78737 0.0125583 7 2 7 2
11637 11392 245 3 0.699976 0.671053 0.0289227 7 2 7 2
12113 11870 243 9 0.699998 0.670963 0.0290352 6 3 6 3
12325 12264 61 7 0.49993 0.491573 0.00835697 5 4 5 4
12496 12122 374 5 0.399914 0.354542 0.0453718 6 3 6 3
12605 12311 294 2 0.89997 0.864004 0.0359659 4 5 4 5
12933 12617 316 0 0.299921 0.259652 0.0402691 4 5 4 5
13188 13131 57 8 0.899909 0.89187 0.00803889 4 5 4 5
13766 13615 151 6 0.299915 0.279594 0.0203209 5 4 5 4
14334 13988 346 2 0.899957 0.858845 0.0411118 5 4 5 4
15075 14963 112 4 0.499912 0.487601 0.0123111 6 3 6 3
15661 15370 291 3 0.69977 0.666405 0.033365 6 3 6 3
16296 16013 283 1 0.499942 0.463127 0.0368154 5 4 5 4
16993 16797 196 9 0.599961 0.576352 0.0236094 6 3 6 3
17125 16986 139 8 0.599993 0.58199 0.0180031 5 4 5 4
17961 17657 304 5 0.699916 0.66395 0.0359663 6 3 6 3
18826 18546 280 7 0.499759 0.467409 0.0323505 5 4 5 4
18971 18751 220 3 0.799914 0.77369 0.026224 6 3 6 3
19551 19222 329 6 0.699978 0.662651 0.0373272 6 3 6 3
19626 19309 317 1 0.899939 0.862153 0.0377861 5 4 5 4
19662 19566 96 9 0.899954 0.886005 0.0139495 5 4 5 4
19855 19628 227 4 0.699968 0.674064 0.0259043 4 5 4 5
20834 20719 115 2 0.299922 0.285292 0.0146307 6 3 6 3
21132 20977 155 9 0.89994 0.878802 0.0211375 6 3 6 3
21929 21798 131 0 0.299979 0.285241 0.014738 7 2 7 2
22416 22172 244 8 0.599962 0.571998 0.027964 8 1 8 1
22931 22878 53 4 0.799977 0.792485 0.0074926 6 3 6 3
23415 23199 216 3 0.599974 0.573585 0.0263891 5 4 5 4
23564 23511 53 5 0.499946 0.492788 0.00715888 3 6 3 6
23587 23406 181 6 0.699895 0.678543 0.0213522 5 4 5 4
23590 23527 63 7 0.699903 0.690544 0.00935912 2 7 2 7
24429 24372 57 1 0.499911 0.492833 0.00707793 4 5 4 5
24980 24927 53 9 0.599981 0.591861 0.00812054 6 3 6 3
25764 25702 62 6 0.899869 0.89192 0.00794905 7 2 7 2
26174 25976 198 3 0.899934 0.87789 0.0220435 6 3 6 3
26358 26267 91 4 0.699892 0.68934 0.0105511 5 4 5 4
26573 26237 336 2 0.699991 0.661066 0.038925 5 4 5 4
27691 27363 328 0 0.699982 0.661713 0.0382689 7 2 7 2
28322 28133 189 5 0.699976 0.678874 0.0211022 8 1 8 1
28408 28298 110 8 0.499896 0.486375 0.0135206 7 2 7 2
29214 28993 221 1 0.699977 0.672201 0.0277759 6 3 6 3
29329 29022 307 7 0.499938 0.463043 0.0368957 6 3 6 3
29639 29538 101 6 0.599917 0.5869 0.013017 5 4 5 4
