822 769 53 2 0.899928 0.892205 0.00772336 7 2 7 2
830 762 68 5 0.899983 0.891019 0.00896439 8 1 8 1
878 704 174 9 0.899894 0.878779 0.0211151 9 0 9 0
912 805 107 1 0.899825 0.885651 0.0141744 6 3 6 3
1730 1607 123 4 0.799895 0.782967 0.0169278 8 1 8 1
1731 1588 143 8 0.799894 0.782289 0.0176051 9 0 9 0
1877 1610 267 6 0.799979 0.767502 0.0324769 7 2 7 2
2543 2463 80 3 0.699893 0.689714 0.0101788 6 3 6 3
3005 2943 62 2 0.799897 0.790714 0.0091828 8 1 8 1
3278 3078 200 9 0.799922 0.775628 0.0242938 7 2 7 2
3966 3876 90 1 0.699999 0.687907 0.0120922 7 2 7 2
4322 4247 75 8 0.79992 0.791027 0.0088931 8 1 8 1
4485 4123 362 7 0.49991 0.453856 0.046054 7 2 7 2
5299 4948 351 0 0.399994 0.354444 0.04555 6 3 6 3
5628 5333 295 6 0.699962 0.662216 0.0377464 6 3 6 3
5681 5423 258 5 0.499987 0.469095 0.0308914 6 3 6 3
7214 7109 105 2 0.599916 0.587737 0.012179 7 2 7 2
7762 7647 115 8 0.699803 0.683115 0.0166876 6 3 6 3
8191 7948 243 3 0.499987 0.470277 0.0297103 6 3 6 3
8539 8486 53 4 0.299896 0.292625 0.00727073 4 5 4 5
8650 8279 371 9 0.499891 0.454531 0.0453605 6 3 6 3
8677 8444 233 1 0.599986 0.570494 0.0294918 5 4 5 4
9557 9216 341 7 0.699867 0.661366 0.0385016 5 4 5 4
10526 10470 56 0 0.699894 0.692789 0.00710489 5 4 5 4
10781 10582 199 2 0.799932 0.777139 0.0227925 5 4 5 4
11568 11264 304 5 0.59993 0.562061 0.0378687 5 4 5 4
11600 11254 346 6 0.499975 0.458023 0.0419522 6 3 6 3
11652 11558 94 8 0.699952 0.686342 0.0136102 5 4 5 4
12756 12625 131 7 0.799988 0.783314 0.0166746 6 3 6 3
13145 12809 336 3 0.699965 0.660436 0.0395295 5 4 5 4
13500 13447 53 0 0.79998 0.793433 0.00654689 6 3 6 3
13835 13780 55 1 0.599885 0.592013 0.00787277 6 3 6 3
14082 13878 204 4 0.699897 0.672936 0.0269618 7 2 7 2
14360 14227 133 5 0.899968 0.882975 0.0169928 5 4 5 4
15100 15040 60 2 0.599917 0.591951 0.00796588 7 2 7 2
15469 15075 394 9 0.499895 0.448967 0.0509281 7 2 7 2
16403 16296 107 1 0.899913 0.88803 0.0118825 6 3 6 3
16485 16080 405 7 0.699958 0.646919 0.0530392 7 2 7 2
17145 17007 138 3 0.699918 0.681406 0.0185123 7 2 7 2
17307 17028 279 8 0.499944 0.468207 0.0317369 5 4 5 4
18157 17846 311 4 0.699993 0.661582 0.0384111 6 3 6 3
18952 18577 375 9 0.89984 0.85322 0.0466202 6 3 6 3
18991 18938 53 6 0.377715 0.369289 0.00842541 6 3 6 3
19017 18795 222 7 0.899993 0.872858 0.0271354 6 3 6 3
19477 19317 160 0 0.399862 0.380664 0.0191982 3 6 3 6
19564 19223 341 2 0.699918 0.658077 0.0418402 4 5 4 5
20867 20671 196 5 0.3 0.276083 0.0239167 6 3 6 3
21160 20959 201 1 0.499793 0.4758 0.0239931 5 4 5 4
21592 21239 353 9 0.79992 0.75799 0.04193 5 4 5 4
22063 21774 289 3 0.599901 0.567047 0.0328546 5 4 5 4
23518 23427 91 2 0.69992 0.689353 0.0105669 7 2 7 2
23761 23667 94 7 0.499995 0.488359 0.0116366 6 3 6 3
24517 24361 156 8 0.399892 0.382586 0.0173061 6 3 6 3
24530 24245 285 9 0.799967 0.766056 0.0339107 7 2 7 2
25666 25546 120 3 0.799974 0.784989 0.0149849 6 3 6 3
25818 25424 394 4 0.299982 0.248837 0.0511454 6 3 6 3
26039 25805 234 1 0.699967 0.669366 0.030601 5 4 5 4
26869 26684 185 7 0.899899 0.878213 0.0216855 6 3 6 3
27811 27476 335 6 0.299825 0.260902 0.0389235 6 3 6 3
28038 27802 236 5 0.499912 0.472037 0.0278743 7 2 7 2
28191 27817 374 0 0.299916 0.255412 0.0445035 6 3 6 3
29159 28993 166 2 0.499986 0.479792 0.0201943 6 3 6 3
29561 29488 73 8 0.699982 0.690271 0.0097112 5 4 5 4
29631 29502 129 9 0.499911 0.48244 0.0174711 4 5 4 5
29896 29788 108 3 0.599996 0.587959 0.0120378 3 6 3 6
