786 717 69 5 0.899784 0.890091 0.00969358 9 0 9 0
926 781 145 6 0.899898 0.881833 0.0180659 7 2 7 2
979 723 256 2 0.899934 0.868079 0.0318556 9 0 9 0
1640 1587 53 9 0.787096 0.779285 0.00781068 8 1 8 1
1782 1649 133 1 0.799929 0.78294 0.0169888 9 0 9 0
1837 1656 181 8 0.799918 0.776987 0.0229312 8 1 8 1
1951 1662 289 4 0.799909 0.76406 0.0358493 7 2 7 2
2793 2355 438 2 0.899974 0.845732 0.0542418 5 4 5 4
3269 2902 367 5 0.799958 0.755733 0.0442256 7 2 7 2
3751 3527 224 1 0.899981 0.872172 0.0278093 8 1 8 1
3895 3813 82 6 0.699991 0.689684 0.0103078 7 2 7 2
4116 3885 231 0 0.499986 0.471094 0.0288916 6 3 6 3
4376 4069 307 3 0.499929 0.463638 0.0362917 5 4 5 4
4502 4186 316 9 0.799952 0.760817 0.0391348 4 5 4 5
5183 5075 108 2 0.799977 0.787178 0.0127994 4 5 4 5
5297 4950 347 7 0.399904 0.35968 0.0402241 5 4 5 4
6233 6019 214 1 0.799893 0.773559 0.0263346 5 4 5 4
6893 6738 155 5 0.699997 0.68249 0.0175074 6 3 6 3
7393 7096 297 4 0.499894 0.465617 0.0342766 6 3 6 3
7426 7133 293 0 0.899966 0.866176 0.0337905 5 4 5 4
7771 7715 56 8 0.399969 0.392983 0.00698555 5 4 5 4
8528 8176 352 3 0.799946 0.758274 0.0416729 5 4 5 4
8841 8788 53 7 0.899956 0.893104 0.00685115 6 3 6 3
9169 8824 345 0 0.899974 0.860365 0.0396097 6 3 6 3
9562 9404 158 2 0.599927 0.580017 0.0199095 5 4 5 4
10175 10119 56 7 0.899988 0.892013 0.00797462 7 2 7 2
10495 10441 54 9 0.399881 0.393059 0.00682203 6 3 6 3
10700 10411 289 4 0.89998 0.865054 0.0349255 8 1 8 1
10774 10721 53 5 0.699964 0.691393 0.00857054 5 4 5 4
11148 10913 235 6 0.299923 0.2714 0.0285236 5 4 5 4
12360 12127 233 4 0.899919 0.869404 0.0305145 7 2 7 2
12450 12201 249 1 0.399954 0.372382 0.027572 6 3 6 3
13007 12745 262 3 0.599949 0.569219 0.0307306 5 4 5 4
13427 13105 322 0 0.599793 0.56024 0.0395538 5 4 5 4
14667 14580 87 9 0.795717 0.782599 0.0131174 6 3 6 3
14750 14644 106 2 0.599981 0.586884 0.0130972 5 4 5 4
15263 15210 53 8 0.399909 0.392879 0.00703028 6 3 6 3
15501 15257 244 5 0.599992 0.571357 0.0286342 6 3 6 3
16078 15766 312 6 0.799978 0.761294 0.0386842 6 3 6 3
16507 16162 345 4 0.59998 0.556352 0.0436285 5 4 5 4
16666 16444 222 7 0.299975 0.271294 0.0286811 4 5 4 5
17751 17526 225 1 0.699928 0.670582 0.029346 6 3 6 3
17851 17728 123 0 0.699942 0.686355 0.013587 5 4 5 4
18083 17868 215 6 0.899937 0.875233 0.0247037 5 4 5 4
18241 17981 260 9 0.699905 0.667361 0.0325436 4 5 4 5
19077 18938 139 5 0.79991 0.78244 0.0174693 4 5 4 5
19259 18929 330 3 0.49977 0.462751 0.0370192 5 4 5 4
20058 19730 328 2 0.599995 0.561034 0.0389603 6 3 6 3
20417 20287 130 8 0.699988 0.685554 0.0144342 6 3 6 3
20967 20770 197 4 0.699902 0.674946 0.0249562 6 3 6 3
21630 21577 53 1 0.699794 0.691181 0.00861314 6 3 6 3
22492 22174 318 7 0.699916 0.663505 0.036411 7 2 7 2
22537 22319 218 3 0.899993 0.873235 0.0267578 7 2 7 2
23044 22740 304 6 0.49981 0.464446 0.0353644 5 4 5 4
23087 22721 366 2 0.89999 0.855189 0.0448005 6 3 6 3
23952 23897 55 0 0.399934 0.392015 0.00791826 8 1 8 1
24505 24169 336 5 0.499916 0.459351 0.0405648 7 2 7 2
24653 24593 60 9 0.388696 0.382013 0.00668305 6 3 6 3
24698 24643 55 4 0.699863 0.691741 0.00812168 5 4 5 4
24805 24490 315 2 0.899992 0.86317 0.0368218 6 3 6 3
26056 25912 144 8 0.499952 0.481679 0.0182734 5 4 5 4
26557 26428 129 3 0.599929 0.583068 0.0168619 5 4 5 4
28003 27654 349 4 0.799935 0.75745 0.0424851 7 2 7 2
28136 28083 53 7 0.499981 0.492625 0.00735567 5 4 5 4
28168 27876 292 2 0.699946 0.665833 0.0341136 6 3 6 3
28799 28653 146 1 0.299912 0.281312 0.0185997 5 4 5 4
28900 28579 321 6 0.599855 0.562394 0.0374607 6 3 6 3
29056 28924 132 0 0.699894 0.683075 0.0168193 4 5 4 5
