853 773 80 2 0.899988 0.888594 0.0113937 9 0 9 0
1030 761 269 6 0.899959 0.870075 0.0298832 9 0 9 0
1596 1517 79 4 0.79984 0.788801 0.0110391 8 1 8 1
1766 1637 129 1 0.799978 0.784171 0.0158069 9 0 9 0
2506 2428 78 5 0.699938 0.688003 0.0119345 6 3 6 3
2643 2387 256 3 0.699981 0.66726 0.0327212 7 2 7 2
3354 3233 121 0 0.599994 0.584536 0.0154581 7 2 7 2
3418 3293 125 7 0.599948 0.585638 0.0143098 5 4 5 4
3491 3259 232 8 0.599802 0.568391 0.0314112 7 2 7 2
3646 3318 328 9 0.599946 0.558741 0.0412044 4 5 4 5
4041 3764 277 2 0.699923 0.668899 0.0310239 3 6 3 6
5640 5451 189 5 0.799942 0.777119 0.0228224 9 0 9 0
5740 5578 162 6 0.499904 0.480572 0.0193317 8 1 8 1
6128 5875 253 0 0.899941 0.868218 0.0317229 7 2 7 2
6727 6604 123 4 0.499868 0.484164 0.015704 6 3 6 3
6864 6703 161 1 0.499933 0.477846 0.0220866 8 1 8 1
8127 7948 179 2 0.699991 0.678965 0.0210258 7 2 7 2
8153 8079 74 3 0.499967 0.488863 0.0111038 6 3 6 3
8945 8774 171 9 0.599891 0.58109 0.0188011 5 4 5 4
10343 10111 232 7 0.399904 0.372035 0.0278684 7 2 7 2
10701 10625 76 1 0.799925 0.790035 0.0098901 7 2 7 2
11078 10878 200 0 0.499812 0.473097 0.0267152 7 2 7 2
11221 11087 134 2 0.799985 0.781717 0.0182682 6 3 6 3
11377 11057 320 8 0.299974 0.263243 0.0367305 7 2 7 2
11461 11182 279 6 0.599928 0.568304 0.031624 4 5 4 5
11599 11363 236 4 0.699908 0.671322 0.028586 3 6 3 6
12540 12341 199 9 0.799937 0.775595 0.0243424 4 5 4 5
12760 12468 292 5 0.299956 0.266677 0.0332798 3 6 3 6
13461 13248 213 1 0.799918 0.773558 0.0263603 6 3 6 3
14904 14583 321 7 0.799912 0.761299 0.0386132 8 1 8 1
14955 14618 337 4 0.799998 0.759857 0.0401409 7 2 7 2
16062 15983 79 9 0.699926 0.688901 0.0110253 9 0 9 0
16355 16064 291 3 0.299984 0.266023 0.0339609 8 1 8 1
16361 16297 64 2 0.499943 0.491286 0.00865711 6 3 6 3
16382 16089 293 8 0.799904 0.762948 0.0369553 7 2 7 2
17617 17408 209 0 0.499924 0.474462 0.0254624 6 3 6 3
17650 17333 317 6 0.499971 0.460129 0.0398415 5 4 5 4
18621 18464 157 4 0.699989 0.680283 0.0197059 6 3 6 3
19150 18981 169 8 0.79992 0.781339 0.0185811 5 4 5 4
20276 19970 306 2 0.799859 0.762157 0.0377017 8 1 8 1
20579 20299 280 1 0.299924 0.267756 0.0321673 8 1 8 1
20708 20647 61 9 0.599975 0.591522 0.00845292 7 2 7 2
20929 20731 198 4 0.899915 0.87746 0.0224544 6 3 6 3
20974 20836 138 7 0.399993 0.384822 0.0151711 6 3 6 3
21806 21559 247 5 0.299908 0.27024 0.0296688 6 3 6 3
22298 22096 202 2 0.899952 0.877219 0.0227332 5 4 5 4
22829 22675 154 3 0.599906 0.581997 0.0179088 5 4 5 4
23515 23216 299 6 0.599982 0.564951 0.0350308 5 4 5 4
24045 23991 54 0 0.499981 0.494049 0.00593111 6 3 6 3
25661 25495 166 4 0.499952 0.477203 0.0227495 8 1 8 1
26022 25688 334 9 0.599867 0.562164 0.0377035 7 2 7 2
26177 25947 230 7 0.699826 0.673675 0.0261508 5 4 5 4
26193 25878 315 8 0.299933 0.263216 0.0367163 6 3 6 3
27194 26987 207 2 0.499987 0.474245 0.0257412 4 5 4 5
27232 26889 343 1 0.599951 0.559637 0.0403139 5 4 5 4
27578 27270 308 5 0.699935 0.664084 0.035851 4 5 4 5
28879 28638 241 6 0.59983 0.568838 0.030992 5 4 5 4
29674 29492 182 9 0.799811 0.778536 0.0212749 7 2 7 2
29730 29457 273 0 0.59991 0.563841 0.0360692 7 2 7 2
