924 747 177 2 0.899998 0.879942 0.0200559 4 0 4 0
1721 1556 165 9 0.799993 0.779295 0.0206981 7 1 7 1
1764 1581 183 0 0.79992 0.775616 0.0243045 6 1 6 1
1793 1592 201 7 0.799855 0.773805 0.0260504 8 0 8 0
3595 3252 343 3 0.599976 0.559002 0.0409733 9 0 9 0
3598 3519 79 0 0.899913 0.890904 0.00900952 7 1 6 1
4310 4072 238 1 0.499901 0.472047 0.0278538 7 1 7 1
4326 4088 238 8 0.499985 0.472308 0.0276773 7 2 7 2
4355 4025 330 4 0.499768 0.458837 0.0409302 8 1 8 1
4408 3987 421 6 0.499896 0.448683 0.0512135 8 1 8 1
4457 4189 268 9 0.799901 0.768439 0.0314621 7 1 5 1
4461 4361 100 7 0.799979 0.787305 0.0126736 4 5 3 5
5120 4789 331 5 0.399954 0.362616 0.0373382 8 1 8 1
5733 5591 142 2 0.499934 0.482962 0.0169719 7 2 7 2
5829 5710 119 0 0.799981 0.784418 0.0155623 4 5 1 5
6413 6170 243 7 0.899939 0.872403 0.0275361 4 5 1 2
7384 7123 261 3 0.799965 0.767183 0.0327824 6 3 2 3
8518 8270 248 6 0.799831 0.770794 0.0290368 7 2 5 2
9616 9443 173 7 0.699912 0.680221 0.0196915 7 2 7 2
10755 10500 255 1 0.499893 0.469486 0.0304066 7 2 7 2
10760 10626 134 0 0.499908 0.484369 0.0155389 8 1 8 1
11100 10771 329 4 0.499957 0.456866 0.0430908 8 1 8 1
11341 11286 55 9 0.299979 0.29283 0.00714911 7 2 7 2
11529 11297 232 8 0.399935 0.371223 0.0287115 5 4 5 4
12039 11986 53 2 0.4999 0.49399 0.00591004 6 3 6 3
12503 12450 53 3 0.499903 0.492843 0.00706001 6 3 6 2
12868 12668 200 5 0.399978 0.376966 0.0230119 7 2 7 2
13158 12820 338 6 0.599921 0.557439 0.0424821 5 4 4 4
14552 14288 264 7 0.599955 0.569689 0.0302661 5 4 4 4
15366 15029 337 4 0.799928 0.759954 0.0399732 7 2 3 1
15584 15313 271 0 0.69998 0.668197 0.0317834 8 1 5 1
15595 15371 224 1 0.69995 0.671556 0.0283936 7 2 6 2
16018 15857 161 9 0.799933 0.782089 0.0178442 7 2 6 1
16268 16181 87 3 0.799892 0.786965 0.0129273 5 4 5 4
16747 16577 170 2 0.699982 0.677869 0.022113 5 4 5 4
16876 16629 247 6 0.799928 0.769906 0.0300215 6 3 5 3
17377 17097 280 5 0.799952 0.765386 0.0345663 3 6 3 6
17729 17348 381 8 0.599934 0.551546 0.0483882 7 2 6 1
18140 18047 93 4 0.799967 0.787163 0.012805 6 3 4 2
19765 19624 141 7 0.59996 0.583732 0.0162277 6 3 5 2
20043 19814 229 4 0.899941 0.873741 0.0261991 7 2 3 0
20387 20186 201 9 0.599958 0.574683 0.0252748 8 1 7 1
20497 20400 97 3 0.599905 0.587258 0.012647 6 3 6 3
21258 21166 92 0 0.499979 0.489638 0.0103408 7 2 7 2
21749 21388 361 2 0.599899 0.55488 0.0450193 6 3 6 1
22243 21930 313 1 0.399941 0.359697 0.0402447 5 4 5 3
22288 22026 262 6 0.499935 0.46878 0.0311555 5 4 5 4
23195 23005 190 9 0.89991 0.87646 0.0234503 8 1 2 1
24286 23982 304 7 0.699957 0.665782 0.0341753 6 3 5 2
24326 24263 63 5 0.299921 0.288459 0.011462 5 4 5 4
24724 24543 181 8 0.399968 0.376939 0.0230288 8 1 8 1
25036 24768 268 4 0.499925 0.46818 0.0317448 6 3 6 2
25365 25306 59 9 0.799968 0.791763 0.00820515 7 2 6 2
26160 25793 367 0 0.699829 0.656363 0.0434657 8 1 5 1
26589 26532 57 1 0.799898 0.791304 0.00859405 7 2 5 1
27145 26968 177 6 0.699957 0.677821 0.0221358 7 2 5 2
27239 26921 318 2 0.59983 0.562809 0.0370208 7 2 6 2
27359 27129 230 3 0.399922 0.370235 0.0296866 6 3 6 3
28293 28180 113 7 0.699955 0.685015 0.0149405 6 3 5 3
28592 28394 198 0 0.899985 0.873862 0.0261238 6 3 4 3
29981 29794 187 8 0.699967 0.678173 0.021794 9 0 6 0
