845 792 53 0 0.899909 0.892531 0.0073784 6 0 6 0
891 771 120 3 0.899986 0.883089 0.0168971 5 0 5 0
1862 1507 355 6 0.799973 0.758856 0.0411164 7 0 7 0
2680 2375 305 1 0.699987 0.661673 0.0383143 7 1 7 1
3467 3228 239 2 0.599901 0.572682 0.0272187 7 1 7 1
3945 3654 291 0 0.699922 0.666357 0.0335654 8 1 8 1
4197 4019 178 5 0.499961 0.477163 0.0227977 8 1 8 1
4197 4135 62 9 0.499943 0.490885 0.00905767 8 1 8 1
4384 4003 381 4 0.499843 0.452762 0.0470818 7 2 7 2
5175 5122 53 6 0.699887 0.692193 0.00769449 7 2 5 2
5186 4814 372 8 0.399958 0.356746 0.0432114 7 2 7 2
5554 5500 54 3 0.499955 0.492066 0.00788934 5 4 4 4
5822 5602 220 7 0.299957 0.275328 0.0246294 5 4 5 4
7291 7170 121 5 0.899964 0.885391 0.0145738 8 1 2 1
7338 7021 317 0 0.799916 0.763418 0.0364984 6 3 3 3
7383 7274 109 6 0.899967 0.886369 0.0135984 6 3 1 2
7547 7320 227 1 0.599935 0.570807 0.0291287 5 4 4 4
7737 7683 54 2 0.699904 0.690858 0.00904585 4 5 3 5
9119 8759 360 9 0.699788 0.657082 0.0427056 7 2 6 2
9805 9616 189 7 0.899936 0.877384 0.0225529 7 2 3 0
9904 9523 381 6 0.799902 0.754345 0.0455562 8 1 6 1
10417 10006 411 4 0.599961 0.548486 0.051475 6 3 6 2
10605 10261 344 5 0.699944 0.658692 0.0412522 7 2 5 2
10848 10583 265 2 0.799925 0.766805 0.0331198 5 4 5 4
11800 11600 200 0 0.599999 0.57533 0.0246687 6 3 6 3
12125 11907 218 8 0.499992 0.472966 0.027026 7 2 7 2
12679 12589 90 6 0.799928 0.788081 0.0118476 6 3 5 2
12934 12607 327 1 0.599913 0.55919 0.0407227 7 2 7 1
13734 13416 318 3 0.29987 0.264495 0.0353757 6 3 6 3
13923 13870 53 9 0.599885 0.592646 0.00723889 8 1 8 1
14022 13699 323 5 0.799999 0.76122 0.0387792 5 4 4 4
14760 14495 265 7 0.49994 0.46791 0.0320305 5 4 5 4
15318 15144 174 2 0.599905 0.576313 0.0235921 4 5 3 4
15833 15624 209 1 0.899976 0.874393 0.0255827 5 4 1 2
17046 16830 216 0 0.599972 0.574891 0.0250804 6 3 5 2
17556 17501 55 5 0.699923 0.693882 0.00604111 6 3 5 3
17959 17646 313 8 0.599996 0.561906 0.0380901 7 2 7 2
18022 17707 315 6 0.499895 0.464411 0.0354843 8 1 8 1
18212 18085 127 4 0.299983 0.281023 0.01896 4 5 4 5
19701 19563 138 2 0.69999 0.680142 0.0198478 8 1 5 0
20056 19738 318 9 0.499895 0.464267 0.0356279 7 2 7 2
20583 20530 53 5 0.796577 0.789298 0.00727852 6 3 2 2
20767 20550 217 1 0.499925 0.473925 0.0260004 6 3 6 3
20832 20612 220 8 0.899956 0.872504 0.0274522 8 1 2 1
22249 21932 317 7 0.399876 0.362765 0.0371113 6 3 6 3
22424 22294 130 5 0.899986 0.881168 0.0188173 6 3 4 1
22887 22606 281 3 0.299904 0.266126 0.0337782 8 1 8 1
23874 23793 81 0 0.399997 0.390984 0.00901249 8 1 8 1
23891 23817 74 8 0.699915 0.691656 0.00825898 5 4 4 3
24535 24395 140 6 0.49992 0.483192 0.0167285 6 3 6 3
24630 24309 321 2 0.599975 0.560999 0.038976 8 1 7 1
24689 24628 61 1 0.799964 0.79117 0.00879425 5 4 4 3
25438 25382 56 4 0.499899 0.490701 0.00919733 6 3 5 3
26600 26459 141 9 0.499947 0.482325 0.0176218 5 4 5 4
27156 27036 120 5 0.499959 0.485389 0.0145693 7 2 7 2
27672 27357 315 7 0.699947 0.662603 0.0373438 7 2 6 2
28737 28452 285 8 0.599901 0.567607 0.032294 6 3 6 2
28977 28857 120 0 0.699973 0.682799 0.0171744 5 4 5 4
29284 29082 202 6 0.699949 0.674778 0.0251717 7 2 7 2
29863 29521 342 9 0.899783 0.859439 0.0403438 6 3 4 2
