1669 1585 84 2 0.799943 0.787852 0.0120911 6 0 6 0
1758 1506 252 3 0.799999 0.771384 0.0286153 7 0 7 0
1808 1568 240 7 0.799909 0.771295 0.0286136 7 1 7 1
1918 1603 315 9 0.799958 0.763024 0.0369336 7 0 7 0
2437 2295 142 1 0.699956 0.683949 0.0160066 6 2 6 2
2540 2444 96 4 0.699915 0.684821 0.0150934 4 5 4 5
2569 2468 101 6 0.699967 0.688618 0.0113492 7 1 7 1
2720 2507 213 8 0.699932 0.67266 0.027272 9 0 9 0
2776 2461 315 5 0.699978 0.663321 0.0366565 4 3 4 3
3634 3327 307 0 0.599951 0.560621 0.0393293 4 4 4 4
5401 5046 355 2 0.699875 0.658418 0.0414579 6 1 6 1
5437 5209 228 7 0.699937 0.673724 0.0262127 4 5 4 5
5466 5188 278 3 0.699982 0.667265 0.0327172 5 4 4 4
5903 5660 243 8 0.799905 0.769815 0.0300902 7 2 6 2
6354 6243 111 9 0.599896 0.586128 0.0137676 9 0 9 0
6633 6580 53 5 0.699954 0.69192 0.00803418 5 3 5 2
6916 6862 54 1 0.599911 0.593311 0.00659971 6 3 6 3
7498 7225 273 6 0.599921 0.567672 0.0322488 7 2 7 2
8172 8029 143 4 0.499962 0.482338 0.0176241 7 2 7 2
8675 8470 205 2 0.799945 0.777252 0.0226924 7 1 6 1
8729 8438 291 3 0.799907 0.764533 0.0353742 5 4 5 2
9895 9648 247 0 0.499901 0.468294 0.0316066 6 2 6 1
10409 10165 244 1 0.799939 0.771634 0.0283044 7 2 7 1
10709 10565 144 9 0.699969 0.681254 0.018715 6 3 6 3
11189 10982 207 7 0.499906 0.475013 0.0248929 5 4 4 4
12126 12006 120 5 0.499891 0.484193 0.0156979 8 1 7 1
12180 11857 323 8 0.399945 0.363136 0.0368086 7 2 7 2
12200 12053 147 3 0.699945 0.681716 0.0182292 6 3 5 1
12227 12056 171 2 0.699977 0.676876 0.0231014 5 4 5 4
14542 14415 127 4 0.499931 0.483623 0.0163089 8 1 7 1
14834 14674 160 1 0.599983 0.577029 0.0229538 7 2 7 2
15318 15070 248 6 0.299991 0.267918 0.0320732 8 1 8 1
15473 15379 94 9 0.599956 0.586811 0.0131456 8 1 7 1
16087 16021 66 2 0.69998 0.691177 0.00880267 9 0 7 0
16714 16657 57 5 0.69328 0.685662 0.00761835 7 2 5 1
17082 16776 306 3 0.599811 0.563355 0.0364564 6 3 6 3
17114 17061 53 0 0.399856 0.390929 0.00892683 5 4 4 4
17518 17248 270 8 0.699872 0.669005 0.0308662 6 3 5 3
17519 17466 53 7 0.499996 0.492718 0.00727823 7 2 7 2
17773 17430 343 1 0.899996 0.859278 0.0407171 6 3 1 2
19172 19113 59 4 0.699891 0.692239 0.00765191 8 1 5 1
19923 19834 89 2 0.699896 0.687051 0.0128444 8 1 3 1
20474 20421 53 7 0.899875 0.891661 0.00821464 7 2 3 0
20695 20560 135 8 0.7999 0.784026 0.0158743 8 1 5 1
20801 20490 311 5 0.699979 0.664597 0.0353823 5 4 5 3
20880 20827 53 6 0.689457 0.68146 0.00799733 8 1 6 1
21571 21220 351 9 0.499915 0.458265 0.0416492 8 1 7 1
21763 21600 163 1 0.599901 0.578103 0.0217981 5 4 5 4
22338 22157 181 3 0.599882 0.578828 0.021054 5 4 3 4
22461 22067 394 0 0.699895 0.650782 0.0491136 8 1 7 1
22634 22386 248 8 0.899907 0.868792 0.0311157 7 2 1 1
23786 23564 222 4 0.599913 0.569234 0.0306782 6 3 3 3
24951 24647 304 6 0.699927 0.664205 0.0357215 9 0 9 0
25388 25032 356 7 0.499911 0.456845 0.0430662 4 5 4 5
25662 25478 184 0 0.799898 0.776984 0.022914 7 2 7 2
26538 26349 189 5 0.499935 0.477006 0.0229289 6 3 6 3
27095 26790 305 1 0.599792 0.565007 0.034785 7 2 7 2
27156 27096 60 9 0.599905 0.592952 0.0069532 6 3 6 3
27299 27071 228 2 0.2999 0.269189 0.0307109 6 3 6 3
28407 28103 304 8 0.399928 0.363849 0.0360796 8 1 8 1
28530 28239 291 0 0.799921 0.763324 0.0365963 5 4 4 4
29135 28811 324 6 0.699931 0.661617 0.038315 8 1 6 1
29178 29053 125 3 0.399957 0.384558 0.0153992 7 2 7 1
29905 29730 175 4 0.499923 0.477338 0.0225853 5 4 5 4
