853 773 80 2 0.899988 0.888594 0.0113937 6 0 6 0
953 777 176 0 0.899966 0.878121 0.0218442 6 0 6 0
1616 1522 94 4 0.79992 0.78819 0.01173 9 0 9 0
1623 1542 81 3 0.799847 0.788869 0.0109781 6 1 6 1
1697 1633 64 8 0.799937 0.790837 0.00909968 4 2 4 2
2503 2412 91 5 0.699903 0.687743 0.0121597 7 1 7 1
2743 2402 341 6 0.699983 0.656016 0.043967 7 2 7 2
2778 2474 304 9 0.69997 0.66254 0.0374298 5 4 5 4
3550 3404 146 8 0.899953 0.882614 0.0173388 3 5 3 3
4369 4121 248 1 0.499901 0.467006 0.0328951 7 1 7 1
4529 4186 343 7 0.499957 0.45932 0.0406375 6 2 6 2
4937 4608 329 2 0.599931 0.560774 0.0391567 6 2 6 2
4985 4924 61 3 0.699913 0.691166 0.00874669 6 3 6 3
5136 5026 110 6 0.899891 0.886587 0.0133043 7 2 3 1
5785 5588 197 0 0.499994 0.477437 0.0225572 6 3 6 3
6102 5808 294 9 0.799935 0.763452 0.0364834 7 2 5 2
6178 6085 93 5 0.69997 0.687517 0.012453 5 3 4 3
6870 6524 346 8 0.699898 0.657414 0.042484 3 6 2 5
8606 8272 334 4 0.299854 0.260674 0.0391793 6 3 6 3
9205 8922 283 6 0.59996 0.564932 0.0350277 8 1 7 1
9702 9547 155 0 0.799999 0.779633 0.020366 8 1 6 1
9759 9530 229 9 0.69992 0.67198 0.0279398 8 1 8 1
10178 9928 250 7 0.599979 0.571342 0.0286373 8 1 7 1
11005 10828 177 5 0.599911 0.577655 0.0222562 5 4 4 2
11036 10816 220 8 0.699989 0.673721 0.0262678 5 4 5 3
11950 11744 206 2 0.399912 0.372922 0.0269901 3 6 3 6
12170 12054 116 3 0.299947 0.285543 0.0144043 7 2 7 2
12600 12396 204 1 0.299923 0.273811 0.0261123 8 1 8 1
13637 13306 331 4 0.799968 0.758515 0.0414531 6 3 6 2
14948 14803 145 8 0.699933 0.682374 0.0175585 6 3 5 3
15344 15127 217 6 0.499927 0.474513 0.0254144 8 1 8 1
15410 15268 142 7 0.599987 0.582914 0.0170729 6 3 5 3
15560 15248 312 5 0.699989 0.664239 0.0357496 7 2 7 2
15618 15289 329 9 0.499901 0.460339 0.0395615 6 3 5 3
15717 15584 133 0 0.399979 0.384288 0.0156912 6 3 6 3
17294 17180 114 4 0.699998 0.687049 0.0129488 6 3 5 2
18139 17864 275 2 0.599986 0.564797 0.0351886 8 1 7 1
18265 17947 318 7 0.899911 0.862177 0.0377334 7 2 2 1
18658 18421 237 3 0.599961 0.571169 0.0287918 7 2 6 2
19864 19721 143 1 0.499978 0.48145 0.0185286 7 2 7 2
20255 19891 364 0 0.799956 0.757737 0.0422194 7 2 5 1
20262 20008 254 6 0.699947 0.669209 0.0307375 8 1 7 0
20578 20223 355 5 0.599961 0.557569 0.0423916 6 3 4 3
20649 20312 337 8 0.499942 0.455268 0.044674 8 1 8 1
21179 21035 144 4 0.699911 0.682558 0.0173532 4 5 3 4
22250 21965 285 9 0.499936 0.464948 0.0349874 9 0 8 0
22573 22431 142 2 0.699998 0.680567 0.0194309 5 4 2 3
23070 22912 158 7 0.499964 0.478148 0.0218161 6 3 6 3
23984 23716 268 3 0.599961 0.569257 0.0307042 5 4 5 4
24165 24104 61 6 0.699895 0.690513 0.0093816 7 2 4 2
24838 24415 423 1 0.699892 0.647792 0.0521007 8 1 7 1
25516 25341 175 0 0.499996 0.476546 0.0234507 6 3 6 2
25636 25461 175 8 0.699942 0.677601 0.022341 7 2 3 2
25892 25826 66 4 0.59992 0.590502 0.00941846 7 2 6 2
27269 26956 313 9 0.69989 0.663828 0.0360624 7 2 4 2
28002 27949 53 2 0.49993 0.492796 0.00713424 6 3 6 3
28024 27667 357 7 0.699995 0.658524 0.0414707 8 1 7 1
28411 28166 245 5 0.299962 0.270727 0.0292351 7 2 7 2
28926 28754 172 6 0.599943 0.577799 0.0221435 8 1 7 1
29093 28782 311 1 0.699927 0.660392 0.0395346 7 2 6 2
29448 29212 236 4 0.799768 0.773164 0.026604 5 4 2 3
29552 29457 95 8 0.699922 0.687053 0.0128692 5 4 5 4
29676 29505 171 9 0.899987 0.878346 0.0216408 6 3 1 1
