795 741 54 2 0.899934 0.892479 0.00745503 7 0 7 0
834 781 53 3 0.899899 0.892651 0.00724791 6 0 6 0
1727 1575 152 7 0.799997 0.78303 0.0169666 8 0 8 0
2457 2404 53 1 0.699881 0.692274 0.00760724 6 1 6 1
2593 2398 195 9 0.69998 0.678523 0.021457 9 0 9 0
2612 2054 558 2 0.89996 0.836937 0.0630227 7 1 3 1
3495 3190 305 0 0.599951 0.562094 0.0378578 5 4 5 4
3560 3284 276 4 0.599897 0.568217 0.0316796 9 0 9 0
4148 4071 77 6 0.499966 0.490827 0.00913849 8 1 8 1
4208 4155 53 5 0.499893 0.492148 0.00774488 5 3 5 3
4408 4067 341 8 0.499958 0.458941 0.0410172 6 3 6 3
4738 4523 215 3 0.599901 0.573789 0.0261123 6 1 6 1
7005 6729 276 7 0.499956 0.469016 0.0309405 7 1 7 1
7701 7498 203 2 0.499944 0.473507 0.0264361 9 0 8 0
7955 7902 53 1 0.499835 0.492769 0.00706588 7 2 7 2
8033 7783 250 0 0.699931 0.671487 0.0284446 9 0 9 0
8195 7940 255 5 0.799942 0.770381 0.0295613 9 0 7 0
8387 8054 333 9 0.499994 0.460554 0.0394405 8 1 8 1
9111 8990 121 3 0.6999 0.682774 0.017126 6 3 6 3
9682 9548 134 6 0.59978 0.582511 0.0172685 8 1 8 1
10533 10373 160 4 0.399942 0.378674 0.021268 4 5 4 5
11171 10875 296 5 0.799901 0.76469 0.0352118 6 3 4 3
11717 11539 178 2 0.799973 0.779092 0.0208812 9 0 7 0
11784 11641 143 7 0.699936 0.682005 0.0179312 7 2 5 2
11827 11634 193 8 0.399928 0.376576 0.0233513 5 4 5 4
12826 12568 258 1 0.69998 0.670394 0.0295867 8 1 7 1
13987 13921 66 7 0.899999 0.892 0.00799832 7 2 3 0
14032 13912 120 4 0.899954 0.884718 0.0152357 4 5 3 1
14059 13785 274 5 0.799903 0.766508 0.0333953 6 3 4 3
14572 14383 189 0 0.399905 0.373268 0.0266369 8 1 7 1
14760 14706 54 6 0.599999 0.592939 0.00705932 6 3 4 3
14815 14485 330 3 0.499942 0.460588 0.0393539 7 2 6 2
14924 14685 239 9 0.499982 0.470899 0.0290821 6 3 6 2
15234 15099 135 2 0.699908 0.68474 0.0151677 7 2 7 2
16934 16716 218 1 0.699996 0.674778 0.0252177 5 4 4 4
17423 17361 62 2 0.899858 0.891544 0.00831427 8 1 3 1
17453 17259 194 5 0.699904 0.676041 0.0238629 6 3 5 2
17466 17266 200 6 0.899918 0.875614 0.0243044 6 3 2 2
17757 17649 108 8 0.599938 0.585838 0.0141 5 4 5 4
18957 18650 307 4 0.499842 0.464351 0.0354911 8 1 8 1
19067 18715 352 3 0.799952 0.756614 0.0433379 7 2 6 1
19632 19468 164 7 0.399991 0.379749 0.0202427 8 1 8 1
19976 19923 53 1 0.799963 0.794139 0.00582314 7 2 5 2
20766 20468 298 6 0.699932 0.665009 0.0349232 7 2 6 2
20770 20418 352 0 0.599945 0.557623 0.042322 8 1 7 1
21916 21655 261 1 0.89995 0.869857 0.0300927 7 2 1 0
22187 22004 183 2 0.499929 0.478491 0.0214381 8 1 6 1
22295 22020 275 9 0.39995 0.367413 0.0325365 7 2 7 2
22655 22594 61 3 0.699963 0.692232 0.00773028 6 3 3 2
23376 23270 106 1 0.899969 0.885462 0.0145072 6 3 2 1
23554 23448 106 0 0.899994 0.887951 0.0120429 7 2 3 2
23783 23604 179 8 0.499895 0.477712 0.0221833 6 3 6 1
24059 23846 213 6 0.799925 0.773474 0.0264513 7 2 4 1
24791 24639 152 5 0.299914 0.282499 0.0174149 7 2 7 2
25337 25284 53 4 0.499895 0.494245 0.0056501 7 2 6 2
25581 25528 53 7 0.599872 0.591702 0.00817009 5 4 4 4
25713 25598 115 3 0.799884 0.786121 0.0137628 7 2 4 0
25964 25711 253 9 0.899932 0.868841 0.0310915 8 1 3 0
26291 26018 273 2 0.799946 0.768963 0.0309838 5 4 3 3
27287 27148 139 1 0.599907 0.582994 0.0169131 9 0 8 0
27612 27340 272 9 0.899951 0.869417 0.0305342 6 3 1 2
27808 27594 214 8 0.799916 0.776007 0.0239089 8 1 4 0
28140 28064 76 7 0.899921 0.891425 0.00849527 4 5 2 2
28257 28202 55 0 0.499953 0.493003 0.00694995 6 3 6 3
28426 28327 99 6 0.599955 0.588045 0.0119093 6 3 5 3
28540 28253 287 3 0.799979 0.767348 0.0326312 5 4 4 3
29280 29075 205 4 0.79995 0.77487 0.0250803 4 5 2 4
