921 805 116 1 0.899825 0.885213 0.0146126 7 0 7 0
1544 1491 53 9 0.799917 0.792879 0.00703857 7 1 7 1
1670 1577 93 0 0.79998 0.787811 0.0121689 8 1 8 1
1698 1588 110 3 0.79982 0.78674 0.0130804 7 0 7 0
2445 2192 253 1 0.899926 0.871308 0.0286188 7 0 3 0
2502 2391 111 7 0.699811 0.681709 0.0181019 8 1 7 1
3293 3239 54 4 0.599944 0.592337 0.00760656 8 1 8 1
3296 3243 53 6 0.599907 0.592241 0.00766571 7 2 7 2
4189 4109 80 0 0.799907 0.786732 0.0131752 7 2 5 1
4391 4079 312 2 0.499919 0.46269 0.0372292 8 1 8 1
4541 4228 313 3 0.799915 0.759941 0.039974 7 1 5 1
4943 4747 196 5 0.399856 0.376981 0.0228749 6 3 6 3
5151 4868 283 8 0.399984 0.365217 0.0347667 5 4 5 4
5954 5857 97 0 0.899902 0.886886 0.0130159 7 2 2 1
6611 6337 274 1 0.599917 0.564709 0.0352085 7 2 6 2
6744 6523 221 9 0.499962 0.470365 0.0295966 7 2 5 2
6801 6609 192 4 0.799988 0.776768 0.0232198 9 0 3 0
7443 7362 81 2 0.899977 0.887948 0.0120289 6 3 1 2
8010 7901 109 7 0.4999 0.485977 0.0139227 6 3 6 3
9689 9356 333 8 0.799996 0.758826 0.0411694 8 1 7 1
9817 9632 185 3 0.499845 0.478402 0.0214433 8 1 8 1
9925 9570 355 0 0.599826 0.555502 0.0443247 8 1 8 0
10045 9908 137 6 0.399989 0.38147 0.0185191 6 3 6 3
10289 10073 216 4 0.699814 0.67315 0.0266643 6 3 5 3
10662 10543 119 9 0.79998 0.783636 0.0163437 4 5 3 4
10903 10844 59 5 0.599958 0.590684 0.00927391 4 5 4 5
11157 10891 266 1 0.699981 0.667804 0.0321771 6 3 6 3
11317 11144 173 2 0.59994 0.577895 0.0220445 6 3 6 3
13404 13331 73 1 0.899866 0.889415 0.0104508 7 2 3 0
14122 14058 64 4 0.699911 0.690602 0.00930905 6 3 6 2
14149 13851 298 2 0.899903 0.865758 0.0341447 6 3 4 0
14210 14013 197 8 0.599913 0.577044 0.0228687 7 2 5 2
14255 13998 257 9 0.699973 0.668899 0.0310738 9 0 9 0
14308 14252 56 0 0.69991 0.693759 0.00615111 8 1 6 1
14528 14203 325 6 0.799898 0.761489 0.0384084 9 0 8 0
15461 15279 182 3 0.599905 0.57693 0.022975 8 1 7 0
16108 15869 239 7 0.299904 0.268945 0.0309581 6 3 6 3
16452 16310 142 1 0.699996 0.684143 0.0158533 7 2 5 2
17436 17155 281 6 0.799984 0.768448 0.0315359 5 4 3 4
17754 17586 168 8 0.799906 0.77876 0.0211463 8 1 6 1
17779 17542 237 5 0.399964 0.371143 0.0288214 5 4 4 4
17981 17928 53 4 0.699913 0.692533 0.00738024 7 2 2 2
18947 18811 136 0 0.599919 0.582402 0.0175163 7 2 7 2
19876 19819 57 9 0.499986 0.491622 0.00836324 6 3 4 3
20536 20268 268 1 0.699993 0.66752 0.0324724 6 3 3 1
20571 20518 53 3 0.59997 0.591565 0.00840544 6 3 5 3
20653 20600 53 2 0.299986 0.294153 0.00583348 8 1 8 1
21016 20779 237 7 0.799996 0.772821 0.0271745 7 2 5 2
21183 21116 67 8 0.6999 0.692539 0.00736111 6 3 6 3
22123 21781 342 6 0.599999 0.55857 0.0414293 7 2 5 1
22979 22921 58 5 0.699972 0.693537 0.00643466 6 3 4 2
23061 22738 323 1 0.899944 0.859472 0.0404721 6 3 4 1
23073 22808 265 9 0.899949 0.865749 0.0342 5 4 1 2
24526 24312 214 4 0.399966 0.375342 0.0246232 7 2 7 2
25555 25298 257 7 0.59989 0.571229 0.0286619 8 1 8 1
25615 25534 81 3 0.599994 0.590007 0.00998722 7 2 7 2
25798 25729 69 8 0.599921 0.591755 0.0081665 7 2 6 2
26644 26429 215 0 0.299969 0.275372 0.0245968 9 0 9 0
26867 26763 104 5 0.699893 0.687344 0.0125493 8 1 5 0
27246 26924 322 1 0.599902 0.564139 0.0357633 8 1 8 1
27415 27278 137 6 0.599901 0.582106 0.0177947 5 4 4 4
28113 27836 277 9 0.499907 0.467209 0.0326985 7 2 6 2
28777 28520 257 2 0.399893 0.368996 0.0308971 5 4 5 4
29198 28925 273 3 0.799982 0.769913 0.0300689 6 3 4 3
29294 28968 326 7 0.799898 0.762512 0.0373859 7 2 4 2
29694 29599 95 4 0.699921 0.686452 0.0134693 3 6 2 6
