837 783 54 2 0.899891 0.893542 0.00634911 5 0 5 0
925 781 144 9 0.899966 0.881656 0.0183101 6 0 6 0
1731 1581 150 4 0.799861 0.778379 0.0214821 5 2 5 2
1835 1631 204 3 0.799928 0.775898 0.0240302 7 2 7 2
1873 1662 211 0 0.799948 0.773416 0.0265323 7 0 7 0
1900 1552 348 7 0.799909 0.75886 0.0410487 5 1 5 1
2477 2420 57 5 0.699994 0.691831 0.00816313 7 1 7 1
2521 2400 121 1 0.699949 0.685492 0.0144572 4 3 4 3
2567 2380 187 6 0.699999 0.677907 0.0220919 5 1 5 1
3843 3790 53 2 0.699967 0.690023 0.00994363 9 0 7 0
4192 4070 122 8 0.499914 0.484715 0.0151982 7 2 7 2
4582 4494 88 5 0.899943 0.887795 0.0121486 8 1 5 1
4614 4303 311 4 0.79991 0.764158 0.0357527 6 3 6 2
4905 4607 298 7 0.799982 0.763705 0.0362767 8 1 8 1
6145 5883 262 5 0.899966 0.867671 0.032295 6 3 2 2
6487 6395 92 9 0.399796 0.389267 0.0105288 5 4 5 4
6610 6353 257 6 0.699977 0.668225 0.0317523 5 3 5 3
7756 7703 53 3 0.399989 0.394022 0.00596714 9 0 8 0
8477 8377 100 2 0.599933 0.587475 0.0124579 7 2 7 2
8837 8713 124 0 0.299985 0.28513 0.014855 6 3 6 3
8881 8828 53 1 0.399889 0.393236 0.00665345 6 3 6 3
10025 9812 213 4 0.49992 0.470073 0.0298464 9 0 9 0
10200 10113 87 7 0.499956 0.48703 0.0129253 5 4 5 4
10891 10796 95 5 0.4999 0.487889 0.0120105 6 3 6 3
11223 11170 53 8 0.399857 0.392798 0.00705898 4 5 4 5
11256 11028 228 3 0.899979 0.87187 0.028109 7 2 3 2
11595 11497 98 9 0.699934 0.687233 0.0127004 6 3 6 3
11879 11796 83 2 0.799947 0.790698 0.0092486 6 3 5 3
12427 12137 290 6 0.499955 0.466961 0.0329945 4 5 4 4
14406 14228 178 0 0.699924 0.679229 0.0206943 8 1 8 1
14451 14398 53 2 0.799891 0.793096 0.00679507 8 1 7 0
14593 14273 320 3 0.699998 0.660947 0.0390515 9 0 7 0
14716 14659 57 1 0.599984 0.590822 0.00916202 6 3 6 3
15553 15445 108 4 0.599969 0.586026 0.0139424 6 3 6 3
15923 15616 307 7 0.599901 0.557385 0.0425163 6 3 6 2
17072 17015 57 9 0.499939 0.493678 0.00626111 6 3 6 3
17892 17829 63 5 0.399911 0.39299 0.00692111 7 2 7 2
18117 17948 169 6 0.59995 0.57906 0.0208904 7 2 7 1
18231 17880 351 8 0.499906 0.455154 0.0447519 7 2 7 2
18453 18386 67 3 0.699952 0.691486 0.00846554 7 2 4 2
18959 18650 309 2 0.599959 0.5642 0.0357589 7 2 7 2
19059 18878 181 1 0.69993 0.678667 0.0212625 3 6 3 5
19377 19063 314 0 0.599909 0.562112 0.0377964 7 2 7 2
21407 21350 57 3 0.799911 0.791044 0.00886761 6 3 3 3
21545 21380 165 4 0.499897 0.480712 0.0191854 6 3 5 3
21551 21184 367 1 0.899813 0.857333 0.0424801 5 4 4 1
21585 21305 280 8 0.899959 0.866251 0.0337074 7 2 2 2
22113 21945 168 7 0.499919 0.478672 0.0212465 8 1 8 1
24260 23975 285 6 0.499964 0.466984 0.0329801 7 2 7 2
24521 24186 335 9 0.399893 0.358989 0.0409034 7 2 7 2
24632 24515 117 0 0.599934 0.587073 0.0128611 6 3 6 3
25961 25604 357 3 0.599896 0.557309 0.0425864 6 3 6 3
26015 25708 307 2 0.399999 0.362918 0.0370816 8 1 8 1
26203 26099 104 5 0.299925 0.287503 0.0124229 5 4 5 4
26263 25942 321 7 0.799984 0.758674 0.0413106 4 5 3 4
26450 26373 77 1 0.487407 0.478907 0.00849969 4 5 4 5
27078 26954 124 4 0.599976 0.583403 0.0165734 3 6 2 6
27463 27180 283 8 0.399947 0.366574 0.0333731 5 4 5 4
28149 27977 172 0 0.799989 0.776025 0.0239644 5 4 1 2
28311 28120 191 7 0.899956 0.876901 0.0230546 3 6 2 4
29258 28975 283 6 0.699922 0.664287 0.0356348 5 4 3 4
