866 813 53 4 0.899948 0.891984 0.007964 5 1 5 0
1670 1617 53 6 0.799919 0.793993 0.00592598 7 0 7 0
2389 2336 53 2 0.699973 0.690876 0.00909639 8 0 8 0
2457 2278 179 5 0.699946 0.680074 0.0198719 6 0 6 0
2643 2465 178 3 0.699946 0.677068 0.0228782 6 1 6 1
3196 2948 248 4 0.79997 0.770543 0.0294269 6 2 6 2
3511 3264 247 9 0.599947 0.56783 0.0321175 8 1 8 1
4901 4800 101 3 0.899872 0.888 0.0118725 6 2 3 1
5108 4974 134 1 0.399951 0.382978 0.0169724 8 1 8 1
5168 4786 382 0 0.399914 0.355726 0.0441883 9 0 9 0
5237 4898 339 8 0.399954 0.360076 0.0398783 6 2 6 2
5372 5013 359 6 0.699928 0.656873 0.0430551 4 5 4 5
5601 5444 157 5 0.799927 0.779786 0.0201413 7 1 4 1
6003 5784 219 7 0.299922 0.272197 0.0277242 5 4 4 4
6392 6169 223 9 0.899918 0.87457 0.0253483 6 3 2 3
7596 7492 104 4 0.599909 0.586213 0.0136959 6 3 4 3
8683 8596 87 2 0.399919 0.3887 0.0112196 9 0 9 0
8704 8466 238 6 0.799927 0.773661 0.0262667 4 5 3 2
8880 8555 325 9 0.799995 0.760659 0.0393367 8 1 7 1
9257 8974 283 5 0.699998 0.663195 0.0368028 7 1 6 1
9906 9557 349 3 0.499918 0.455587 0.0443312 7 2 6 2
10375 10284 91 0 0.699904 0.685921 0.013983 8 1 8 1
10770 10640 130 7 0.799994 0.784836 0.015158 6 3 4 2
11524 11328 196 6 0.799996 0.773954 0.026042 7 2 5 1
11798 11740 58 1 0.499953 0.491947 0.00800564 7 2 7 2
12091 12012 79 2 0.899928 0.888648 0.0112802 6 3 1 3
12570 12400 170 9 0.699823 0.678166 0.0216563 8 1 5 1
13118 12883 235 8 0.399898 0.372658 0.0272395 3 6 3 6
13356 13300 56 5 0.699992 0.692651 0.00734069 7 2 5 1
13527 13361 166 2 0.899947 0.878103 0.0218439 7 2 4 2
14367 14143 224 7 0.699961 0.671387 0.0285741 7 2 7 1
14584 14332 252 4 0.399996 0.369702 0.030294 9 0 8 0
14932 14711 221 1 0.899906 0.872956 0.0269496 9 0 4 0
15589 15500 89 9 0.799908 0.788169 0.0117384 8 1 7 1
16309 16214 95 3 0.499946 0.486218 0.0137277 8 1 8 1
16832 16593 239 0 0.399953 0.372423 0.0275305 8 1 8 1
17318 17071 247 5 0.699905 0.66975 0.030155 7 2 6 2
17392 17255 137 9 0.899993 0.884931 0.0150611 8 1 3 1
18158 17938 220 1 0.699991 0.67263 0.0273615 7 2 6 2
18250 18193 57 6 0.299904 0.291476 0.00842752 6 3 6 3
18278 18114 164 8 0.699946 0.679919 0.0200273 6 3 5 2
18326 18210 116 2 0.499966 0.486282 0.0136841 7 2 7 2
18544 18247 297 7 0.699908 0.664749 0.0351588 8 1 5 1
19558 19416 142 9 0.799909 0.779689 0.0202197 6 3 3 2
19883 19716 167 4 0.699959 0.679349 0.0206101 7 2 3 2
21229 21068 161 0 0.8 0.78131 0.0186896 5 4 4 3
21823 21544 279 7 0.799943 0.769023 0.0309195 5 4 3 3
22321 22017 304 5 0.599989 0.565574 0.0344148 8 1 8 1
22614 22541 73 3 0.499885 0.48808 0.0118043 8 1 8 1
23024 22785 239 1 0.599968 0.570019 0.0299498 7 2 7 2
23234 22929 305 0 0.899951 0.860788 0.0391621 6 3 3 1
23251 22880 371 8 0.599933 0.554041 0.045892 7 2 6 2
23787 23603 184 7 0.899986 0.875898 0.0240872 6 3 2 1
23989 23729 260 2 0.59989 0.569598 0.0302925 6 3 6 3
24708 24491 217 6 0.599915 0.576303 0.0236117 8 1 7 1
24770 24649 121 9 0.499913 0.484407 0.0155059 7 2 6 2
25701 25383 318 4 0.499766 0.459408 0.0403582 7 2 7 2
26495 26426 69 1 0.799868 0.790088 0.00978004 7 2 4 1
27067 26722 345 7 0.699966 0.655374 0.0445918 6 3 5 3
27514 27407 107 8 0.7 0.687577 0.012423 7 2 4 1
27759 27451 308 5 0.59999 0.563304 0.0366856 4 5 4 5
27965 27899 66 3 0.599987 0.592263 0.00772414 8 1 6 1
28477 28273 204 2 0.699987 0.677429 0.0225585 5 4 4 2
28845 28506 339 9 0.799948 0.760846 0.0391015 6 3 6 3
28989 28772 217 0 0.399995 0.372725 0.0272695 7 2 7 2
29759 29631 128 8 0.899977 0.884403 0.0155736 7 2 3 2
