1590 1470 120 2 0.799834 0.786538 0.0132961 8 0 8 0
1736 1565 171 8 0.799893 0.777813 0.0220794 7 0 7 0
2391 2228 163 7 0.69987 0.678663 0.0212069 8 0 8 0
2557 2322 235 4 0.699982 0.670283 0.0296996 9 0 9 0
2666 2419 247 9 0.699953 0.666467 0.0334866 9 0 9 0
3294 3102 192 5 0.599912 0.576084 0.0238272 8 1 8 1
3466 3180 286 6 0.599978 0.566813 0.0331648 8 1 8 1
3649 3309 340 1 0.59981 0.560444 0.0393657 5 4 5 4
5036 4916 120 0 0.399966 0.385012 0.0149545 8 1 8 1
5263 4915 348 3 0.399956 0.360329 0.0396267 6 3 6 3
5624 5144 480 8 0.699943 0.640953 0.0589891 7 2 6 2
6741 6582 159 2 0.499912 0.480009 0.0199032 8 1 8 1
7079 6962 117 7 0.599899 0.583781 0.0161173 6 3 4 3
7244 7161 83 4 0.599903 0.588675 0.0112278 7 2 7 2
7496 7324 172 9 0.599996 0.578942 0.0210534 5 4 5 4
8018 7767 251 6 0.699961 0.671601 0.02836 5 4 4 4
8037 7911 126 1 0.699998 0.685507 0.0144906 5 4 3 4
8438 8308 130 5 0.599892 0.579877 0.0200145 7 2 4 2
8626 8428 198 0 0.899933 0.87707 0.0228632 7 2 0 1
8784 8731 53 8 0.799886 0.790868 0.00901768 3 6 1 4
10179 10035 144 9 0.899947 0.883104 0.0168427 7 2 5 2
11341 11039 302 6 0.799969 0.763583 0.0363858 8 1 7 0
11349 11296 53 8 0.799913 0.794102 0.00581179 7 2 6 0
11503 11306 197 2 0.699991 0.677259 0.0227328 9 0 9 0
11566 11285 281 3 0.599866 0.565969 0.0338963 7 2 7 1
11607 11552 55 0 0.699825 0.691633 0.00819189 8 1 8 1
12437 12291 146 9 0.799944 0.782519 0.0174253 5 4 3 3
12989 12652 337 5 0.699903 0.65854 0.0413629 7 2 5 2
13287 13090 197 4 0.499926 0.4762 0.0237261 5 4 4 3
13552 13313 239 1 0.499905 0.471973 0.027932 7 2 7 2
13757 13589 168 2 0.899891 0.876028 0.023863 7 2 3 2
14646 14541 105 0 0.799965 0.786697 0.0132681 5 4 4 4
14805 14464 341 7 0.299984 0.261382 0.0386015 9 0 9 0
16146 15848 298 9 0.699915 0.66348 0.036435 6 3 5 3
16351 15958 393 2 0.799943 0.751168 0.0487749 6 3 4 2
16456 16336 120 8 0.499959 0.486245 0.0137135 4 5 4 5
17013 16894 119 5 0.699891 0.686471 0.0134196 5 4 3 3
17424 17257 167 6 0.399905 0.3795 0.0204056 8 1 8 1
18285 17975 310 4 0.699926 0.662745 0.0371808 5 4 3 2
18332 18240 92 3 0.399998 0.387601 0.0123964 5 4 4 4
19142 18834 308 0 0.599962 0.565013 0.0349487 3 6 3 6
20102 20049 53 9 0.699982 0.693411 0.00657029 7 2 5 1
20120 19918 202 1 0.499954 0.475246 0.024708 5 4 5 4
20648 20386 262 7 0.699997 0.670597 0.0294007 6 3 6 3
20781 20724 57 5 0.697506 0.689722 0.00778423 5 4 3 4
20861 20740 121 2 0.599957 0.586158 0.0137986 8 1 8 1
20881 20799 82 6 0.899894 0.889756 0.0101378 8 1 2 0
21251 21072 179 8 0.699959 0.680006 0.0199527 6 3 6 2
22523 22259 264 4 0.699923 0.669885 0.0300382 5 4 4 2
22663 22553 110 3 0.799915 0.784014 0.0159013 7 2 5 2
24227 24174 53 2 0.799991 0.791424 0.00856715 7 2 6 2
24847 24470 377 7 0.699839 0.652918 0.0469214 7 2 7 2
24871 24720 151 1 0.7 0.682367 0.0176328 7 2 7 2
25435 25136 299 0 0.49994 0.462979 0.0369609 9 0 9 0
25609 25482 127 9 0.499958 0.483959 0.0159991 8 1 8 1
26294 26013 281 3 0.69998 0.664774 0.0352059 7 2 6 2
26322 26107 215 5 0.499927 0.471275 0.0286515 6 3 6 2
27059 26967 92 1 0.899903 0.888403 0.0115001 6 3 4 3
27076 27020 56 6 0.299965 0.292812 0.00715326 5 4 5 4
27554 27468 86 8 0.39953 0.386274 0.0132556 3 6 3 6
28048 27936 112 4 0.499924 0.485774 0.0141494 4 5 4 5
28339 27952 387 7 0.799945 0.751389 0.0485567 5 4 2 3
28569 28319 250 2 0.599901 0.567088 0.0328135 6 3 4 3
