2462 2409 53 3 0.699905 0.693943 0.00596248 9 0 9 0
2473 2378 95 1 0.699921 0.687945 0.011976 8 0 8 0
2715 2368 347 8 0.699906 0.65824 0.041666 7 0 7 0
3407 3149 258 5 0.599966 0.563307 0.036659 6 3 6 3
3504 3276 228 9 0.599997 0.571505 0.0284917 6 2 6 2
4218 4020 198 2 0.499952 0.477175 0.0227766 6 2 6 2
4279 4054 225 7 0.499902 0.473928 0.0259749 4 4 4 4
4402 4088 314 0 0.499953 0.463607 0.036346 7 2 7 2
4961 4860 101 6 0.399982 0.386987 0.0129951 6 3 6 3
5158 4930 228 4 0.399954 0.371639 0.0283152 4 5 4 5
5572 5411 161 3 0.799945 0.779487 0.0204584 4 5 0 5
6599 6291 308 1 0.699896 0.663433 0.0364631 4 5 3 5
7394 7315 79 8 0.599871 0.588996 0.0108757 6 3 5 3
7990 7933 57 9 0.668513 0.660807 0.00770535 5 3 5 3
8288 8070 218 7 0.799987 0.771919 0.0280678 7 2 5 2
8292 8038 254 2 0.799962 0.768656 0.0313064 6 3 4 1
9649 9410 239 4 0.799909 0.773627 0.0262811 5 4 2 2
10105 9822 283 3 0.599987 0.566884 0.0331028 8 1 8 1
10439 10282 157 5 0.399976 0.381118 0.018858 8 1 8 1
11783 11420 363 1 0.599886 0.555229 0.0446569 7 2 6 1
11837 11730 107 2 0.699894 0.684373 0.0155212 7 2 6 2
12493 12373 120 8 0.599949 0.583156 0.0167922 7 2 7 2
12703 12393 310 0 0.299999 0.263238 0.0367617 7 2 6 2
12818 12470 348 7 0.599906 0.558304 0.0416014 7 2 6 2
13429 13296 133 6 0.299912 0.283771 0.0161404 6 3 6 3
13880 13524 356 9 0.499993 0.45745 0.0425424 9 0 9 0
13956 13888 68 4 0.599899 0.591265 0.00863389 4 5 4 5
14551 14444 107 3 0.699975 0.686248 0.0137275 5 4 4 4
14609 14462 147 1 0.899957 0.882332 0.0176248 6 3 2 2
14866 14657 209 5 0.7999 0.772934 0.0269665 6 3 4 3
15034 14829 205 2 0.799961 0.776673 0.0232887 3 6 2 6
16650 16571 79 0 0.899899 0.889129 0.0107701 9 0 8 0
17495 17139 356 7 0.69989 0.658364 0.0415262 7 2 6 1
17844 17508 336 8 0.599893 0.559321 0.040572 7 2 7 2
18500 18343 157 5 0.699889 0.679017 0.0208727 6 3 6 2
18515 18363 152 1 0.599922 0.58069 0.0192316 7 2 6 2
19148 19090 58 3 0.599948 0.590673 0.00927582 7 2 7 2
19193 18935 258 4 0.599916 0.568968 0.0309478 8 1 8 1
19523 19140 383 2 0.599796 0.552717 0.0470786 7 2 7 2
20565 20512 53 7 0.799901 0.792971 0.00693023 5 4 2 2
20613 20472 141 6 0.499996 0.480812 0.0191844 5 4 4 3
21261 21099 162 9 0.399896 0.381069 0.018827 6 3 6 3
21567 21289 278 0 0.499983 0.467615 0.0323685 5 4 5 4
22210 21862 348 1 0.799989 0.757446 0.0425426 8 1 3 0
22595 22534 61 3 0.79993 0.790665 0.00926469 5 4 5 4
23233 23072 161 8 0.599907 0.578241 0.0216658 7 2 4 1
23362 23047 315 2 0.799944 0.761743 0.0382006 7 2 5 2
23817 23508 309 4 0.699945 0.662541 0.0374039 8 1 6 1
24432 24378 54 6 0.799934 0.79202 0.00791348 7 2 7 2
25468 25415 53 9 0.799942 0.79237 0.00757107 7 2 6 1
25491 25438 53 0 0.799947 0.79345 0.00649699 8 1 7 0
25676 25585 91 5 0.299977 0.288216 0.0117607 8 1 8 1
25702 25516 186 7 0.49994 0.476149 0.0237905 7 2 7 2
26200 25941 259 3 0.699976 0.669108 0.0308681 7 2 6 2
26703 26564 139 1 0.599913 0.581535 0.0183784 7 2 6 2
26978 26639 339 8 0.799912 0.761779 0.0381327 7 2 1 1
27957 27880 77 9 0.79994 0.788102 0.0118383 7 2 3 2
27977 27621 356 2 0.599968 0.55719 0.0427776 8 1 7 1
28073 27745 328 6 0.699895 0.658277 0.0416177 7 2 6 1
28904 28610 294 4 0.599914 0.562086 0.037828 5 4 4 4
29001 28838 163 0 0.699929 0.678964 0.0209645 7 2 7 2
29663 29609 54 8 0.799971 0.791045 0.0089256 3 6 3 6
