828 733 95 6 0.899906 0.88571 0.0141962 8 0 8 0
837 783 54 2 0.899891 0.893542 0.00634911 7 0 7 0
908 824 84 3 0.89998 0.88768 0.0122994 8 1 8 1
1113 827 286 0 0.899925 0.866143 0.0337821 9 0 9 0
1715 1620 95 1 0.799937 0.787193 0.0127443 5 2 5 2
3265 2924 341 2 0.799926 0.758783 0.041143 9 0 9 0
3328 3203 125 5 0.599982 0.585102 0.0148803 8 1 8 1
3508 3289 219 4 0.599915 0.573121 0.0267939 6 3 6 3
3545 3258 287 7 0.59996 0.564292 0.0356676 8 1 8 1
3639 3248 391 8 0.59996 0.552126 0.0478336 9 0 9 0
4079 3754 325 3 0.699996 0.663072 0.036924 7 2 7 2
4190 4004 186 9 0.499919 0.479468 0.0204511 4 5 4 5
4338 4121 217 0 0.699898 0.671956 0.0279425 3 6 3 6
5154 5033 121 1 0.699965 0.685129 0.0148353 2 7 2 7
6482 6238 244 6 0.399967 0.370613 0.0293537 6 3 6 3
6570 6309 261 8 0.899797 0.869469 0.0303287 7 2 6 2
7072 6847 225 2 0.699949 0.673037 0.0269121 7 2 7 2
7468 7296 172 1 0.899971 0.878304 0.0216665 7 2 6 1
8814 8638 176 4 0.59993 0.57849 0.0214402 8 1 8 1
8985 8706 279 7 0.599997 0.564216 0.0357808 8 1 8 1
9256 9047 209 0 0.599811 0.573308 0.0265029 6 3 6 3
9532 9203 329 5 0.499834 0.462362 0.0374716 5 4 5 4
9768 9556 212 9 0.599907 0.57553 0.0243761 7 2 7 2
10829 10483 346 3 0.399895 0.358792 0.0411035 4 5 4 5
11430 11291 139 8 0.499994 0.481681 0.0183129 3 6 3 6
11598 11317 281 1 0.599962 0.56682 0.0331415 6 3 6 3
11920 11824 96 0 0.899909 0.887442 0.0124673 4 5 4 5
11946 11636 310 2 0.599995 0.560693 0.0393025 4 5 4 5
12703 12411 292 6 0.599909 0.56815 0.031759 5 4 5 4
13861 13101 760 4 0.699968 0.575402 0.124566 4 5 4 5
15101 14932 169 7 0.499972 0.478409 0.0215624 6 3 6 3
15142 14837 305 9 0.59999 0.560939 0.0390508 7 2 7 2
15168 14866 302 0 0.69992 0.664901 0.0350186 7 2 7 2
15545 15303 242 2 0.79992 0.769131 0.0307898 6 3 6 3
16111 15958 153 3 0.699977 0.679135 0.0208429 5 4 5 4
16965 16795 170 5 0.399902 0.377167 0.0227347 6 3 6 3
17771 17641 130 8 0.499945 0.484143 0.0158023 8 1 8 1
18375 18051 324 4 0.699771 0.662241 0.0375299 8 1 8 1
18567 18291 276 1 0.399914 0.363731 0.0361828 6 3 6 3
18826 18582 244 9 0.799946 0.771609 0.0283367 7 2 7 2
19445 19066 379 0 0.699979 0.652574 0.0474055 3 6 3 6
19484 19407 77 6 0.399952 0.387399 0.0125536 5 4 5 4
20005 19823 182 2 0.599892 0.578304 0.0215875 6 3 6 3
20778 20506 272 7 0.599884 0.567889 0.0319941 5 4 5 4
20856 20658 198 3 0.599934 0.575251 0.024683 4 5 4 5
21573 21440 133 4 0.799969 0.784101 0.0158683 6 3 3 3
22196 22028 168 5 0.699817 0.676979 0.0228377 5 4 5 4
22232 22179 53 8 0.699965 0.693018 0.00694703 5 4 5 4
23194 22839 355 1 0.799919 0.752165 0.0477537 6 3 6 3
23345 23107 238 9 0.599974 0.573339 0.0266351 4 5 4 5
23685 23411 274 2 0.799989 0.761686 0.0383038 4 5 4 5
24629 24376 253 5 0.899976 0.871045 0.0289308 7 2 5 2
25378 25075 303 7 0.69983 0.665657 0.034173 6 3 6 2
25395 25060 335 0 0.499966 0.459953 0.0400131 7 2 7 2
25607 25319 288 6 0.599896 0.56575 0.0341455 8 1 8 1
26072 25794 278 3 0.599945 0.567214 0.0327308 7 2 7 2
26393 25935 458 1 0.799862 0.737198 0.0626641 7 2 7 2
27792 27461 331 4 0.399901 0.359755 0.0401462 5 4 5 4
27868 27619 249 5 0.699964 0.66851 0.0314539 4 5 4 5
28373 28066 307 2 0.599943 0.565509 0.034434 6 3 6 3
28646 28526 120 8 0.399915 0.386613 0.0133027 6 3 6 3
29359 29027 332 9 0.499893 0.459617 0.0402761 8 1 8 1
29395 29140 255 1 0.799967 0.769811 0.0301562 5 4 5 4
