795 741 54 2 0.899934 0.892479 0.00745503 9 0 9 0
834 781 53 3 0.899899 0.892651 0.00724791 7 2 7 2
878 751 127 1 0.899955 0.883884 0.0160709 7 1 7 1
2519 2376 143 7 0.699943 0.683476 0.0164678 9 0 9 0
2620 2313 307 0 0.699993 0.663311 0.036682 9 0 9 0
2631 2412 219 4 0.7 0.671327 0.0286727 7 2 7 2
2897 2840 57 2 0.799948 0.792407 0.0075414 6 3 6 3
3209 2887 322 3 0.799937 0.759288 0.0406493 6 3 6 3
3531 3253 278 9 0.599934 0.5657 0.0342338 6 3 6 3
3614 3258 356 5 0.599922 0.558301 0.0416209 4 5 4 5
3996 3805 191 1 0.699946 0.676682 0.023264 3 6 3 6
4975 4916 59 8 0.399957 0.392886 0.00707023 7 2 7 2
5156 4937 219 6 0.399891 0.37216 0.0277316 6 3 6 3
5637 5413 224 2 0.799971 0.772034 0.0279369 5 4 5 4
5808 5654 154 4 0.79997 0.782729 0.0172407 6 3 6 3
5829 5676 153 0 0.799908 0.783086 0.0168211 6 3 6 3
6470 6173 297 9 0.899876 0.863413 0.0364628 5 4 4 3
7362 7126 236 5 0.799955 0.772738 0.0272172 4 5 4 5
7784 7486 298 3 0.599937 0.564114 0.0358226 4 5 4 5
7816 7434 382 2 0.899971 0.85302 0.0469511 6 3 5 1
7921 7826 95 1 0.699906 0.688218 0.0116881 6 3 6 3
8337 8015 322 7 0.49998 0.461631 0.0383497 5 4 5 4
8665 8318 347 4 0.799931 0.759967 0.0399634 4 5 4 5
10157 10017 140 1 0.899995 0.884604 0.0153911 9 0 5 0
10281 10201 80 6 0.699858 0.688604 0.0112544 7 2 7 2
10844 10787 57 0 0.499894 0.491102 0.00879257 6 3 6 3
10926 10781 145 5 0.699979 0.678959 0.0210196 8 1 8 1
11399 11182 217 9 0.49993 0.475596 0.0243335 6 3 6 3
11620 11314 306 8 0.499777 0.464666 0.0351109 9 0 9 0
12093 11745 348 2 0.599826 0.559004 0.0408227 4 5 4 5
12938 12885 53 7 0.699806 0.692627 0.00717875 7 2 6 2
13199 12878 321 4 0.59999 0.560776 0.0392137 5 4 5 4
13249 13194 55 6 0.799923 0.792604 0.00731862 6 3 6 3
14015 13881 134 1 0.59998 0.581789 0.0181907 5 4 5 4
14825 14661 164 3 0.399901 0.378944 0.0209572 7 2 7 2
15493 15166 327 9 0.799965 0.759544 0.0404214 5 4 5 2
15545 15473 72 8 0.799901 0.789179 0.0107224 6 3 6 3
16469 16207 262 0 0.599979 0.567391 0.0325875 6 3 6 3
16734 16623 111 7 0.699946 0.685676 0.0142702 7 2 7 2
16771 16576 195 6 0.699882 0.675926 0.0239567 6 3 6 3
16774 16555 219 1 0.899953 0.872267 0.0276867 7 2 7 2
17343 17270 73 5 0.399991 0.390494 0.00949655 5 4 5 4
17556 17267 289 2 0.599914 0.56593 0.0339843 5 4 5 4
18391 18184 207 9 0.799894 0.773248 0.0266466 7 2 7 1
18570 18344 226 4 0.599926 0.569512 0.0304145 4 5 4 5
19999 19643 356 8 0.599922 0.555751 0.0441717 7 2 7 2
20773 20695 78 3 0.599907 0.588713 0.0111945 8 1 8 1
20828 20604 224 1 0.599975 0.573611 0.026364 7 2 7 2
21631 21321 310 7 0.599891 0.562308 0.0375836 6 3 6 3
21712 21533 179 0 0.599973 0.578363 0.0216097 7 2 7 2
22949 22683 266 8 0.9 0.869069 0.0309309 6 3 4 3
23000 22629 371 9 0.599983 0.55347 0.0465128 5 4 5 4
23481 23193 288 5 0.599896 0.565407 0.0344883 5 4 5 4
23639 23434 205 2 0.499972 0.476019 0.023953 5 4 5 4
24014 23927 87 6 0.299966 0.288631 0.0113354 5 4 5 4
24029 23674 355 4 0.599929 0.558236 0.041693 4 5 4 5
24194 24054 140 3 0.799991 0.7846 0.0153911 6 3 6 3
25947 25894 53 3 0.899946 0.892427 0.00751804 8 1 6 0
25964 25878 86 1 0.599867 0.588852 0.0110147 7 2 7 2
26007 25923 84 0 0.699957 0.690726 0.00923111 6 3 6 3
26614 26519 95 9 0.799939 0.789338 0.0106009 5 4 5 4
27009 26831 178 7 0.599897 0.575646 0.0242517 7 2 7 2
28582 28275 307 4 0.69996 0.664984 0.0349751 7 2 7 2
28608 28412 196 8 0.399911 0.37689 0.0230215 7 2 7 2
28913 28578 335 5 0.5999 0.557911 0.0419891 7 2 7 2
29244 28863 381 0 0.799971 0.752166 0.0478049 7 2 7 2
29633 29301 332 1 0.799906 0.760321 0.039585 6 3 6 3
29972 29701 271 3 0.599948 0.569659 0.030289 5 4 5 4
