840 707 133 0 0.899979 0.881995 0.0179839 7 0 7 0
860 738 122 9 0.899973 0.882074 0.0178991 6 2 6 2
866 813 53 4 0.899948 0.891984 0.007964 8 0 8 0
970 723 247 2 0.899934 0.871303 0.0286313 6 1 6 1
2550 2307 243 5 0.699901 0.668595 0.0313066 8 1 8 1
2747 2492 255 7 0.699891 0.671452 0.0284385 8 1 8 1
2788 2476 312 3 0.699912 0.662777 0.0371347 8 1 8 1
3259 2987 272 9 0.799992 0.767737 0.0322554 8 1 8 1
3546 3329 217 6 0.599911 0.573085 0.0268258 5 4 5 4
3988 3796 192 0 0.699759 0.676261 0.0234979 4 5 4 5
4266 4037 229 1 0.499967 0.473948 0.0260198 4 5 4 5
4468 4113 355 8 0.499798 0.45817 0.0416276 2 7 2 7
4996 4775 221 5 0.899976 0.873371 0.0266057 7 2 4 2
5353 5063 290 9 0.899933 0.861902 0.0380309 6 3 5 3
6025 5738 287 2 0.499922 0.465655 0.0342675 5 4 5 4
6329 6124 205 0 0.899908 0.874005 0.0259025 5 4 5 4
7258 7203 55 4 0.299993 0.292182 0.00781134 8 1 8 1
7650 7510 140 7 0.599915 0.584524 0.0153911 8 1 8 1
7799 7687 112 0 0.899944 0.886545 0.0133994 7 2 7 2
7846 7543 303 3 0.599901 0.56511 0.0347906 7 2 7 2
8008 7895 113 5 0.699968 0.687547 0.0124211 5 4 5 4
9462 9351 111 6 0.499916 0.487458 0.0124585 7 2 7 2
9589 9303 286 9 0.599941 0.563742 0.0361994 5 4 5 4
9854 9762 92 1 0.599993 0.589582 0.0104108 5 4 5 4
10099 9956 143 0 0.79991 0.784188 0.0157211 7 2 7 2
10663 10500 163 3 0.899944 0.881567 0.0183764 5 4 4 3
10920 10867 53 8 0.499968 0.492057 0.00791019 2 7 2 7
11146 10918 228 7 0.799974 0.7709 0.0290736 4 5 4 4
12022 11816 206 0 0.899961 0.874163 0.0257987 7 2 7 2
13128 12824 304 3 0.799939 0.761057 0.038882 8 1 8 1
13517 13264 253 2 0.399944 0.366913 0.033031 9 0 9 0
14462 14278 184 4 0.499951 0.474535 0.025416 7 2 7 2
14462 14229 233 5 0.399981 0.370059 0.0299212 7 2 7 2
14634 14486 148 7 0.69994 0.680891 0.0190491 8 1 8 1
14729 14619 110 8 0.799968 0.787877 0.0120911 6 3 6 3
14960 14869 91 6 0.599857 0.586388 0.0134684 5 4 5 4
15002 14743 259 1 0.599891 0.570801 0.02909 6 3 6 3
16882 16656 226 3 0.699909 0.668756 0.0311528 6 3 6 3
17058 16774 284 7 0.899962 0.866239 0.0337226 7 2 5 2
17352 17169 183 9 0.299916 0.276104 0.0238119 8 1 8 1
17579 17505 74 0 0.399876 0.389135 0.0107401 7 2 7 2
18441 18085 356 8 0.699852 0.657617 0.0422353 7 2 7 2
18587 18533 54 2 0.699841 0.691958 0.00788243 5 4 5 4
18597 18263 334 6 0.799997 0.759318 0.0406789 8 1 7 1
19392 19223 169 1 0.69998 0.67707 0.0229103 5 4 5 4
19747 19591 156 5 0.69994 0.680313 0.019627 3 6 3 6
20536 20447 89 6 0.899953 0.889645 0.0103086 7 2 6 2
20882 20702 180 3 0.699976 0.675876 0.0241001 8 1 8 1
21697 21635 62 7 0.499818 0.491875 0.00794268 6 3 6 3
21811 21634 177 4 0.399983 0.379882 0.0201008 9 0 9 0
22190 21985 205 9 0.799875 0.774811 0.0250645 6 3 6 3
23104 23033 71 2 0.599851 0.589943 0.00990792 6 3 6 3
23280 23227 53 0 0.599989 0.59376 0.00622944 7 2 7 2
23600 23417 183 5 0.699985 0.675553 0.024432 6 3 6 3
24346 24070 276 8 0.499901 0.467391 0.0325099 4 5 4 5
25068 24890 178 1 0.49993 0.475222 0.0247087 5 4 5 4
25709 25607 102 9 0.699935 0.686276 0.0136596 7 2 7 2
25858 25501 357 3 0.599975 0.556414 0.0435607 7 2 7 2
26032 25755 277 5 0.899998 0.868835 0.031163 7 2 6 2
26063 25947 116 6 0.399896 0.385254 0.0146421 4 5 4 5
26505 26452 53 2 0.799967 0.79172 0.00824706 3 6 3 6
27438 27079 359 7 0.599808 0.556825 0.0429838 4 5 4 5
27522 27409 113 5 0.899937 0.886499 0.0134377 5 4 4 4
27878 27704 174 4 0.599896 0.578925 0.0209712 4 5 4 5
28406 28194 212 8 0.799906 0.775027 0.0248793 7 2 5 2
28453 28168 285 0 0.599893 0.563846 0.036047 7 2 7 2
29761 29689 72 1 0.699826 0.689824 0.0100017 7 2 7 2
