806 655 151 2 0.899979 0.883063 0.016916 8 0 8 0
1646 1559 87 8 0.799931 0.78834 0.0115906 8 1 8 1
1655 1480 175 5 0.799969 0.778153 0.0218168 9 0 9 0
1789 1588 201 3 0.799992 0.775085 0.0249071 8 1 8 1
2768 2423 345 9 0.699961 0.659427 0.0405343 6 3 6 3
3029 2819 210 2 0.799898 0.772232 0.0276666 9 0 9 0
3527 3211 316 0 0.599968 0.564252 0.0357161 7 2 7 2
3603 3325 278 1 0.599925 0.568017 0.0319076 6 3 6 3
4339 4044 295 6 0.499961 0.464156 0.0358049 6 3 6 3
5055 5001 54 4 0.399996 0.392164 0.00783191 6 3 6 3
5075 4758 317 7 0.399991 0.363264 0.0367262 6 3 6 3
5176 4999 177 8 0.699939 0.678934 0.0210053 5 4 5 4
7267 6984 283 0 0.799997 0.764976 0.0350204 7 2 7 2
7832 7538 294 5 0.399997 0.364792 0.0352053 7 2 7 2
8070 7852 218 1 0.699977 0.672707 0.0272693 6 3 6 3
8396 8308 88 4 0.899941 0.89027 0.00967111 7 2 5 2
8878 8553 325 3 0.299925 0.258073 0.0418516 6 3 6 3
9247 9065 182 0 0.899797 0.875044 0.0247522 6 3 6 3
9272 8927 345 2 0.399995 0.356655 0.0433409 6 3 6 3
9905 9680 225 4 0.899901 0.872767 0.0271335 6 3 4 3
10275 9947 328 9 0.29999 0.259434 0.0405564 5 4 5 4
11324 11031 293 7 0.599907 0.566252 0.0336547 6 3 6 3
11634 11581 53 6 0.399989 0.394015 0.00597441 4 5 4 5
11699 11464 235 8 0.399953 0.372833 0.0271201 5 4 5 4
12566 12220 346 0 0.699931 0.659176 0.0407552 5 4 5 4
12960 12760 200 1 0.599917 0.575453 0.0244638 4 5 4 5
13757 13624 133 2 0.799966 0.785265 0.0147006 4 5 4 5
14773 14478 295 3 0.699902 0.664822 0.0350808 5 4 5 4
14911 14623 288 4 0.499842 0.466426 0.0334164 6 3 6 3
15112 14815 297 7 0.799934 0.766237 0.0336971 6 3 6 3
15818 15528 290 1 0.899945 0.865994 0.0339509 7 2 6 2
16704 16359 345 5 0.29987 0.259265 0.0406055 6 3 6 3
16815 16636 179 9 0.599988 0.578832 0.0211563 6 3 6 3
17228 16918 310 7 0.899962 0.865139 0.0348235 7 2 6 1
17496 17440 56 6 0.599895 0.591951 0.00794437 6 3 6 3
17511 17458 53 8 0.599889 0.59208 0.00780903 4 5 4 5
18298 17972 326 2 0.599951 0.563043 0.0369083 5 4 5 4
19130 18821 309 4 0.799974 0.763614 0.0363592 6 3 6 2
19215 18991 224 0 0.399984 0.374595 0.0253893 5 4 5 4
19636 19473 163 3 0.59993 0.580664 0.0192659 3 6 3 6
20069 19788 281 1 0.599895 0.565396 0.034499 5 4 5 4
20881 20827 54 8 0.799964 0.794033 0.00593111 6 3 6 3
21740 21383 357 5 0.799918 0.758949 0.0409686 5 4 5 4
22360 22185 175 3 0.899904 0.877228 0.0226756 8 1 8 1
22633 22578 55 4 0.699836 0.691643 0.00819278 7 2 7 2
22748 22643 105 9 0.499899 0.486357 0.013542 6 3 6 3
22902 22796 106 7 0.399923 0.387055 0.0128686 8 1 8 1
23484 23317 167 6 0.499896 0.481507 0.0183888 8 1 8 1
23548 23352 196 2 0.599926 0.57812 0.0218067 5 4 5 4
24552 24498 54 3 0.799941 0.793551 0.00638967 5 4 4 4
24597 24208 389 8 0.699915 0.650636 0.0492795 4 5 4 5
25246 25126 120 1 0.599777 0.585493 0.0142838 3 6 3 6
25296 25019 277 0 0.599982 0.565301 0.0346812 3 6 3 6
26210 26130 80 5 0.599932 0.590206 0.0097257 5 4 5 4
26514 26361 153 4 0.699818 0.678728 0.0210895 5 4 5 4
27177 26909 268 2 0.799931 0.764701 0.0352297 7 2 7 2
27253 27010 243 3 0.799928 0.766958 0.0329706 5 4 5 4
28663 28586 77 7 0.599937 0.589452 0.0104846 9 0 9 0
28774 28660 114 4 0.899959 0.886134 0.013825 8 1 7 1
29137 28967 170 9 0.499977 0.479369 0.0206078 8 1 8 1
29523 29335 188 8 0.599896 0.575888 0.0240079 9 0 9 0
29867 29525 342 0 0.699973 0.659922 0.0400513 6 3 6 3
29990 29797 193 6 0.499928 0.476693 0.0232356 7 2 7 2
