824 744 80 8 0.899973 0.889012 0.0109615 8 1 8 1
846 737 109 5 0.899916 0.887567 0.0123493 8 1 8 1
897 771 126 3 0.899986 0.882636 0.0173508 5 1 5 1
907 702 205 7 0.899983 0.874519 0.025464 9 0 9 0
1734 1680 54 9 0.799913 0.792311 0.00760242 8 1 8 1
1766 1635 131 2 0.799969 0.783402 0.0165667 8 1 8 1
2220 2102 118 8 0.899985 0.885615 0.0143701 9 0 7 0
2747 2396 351 4 0.699899 0.657357 0.0425419 7 2 7 2
3437 3208 229 1 0.599799 0.572915 0.0268832 8 1 8 1
3467 3402 65 9 0.899927 0.891791 0.00813632 7 2 7 2
4276 4068 208 0 0.499991 0.476658 0.0233326 6 3 6 3
4348 4001 347 6 0.499928 0.454039 0.0458888 7 2 7 2
4360 3952 408 7 0.699924 0.649428 0.0504953 7 2 7 2
4831 4578 253 5 0.599953 0.570919 0.0290341 5 4 5 4
5340 4983 357 4 0.899987 0.855589 0.0443984 5 4 4 4
5814 5441 373 3 0.499988 0.45445 0.0455384 3 6 3 6
6916 6801 115 8 0.499897 0.484703 0.0151943 7 2 7 2
6955 6748 207 2 0.49991 0.476926 0.0229837 6 3 6 3
7141 6893 248 1 0.79998 0.766495 0.0334856 5 4 5 4
7149 6793 356 4 0.899893 0.855986 0.0439074 5 4 3 2
7282 7164 118 9 0.599976 0.585504 0.0144728 4 5 4 5
9863 9807 56 6 0.599991 0.592367 0.00762406 8 1 8 1
9895 9789 106 1 0.799897 0.785323 0.0145733 8 1 8 1
9925 9771 154 9 0.899958 0.88086 0.019098 9 0 9 0
9983 9686 297 3 0.799927 0.765776 0.0341515 9 0 9 0
10006 9867 139 8 0.899757 0.880997 0.0187602 6 3 6 2
10015 9696 319 0 0.599915 0.560236 0.0396787 8 1 8 1
10133 9949 184 5 0.599907 0.578397 0.0215101 6 3 6 3
10359 10172 187 4 0.69998 0.67515 0.0248304 3 6 3 6
11530 11343 187 8 0.899904 0.873166 0.0267385 6 3 3 3
11928 11702 226 7 0.29999 0.271493 0.0284966 5 4 5 4
12470 12417 53 2 0.59995 0.59229 0.0076602 7 2 7 2
12725 12483 242 4 0.899985 0.87261 0.0273749 7 2 7 2
12974 12666 308 3 0.799965 0.76108 0.0388847 6 3 6 3
14124 14031 93 6 0.699914 0.688296 0.0116188 6 3 6 3
14221 14058 163 1 0.599809 0.580691 0.0191172 7 2 7 2
14528 14362 166 5 0.699983 0.679717 0.020266 5 4 5 4
14550 14304 246 0 0.699903 0.667902 0.032001 6 3 6 3
14765 14540 225 8 0.699904 0.673222 0.0266812 6 3 6 3
14850 14634 216 9 0.499968 0.472828 0.0271408 7 2 7 2
16480 16219 261 6 0.899974 0.867548 0.0324266 7 2 7 1
17361 17306 55 4 0.499846 0.492986 0.0068602 7 2 7 2
17403 17298 105 3 0.59993 0.585622 0.0143079 9 0 8 0
17693 17572 121 0 0.799943 0.782929 0.0170134 7 2 6 2
17760 17419 341 2 0.599947 0.560516 0.0394308 9 0 9 0
18473 18256 217 7 0.599975 0.574535 0.0254397 7 2 7 2
18684 18304 380 5 0.699969 0.652471 0.0474986 5 4 5 4
20384 20327 57 6 0.599997 0.593736 0.00626111 7 2 7 2
21049 20947 102 8 0.399837 0.384877 0.0149604 9 0 9 0
21110 20870 240 1 0.399937 0.369618 0.0303189 8 1 8 1
21232 21177 55 9 0.499941 0.490976 0.00896567 7 2 7 2
21404 21287 117 2 0.799934 0.786092 0.0138421 8 1 7 1
22046 21808 238 7 0.799974 0.773555 0.026419 7 2 7 2
22813 22757 56 4 0.599934 0.591954 0.00798024 6 3 6 3
22925 22777 148 0 0.499994 0.480871 0.0191226 4 5 4 5
22963 22891 72 6 0.899957 0.890554 0.00940295 5 4 4 3
23328 23209 119 3 0.499908 0.485145 0.0147632 2 7 2 7
24472 24311 161 5 0.499911 0.47969 0.0202213 5 4 5 4
24541 24214 327 6 0.899872 0.862129 0.0377436 6 3 6 3
25520 24948 572 9 0.799902 0.732519 0.0673827 5 4 5 4
25590 25215 375 8 0.799948 0.752994 0.0469538 5 4 5 4
25639 25429 210 7 0.699913 0.673845 0.026068 4 5 4 5
25804 25601 203 2 0.5999 0.575081 0.0248184 5 4 5 4
26996 26669 327 0 0.799781 0.762655 0.0371264 4 5 4 5
27128 27012 116 1 0.599901 0.585036 0.0148649 7 2 7 2
27191 27051 140 3 0.799999 0.782584 0.0174149 6 3 6 2
27726 27643 83 6 0.699927 0.687875 0.0120522 6 3 6 3
28342 28235 107 8 0.799891 0.786021 0.013869 7 2 7 2
28456 28329 127 9 0.799987 0.782144 0.0178421 4 5 4 5
28582 28294 288 5 0.799975 0.766561 0.0334135 6 3 6 3
29619 29468 151 7 0.699764 0.682269 0.0174958 8 1 8 1
29859 29472 387 4 0.399986 0.351836 0.0481496 8 1 8 1
