841 788 53 0 0.899893 0.893154 0.00673861 8 0 8 0
881 779 102 6 0.899963 0.887269 0.0126933 9 0 9 0
924 747 177 2 0.899998 0.879942 0.0200559 9 0 9 0
1070 731 339 5 0.899891 0.86219 0.0377007 7 0 7 0
1667 1554 113 4 0.79997 0.786261 0.0137092 6 3 6 3
1901 1659 242 8 0.799995 0.770672 0.0293236 8 1 8 1
2521 2466 55 3 0.69999 0.692073 0.00791645 8 1 8 1
2605 2404 201 1 0.699928 0.674727 0.0252011 8 1 8 1
3061 2999 62 6 0.799982 0.792309 0.00767235 8 1 8 1
3385 3320 65 5 0.799927 0.791102 0.0088248 6 3 6 3
3505 3186 319 9 0.599835 0.55958 0.0402542 8 1 8 1
4002 3819 183 0 0.699892 0.676734 0.0231583 4 5 4 5
4064 3899 165 2 0.699986 0.680897 0.0190899 5 4 5 4
4339 4015 324 7 0.49996 0.463278 0.0366816 5 4 5 4
4692 4409 283 8 0.799898 0.767582 0.032316 4 5 4 5
5542 5423 119 3 0.799926 0.78306 0.0168662 9 0 8 0
5656 5560 96 6 0.79998 0.786024 0.0139562 6 3 6 3
5974 5908 66 5 0.799907 0.792656 0.00725111 4 5 4 5
6845 6683 162 4 0.49999 0.479518 0.0204723 9 0 9 0
7257 6970 287 0 0.799986 0.76708 0.0329063 8 1 8 1
7621 7354 267 7 0.89995 0.868248 0.0317016 8 1 8 1
7922 7868 54 2 0.699984 0.691477 0.00850718 6 3 6 3
8142 8069 73 6 0.799916 0.78941 0.0105063 6 3 6 3
8765 8497 268 5 0.799891 0.76547 0.0344209 7 2 7 2
9031 8687 344 9 0.599979 0.556833 0.0431465 6 3 6 3
9903 9850 53 1 0.299937 0.292509 0.00742773 8 1 8 1
10018 9852 166 0 0.799917 0.779313 0.0206037 7 2 7 2
10031 9791 240 8 0.499992 0.470604 0.029388 8 1 8 1
10775 10512 263 3 0.499935 0.470692 0.0292435 6 3 6 3
12742 12499 243 2 0.599964 0.568105 0.0318593 7 2 7 2
13089 13036 53 8 0.899926 0.892455 0.00747094 8 1 7 1
13311 13117 194 4 0.499994 0.474476 0.0255175 7 2 7 2
13351 13298 53 9 0.699966 0.693783 0.0061831 6 3 6 3
13578 13372 206 0 0.699971 0.67615 0.023821 7 2 7 2
14069 13989 80 7 0.299897 0.28849 0.0114074 6 3 6 3
14225 13916 309 5 0.499967 0.461878 0.0380885 7 2 7 2
15034 14761 273 6 0.299955 0.267772 0.032183 6 3 6 3
15629 15408 221 9 0.899987 0.873855 0.0261321 7 2 5 2
16269 16178 91 1 0.599998 0.589997 0.0100011 6 3 6 3
17190 17137 53 4 0.799885 0.792365 0.00752005 5 4 5 4
17355 17040 315 2 0.699895 0.662252 0.0376434 6 3 6 3
17390 17135 255 3 0.499937 0.465736 0.0342014 4 5 4 5
18647 18474 173 8 0.399984 0.379304 0.0206809 7 2 7 2
19022 18746 276 1 0.899997 0.868631 0.031366 6 3 5 3
19108 18970 138 5 0.699935 0.684471 0.0154638 6 3 6 3
19300 19113 187 0 0.499918 0.476341 0.0235772 6 3 6 3
19598 19482 116 7 0.699939 0.68547 0.0144683 4 5 4 5
19697 19420 277 9 0.599956 0.566919 0.0330367 7 2 7 2
19788 19693 95 6 0.799999 0.788649 0.0113499 4 5 4 5
20563 20444 119 2 0.799946 0.785473 0.0144733 6 3 6 3
22136 22080 56 5 0.799988 0.792176 0.00781193 9 0 9 0
22378 22088 290 3 0.699962 0.666764 0.033198 9 0 9 0
22542 22211 331 4 0.499946 0.462967 0.0369792 6 3 6 3
23159 23106 53 0 0.799936 0.792578 0.00735813 6 3 6 3
23170 22891 279 1 0.599925 0.564881 0.0350439 5 4 5 4
23440 23158 282 9 0.799894 0.767201 0.0326932 7 2 6 2
23666 23374 292 7 0.699937 0.667091 0.0328465 5 4 5 4
24159 23934 225 6 0.599921 0.572959 0.0269618 3 6 3 6
25093 24789 304 0 0.899951 0.862762 0.0371889 6 3 2 2
25621 25549 72 2 0.499912 0.489726 0.0101857 5 4 5 4
25636 25480 156 5 0.699955 0.679577 0.0203782 6 3 6 3
25723 25401 322 8 0.499944 0.462665 0.0372791 7 2 6 2
26516 26312 204 3 0.69991 0.675201 0.0247091 5 4 5 4
26803 26623 180 1 0.799905 0.77756 0.0223449 5 4 5 4
26935 26788 147 6 0.899925 0.882606 0.0173194 5 4 4 4
26944 26882 62 9 0.69993 0.689635 0.0102954 4 5 4 5
27471 27329 142 0 0.799955 0.782887 0.0170684 6 3 6 3
27589 27532 57 7 0.699941 0.692363 0.007578 2 7 2 7
28663 28537 126 2 0.899988 0.882663 0.0173249 8 1 8 1
28853 28565 288 3 0.899891 0.867433 0.032458 7 2 7 2
28941 28790 151 8 0.899915 0.883057 0.0168585 7 2 6 2
29250 28997 253 4 0.499993 0.46929 0.0307023 7 2 7 2
29689 29498 191 5 0.699807 0.678393 0.0214135 5 4 5 4
29982 29866 116 6 0.699925 0.684964 0.0149613 7 2 7 2
