1667 1614 53 7 0.799988 0.794093 0.00589414 9 0 9 0
1701 1614 87 9 0.799897 0.78799 0.0119071 8 1 8 1
1726 1546 180 3 0.799892 0.778658 0.0212335 9 0 9 0
2651 2426 225 2 0.699914 0.672107 0.0278063 6 3 6 3
2700 2466 234 6 0.699958 0.671484 0.0284747 7 2 7 2
3322 3269 53 1 0.599926 0.592568 0.00735868 4 5 4 5
3338 3231 107 4 0.599976 0.586167 0.0138089 6 3 6 3
3347 3249 98 0 0.599978 0.588459 0.0115196 5 4 5 4
3397 3212 185 8 0.599917 0.576908 0.0230093 7 2 7 2
3636 3337 299 7 0.899968 0.865379 0.0345894 8 1 5 1
5168 4997 171 5 0.399984 0.37845 0.0215338 5 4 5 4
5904 5772 132 1 0.899899 0.882837 0.0170624 8 1 8 1
6107 5935 172 3 0.599981 0.577211 0.0227699 7 2 7 2
6143 5883 260 7 0.79997 0.770526 0.0294439 8 1 7 1
6985 6686 299 9 0.499987 0.462819 0.0371674 8 1 8 1
7636 7465 171 4 0.699962 0.67926 0.020702 6 3 6 3
8325 8172 153 6 0.499922 0.482684 0.0172374 7 2 7 2
8455 8332 123 0 0.599912 0.58579 0.0141219 7 2 7 2
8672 8424 248 8 0.599921 0.568557 0.0313636 4 5 4 5
9129 8735 394 7 0.799902 0.750561 0.0493405 7 2 7 2
9262 8903 359 2 0.399883 0.357274 0.0426093 6 3 6 3
10503 10377 126 3 0.699891 0.685114 0.0147768 6 3 6 3
11639 11322 317 1 0.399944 0.36296 0.0369836 8 1 8 1
11990 11709 281 9 0.699936 0.664832 0.035103 7 2 7 2
11998 11786 212 5 0.499933 0.474722 0.0252103 7 2 7 2
12472 12259 213 4 0.599924 0.574373 0.0255513 5 4 5 4
13945 13793 152 8 0.599902 0.580739 0.0191624 6 3 6 3
14599 14283 316 3 0.699937 0.660795 0.0391416 5 4 5 4
14632 14395 237 2 0.699988 0.669523 0.0304654 6 3 6 3
14667 14346 321 7 0.499946 0.461874 0.0380723 5 4 5 4
15168 15006 162 0 0.399996 0.381298 0.0186984 5 4 5 4
15249 15045 204 9 0.79994 0.775555 0.024385 5 4 5 4
15620 15470 150 6 0.399895 0.378462 0.0214334 3 6 3 6
17533 17354 179 8 0.799986 0.779743 0.0202427 5 4 5 3
17633 17373 260 5 0.599921 0.567463 0.0324575 6 3 6 3
17748 17650 98 1 0.599911 0.589147 0.0107645 5 4 5 4
18674 18391 283 4 0.499955 0.467793 0.0321621 6 3 6 3
18747 18552 195 7 0.799936 0.77494 0.0249968 5 4 5 4
19709 19344 365 2 0.599774 0.554398 0.0453756 5 4 5 4
20614 20320 294 9 0.49993 0.461944 0.0379855 7 2 7 2
21072 21019 53 3 0.386919 0.378623 0.00829596 7 2 7 2
21316 21026 290 0 0.599906 0.56685 0.0330561 6 3 6 3
21709 21312 397 7 0.799898 0.756478 0.0434207 5 4 5 4
21734 21458 276 6 0.599904 0.56403 0.0358743 7 2 7 2
22690 22506 184 4 0.799963 0.778575 0.021388 6 3 6 3
23948 23684 264 9 0.899975 0.86641 0.0335651 6 3 6 3
24420 24221 199 8 0.299954 0.277362 0.0225921 8 1 8 1
24504 24401 103 1 0.399943 0.388622 0.0113211 8 1 8 1
24917 24839 78 2 0.599972 0.590501 0.00947074 6 3 6 3
25347 24985 362 5 0.299922 0.254995 0.0449268 8 1 8 1
25348 25231 117 6 0.799967 0.784138 0.0158289 5 4 5 4
26153 26055 98 7 0.599826 0.587097 0.0127291 4 5 4 5
26224 26168 56 9 0.799972 0.791445 0.0085267 3 6 3 6
26388 26114 274 4 0.699937 0.667421 0.0325156 6 3 6 3
27062 27005 57 3 0.599916 0.591046 0.00886975 3 6 3 6
27659 27351 308 0 0.499892 0.465934 0.0339586 2 7 2 7
28450 28265 185 2 0.79997 0.778778 0.0211922 5 4 5 4
28851 28541 310 6 0.699914 0.665182 0.0347317 6 3 6 3
28915 28668 247 7 0.899932 0.871077 0.0288548 5 4 4 1
29487 29232 255 5 0.899936 0.871825 0.028111 6 3 5 3
