830 762 68 5 0.899983 0.891019 0.00896439 9 0 9 0
869 784 85 0 0.899913 0.887958 0.0119554 8 1 8 1
878 704 174 9 0.899894 0.879058 0.0208363 9 0 9 0
1722 1565 157 6 0.799898 0.779804 0.0200938 8 1 8 1
1777 1592 185 4 0.799902 0.776685 0.0232165 8 1 8 1
1907 1624 283 7 0.799979 0.765979 0.0339999 7 2 6 2
2381 2036 345 5 0.899995 0.859188 0.0408068 6 3 5 3
2555 2439 116 2 0.699901 0.684684 0.0152169 5 4 5 4
3371 3313 58 1 0.599976 0.592436 0.00753985 4 5 4 5
3440 3177 263 3 0.599914 0.568093 0.0318211 9 0 9 0
3572 3281 291 8 0.599968 0.566681 0.0332865 7 2 7 2
4627 4293 334 6 0.79998 0.760936 0.0390441 7 2 6 2
4724 4597 127 9 0.599938 0.584288 0.0156496 5 4 5 4
5659 5459 200 0 0.499892 0.472485 0.0274069 6 3 6 3
6281 6109 172 4 0.599988 0.580185 0.0198027 8 1 8 1
6507 6147 360 7 0.599937 0.555044 0.044893 7 2 7 2
7390 7072 318 5 0.499903 0.462557 0.0373465 6 3 6 3
8286 8115 171 6 0.699987 0.678003 0.0219831 7 2 7 2
8891 8806 85 2 0.399926 0.389363 0.0105638 6 3 6 3
8942 8799 143 4 0.899992 0.88192 0.0180713 6 3 5 3
8981 8663 318 8 0.599992 0.56298 0.0370115 7 2 7 2
10299 10043 256 3 0.399927 0.367646 0.0322808 5 4 5 4
10314 9960 354 1 0.399901 0.358636 0.0412659 6 3 6 3
11140 11086 54 4 0.79991 0.792718 0.00719199 6 3 6 3
11849 11475 374 9 0.399935 0.352693 0.0472416 6 3 6 3
12386 12113 273 6 0.699976 0.666502 0.0334737 7 2 7 2
12462 12170 292 2 0.899926 0.86325 0.0366758 7 2 5 2
12779 12671 108 0 0.399952 0.384335 0.0156177 4 5 4 5
13284 13231 53 8 0.699988 0.692289 0.00769931 6 3 6 3
13644 13357 287 7 0.399899 0.363647 0.0362522 6 3 6 3
14916 14602 314 5 0.399911 0.363396 0.0365151 6 3 6 3
15606 15370 236 9 0.899981 0.870162 0.029819 7 2 5 2
16366 16138 228 4 0.499972 0.473559 0.0264137 6 3 6 3
16434 16376 58 2 0.599795 0.590815 0.00898022 6 3 6 3
16444 16281 163 1 0.59994 0.580953 0.0189876 8 1 8 1
18067 17892 175 6 0.499979 0.478822 0.0211572 6 3 6 3
18505 18368 137 5 0.899995 0.882099 0.0178957 6 3 6 2
18582 18516 66 0 0.599964 0.591882 0.00808215 7 2 7 2
18943 18754 189 3 0.299925 0.275351 0.0245735 6 3 6 3
19028 18939 89 2 0.899987 0.886218 0.0137696 4 5 4 4
19584 19439 145 9 0.599941 0.580692 0.0192489 5 4 5 4
19710 19480 230 8 0.39998 0.373495 0.0264846 5 4 5 4
20870 20658 212 1 0.699896 0.676255 0.0236408 4 5 4 5
20928 20647 281 5 0.799982 0.765781 0.034201 5 4 5 4
21095 21008 87 4 0.699959 0.688348 0.0116106 5 4 5 4
22593 22171 422 7 0.299989 0.243676 0.0563128 4 5 4 5
22698 22619 79 0 0.69999 0.689033 0.0109567 8 1 8 1
23030 22713 317 6 0.699915 0.662099 0.0378159 6 3 6 3
23042 22771 271 3 0.899952 0.865621 0.034331 8 1 7 1
23186 23089 97 8 0.899862 0.887785 0.0120777 6 3 6 3
23260 23206 54 4 0.899939 0.891615 0.00832465 4 5 4 5
24370 24315 55 5 0.69993 0.69305 0.00687981 6 3 6 3
24841 24599 242 9 0.599903 0.567794 0.0321094 7 2 7 2
25518 25358 160 2 0.299956 0.281011 0.018945 7 2 7 2
25768 25423 345 1 0.59994 0.55863 0.04131 6 3 6 3
26336 26059 277 3 0.69996 0.66786 0.0321001 5 4 5 4
26450 26119 331 6 0.799938 0.759977 0.0399616 5 4 5 4
26458 26163 295 4 0.69989 0.665624 0.0342661 6 3 6 3
27153 26933 220 8 0.599952 0.569994 0.0299579 4 5 4 5
27387 27243 144 0 0.599934 0.581753 0.0181811 3 6 3 6
28525 28250 275 9 0.79992 0.768977 0.0309433 6 3 6 3
29216 29110 106 6 0.799897 0.788166 0.0117306 7 2 7 2
29763 29487 276 4 0.799837 0.76737 0.0324671 8 1 8 1
29791 29558 233 3 0.799985 0.773122 0.0268625 7 2 7 2
