775 693 82 2 0.899864 0.888324 0.01154 6 0 6 0
797 725 72 4 0.89992 0.890326 0.00959446 6 0 6 0
931 820 111 9 0.899924 0.88732 0.0126037 8 1 8 1
939 803 136 0 0.899911 0.88179 0.0181205 6 1 6 1
1084 774 310 5 0.899892 0.862324 0.0375687 9 0 9 0
1880 1595 285 7 0.799913 0.76442 0.0354938 8 1 8 1
2294 2241 53 9 0.899878 0.893372 0.00650588 8 1 6 1
2552 2424 128 1 0.699928 0.6855 0.0144278 7 2 7 2
2557 2436 121 3 0.69994 0.683416 0.0165243 6 3 6 3
3468 3248 220 8 0.599942 0.57405 0.0258923 7 2 7 2
4122 3935 187 0 0.699938 0.676814 0.0231238 7 2 7 2
4750 4441 309 2 0.599957 0.563407 0.03655 6 3 6 3
5059 4987 72 5 0.599966 0.589957 0.0100093 6 3 6 3
5474 5419 55 4 0.499997 0.491899 0.00809871 6 3 6 3
5586 5363 223 7 0.699934 0.67418 0.0257536 5 4 5 4
5777 5610 167 6 0.299903 0.277443 0.0224597 6 3 6 3
6561 6314 247 3 0.699762 0.670275 0.0294863 5 4 5 4
6660 6335 325 1 0.699909 0.660023 0.0398856 4 5 4 5
6980 6906 74 9 0.499905 0.491774 0.00813111 3 6 3 6
8762 8567 195 7 0.79996 0.775171 0.0247895 6 3 6 3
8832 8763 69 0 0.59992 0.590455 0.00946502 7 2 7 2
9391 9336 55 8 0.499932 0.491541 0.00839013 6 3 6 3
9954 9890 64 2 0.599952 0.592688 0.00726353 6 3 6 3
10359 10108 251 5 0.599925 0.569522 0.0304034 6 3 6 3
10993 10859 134 4 0.599895 0.582485 0.01741 6 3 6 3
11536 11352 184 1 0.599934 0.576469 0.0234648 5 4 5 4
11590 11519 71 9 0.699891 0.69209 0.00780111 8 1 8 1
13030 12977 53 3 0.399911 0.393986 0.00592556 6 3 6 3
13103 12835 268 6 0.49993 0.466235 0.0336953 6 3 6 3
13786 13523 263 4 0.899976 0.868083 0.0318938 7 2 7 2
13961 13852 109 7 0.499962 0.485784 0.0141776 5 4 5 4
14048 13980 68 8 0.699933 0.690803 0.00913032 5 4 5 4
14327 14083 244 1 0.899966 0.869164 0.0308023 8 1 7 1
14970 14917 53 2 0.599788 0.591467 0.00832061 5 4 5 4
15790 15692 98 1 0.899972 0.887268 0.0127037 6 3 5 3
16356 16125 231 9 0.599954 0.570957 0.0289974 5 4 5 4
16464 16300 164 0 0.299977 0.279081 0.0208961 8 1 8 1
17055 16789 266 4 0.699992 0.666266 0.0337263 6 3 6 3
17176 17053 123 1 0.899929 0.885699 0.01423 4 5 4 3
17841 17755 86 8 0.699962 0.689662 0.0103004 5 4 5 4
17925 17641 284 7 0.799997 0.763828 0.036169 7 2 7 2
18035 17910 125 5 0.299907 0.282219 0.0176883 5 4 5 4
18211 17999 212 3 0.69991 0.674489 0.0254204 8 1 8 1
18799 18622 177 6 0.599987 0.579556 0.0204306 4 5 4 5
19881 19750 131 7 0.899893 0.885492 0.0144011 6 3 5 3
20668 20588 80 9 0.699914 0.687843 0.0120708 7 2 7 2
21416 21088 328 0 0.799897 0.76208 0.0378169 7 2 7 2
21857 21801 56 1 0.499924 0.492336 0.00758752 6 3 6 3
21885 21632 253 2 0.399953 0.371144 0.0288084 7 2 7 2
22369 22059 310 3 0.699986 0.660761 0.0392243 5 4 5 4
22690 22415 275 8 0.599761 0.563811 0.03595 5 4 5 4
23927 23572 355 7 0.599899 0.557154 0.042745 4 5 4 5
24421 24165 256 4 0.299929 0.266755 0.0331736 6 3 6 3
24540 24368 172 5 0.599938 0.579205 0.0207333 5 4 5 4
24542 24430 112 9 0.69997 0.687516 0.0124543 5 4 5 4
24901 24626 275 6 0.499934 0.465801 0.0341331 5 4 5 4
25900 25752 148 0 0.599958 0.582414 0.0175438 4 5 4 5
26579 26465 114 1 0.699893 0.686993 0.0128994 5 4 5 4
27185 26953 232 8 0.699932 0.672174 0.0277577 5 4 5 4
27387 27093 294 5 0.899984 0.865976 0.0340086 6 3 4 2
28858 28805 53 3 0.399973 0.393972 0.00600155 8 1 8 1
28904 28621 283 2 0.499933 0.466541 0.0333928 8 1 8 1
29146 29070 76 7 0.599931 0.59158 0.00835111 7 2 7 2
29806 29753 53 6 0.677328 0.669519 0.00780953 5 4 5 4
