789 729 60 1 0.89998 0.893085 0.00689483 9 0 9 0
929 750 179 7 0.899805 0.879227 0.0205785 9 0 9 0
983 756 227 2 0.89993 0.870794 0.0291356 8 1 8 1
2378 2049 329 1 0.899918 0.860435 0.0394825 9 0 9 0
2498 2254 244 7 0.899895 0.86997 0.0299246 9 0 8 0
2551 2434 117 9 0.69998 0.684076 0.0159041 8 1 8 1
2583 2466 117 0 0.699946 0.686178 0.0137674 6 3 6 3
2759 2418 341 4 0.699906 0.660724 0.0391825 7 2 7 2
3506 3259 247 6 0.599875 0.57117 0.0287046 5 4 5 4
4498 4137 361 8 0.499956 0.459462 0.0404937 5 4 5 4
4601 4057 544 5 0.499894 0.438816 0.0610775 6 3 6 3
4719 4663 56 7 0.799931 0.791674 0.00825697 6 3 5 3
5134 4877 257 3 0.399975 0.36855 0.031425 7 2 7 2
5399 5277 122 9 0.79997 0.784095 0.0158752 5 4 5 4
5689 5434 255 1 0.699897 0.669212 0.030685 6 3 6 3
5907 5690 217 2 0.499982 0.471758 0.0282238 5 4 5 4
7801 7743 58 6 0.699936 0.691108 0.00882763 7 2 7 2
7885 7541 344 4 0.599995 0.555407 0.0445877 7 2 7 2
8993 8877 116 0 0.399897 0.384529 0.0153679 7 2 7 2
9067 8755 312 9 0.699988 0.662262 0.037726 8 1 8 1
9142 8864 278 7 0.599929 0.56465 0.0352783 7 2 7 2
9458 9216 242 8 0.699961 0.672934 0.0270275 7 2 7 2
9741 9455 286 5 0.699918 0.66541 0.0345082 6 3 6 3
11182 11053 129 3 0.599978 0.583343 0.0166356 5 4 5 4
11443 11226 217 1 0.4999 0.473277 0.0266225 6 3 6 3
11693 11475 218 2 0.5999 0.573359 0.0265407 5 4 5 4
11769 11556 213 6 0.69998 0.671034 0.0289459 4 5 4 5
13313 12966 347 4 0.599932 0.555955 0.0439774 7 2 7 2
13353 12989 364 9 0.699996 0.655403 0.0445928 5 4 5 4
14049 13996 53 6 0.899867 0.893763 0.00610398 7 2 7 2
14676 14490 186 5 0.599947 0.578487 0.0214592 8 1 8 1
14849 14504 345 3 0.7999 0.760324 0.0395754 6 3 6 3
14927 14872 55 0 0.59999 0.592208 0.00778264 5 4 5 4
14990 14937 53 8 0.499997 0.492499 0.00749777 6 3 6 3
15158 14955 203 7 0.499915 0.476317 0.0235978 4 5 4 5
16148 16051 97 1 0.699986 0.687989 0.0119969 6 3 6 3
16981 16835 146 4 0.799916 0.781042 0.0188741 6 3 6 3
17036 16795 241 2 0.599822 0.567557 0.032265 7 2 7 2
17761 17534 227 3 0.799995 0.773139 0.0268565 8 1 7 1
17936 17795 141 6 0.5999 0.582727 0.0171728 7 2 7 2
18958 18727 231 8 0.799979 0.773008 0.0269718 6 3 6 3
18972 18889 83 5 0.699952 0.68903 0.0109218 7 2 7 2
19116 18905 211 9 0.499905 0.473205 0.0266995 6 3 6 3
19122 19005 117 7 0.799947 0.781385 0.0185625 5 4 5 4
19235 19042 193 1 0.799891 0.776264 0.023627 5 4 5 4
19405 19030 375 0 0.699921 0.654032 0.0458885 7 2 7 2
19806 19483 323 4 0.799944 0.760785 0.0391591 6 3 6 3
21058 20824 234 7 0.899919 0.871329 0.0285899 5 4 5 4
22286 22111 175 2 0.599771 0.577064 0.0227069 9 0 9 0
22296 22056 240 3 0.599894 0.570587 0.0293076 9 0 9 0
22738 22478 260 0 0.799933 0.769026 0.0309067 7 2 7 1
22904 22720 184 1 0.699992 0.677421 0.0225703 6 3 6 3
22997 22940 57 6 0.599976 0.591736 0.00823976 4 5 4 5
23010 22739 271 5 0.69995 0.666792 0.0331584 6 3 6 3
23230 23176 54 8 0.59989 0.593092 0.00679848 4 5 4 5
23440 23200 240 7 0.799996 0.771632 0.0283634 6 3 6 3
25129 24862 267 2 0.899913 0.86912 0.0307939 8 1 5 1
25392 25159 233 7 0.899966 0.872059 0.0279068 7 2 7 2
25456 25328 128 0 0.799939 0.783343 0.0165954 6 3 6 3
25553 25428 125 9 0.499971 0.482521 0.0174502 5 4 5 4
25946 25709 237 8 0.899784 0.871129 0.0286553 7 2 6 0
26276 26052 224 5 0.799972 0.774316 0.0256562 7 2 7 2
26426 26300 126 6 0.799993 0.784594 0.0153996 8 1 7 1
26784 26632 152 4 0.299903 0.280825 0.0190778 5 4 5 4
27019 26735 284 1 0.699969 0.667886 0.0320823 9 0 9 0
27633 27316 317 2 0.799935 0.763332 0.0366033 7 2 7 2
29022 28969 53 8 0.699808 0.692664 0.00714463 8 1 8 1
29213 29072 141 3 0.399918 0.381845 0.0180727 6 3 6 3
29478 29359 119 9 0.799885 0.785094 0.014791 8 1 7 1
29536 29220 316 1 0.899925 0.86421 0.0357145 8 1 7 1
29771 29695 76 0 0.599973 0.590705 0.00926778 5 4 5 4
29889 29833 56 6 0.699947 0.691725 0.00822164 4 5 4 5
29932 29758 174 5 0.699969 0.678942 0.0210269 4 5 4 5
