785 719 66 8 0.899939 0.892288 0.00765103 4 0 4 0
1622 1557 65 5 0.799918 0.791548 0.00837013 7 0 8 0
1709 1636 73 0 0.799912 0.790081 0.009831 7 0 7 0
1868 1591 277 6 0.799936 0.765411 0.0345247 8 0 8 0
2669 2419 250 7 0.699954 0.67018 0.0297738 6 3 6 3
3507 3128 379 2 0.599957 0.550966 0.0489912 8 1 8 1
3567 3218 349 4 0.599969 0.560564 0.039405 8 0 8 0
4269 4096 173 1 0.49993 0.479649 0.0202813 7 1 7 1
4592 4483 109 6 0.799898 0.786824 0.0130746 7 1 5 1
4715 4561 154 8 0.599922 0.580298 0.0196243 6 3 6 3
5964 5772 192 5 0.599939 0.576822 0.0231168 4 5 4 5
6149 5887 262 0 0.599899 0.566885 0.0330137 7 2 7 2
7487 7334 153 3 0.0999931 0.0806017 0.0193914 7 2 7 2
7653 7413 240 7 0.599912 0.56916 0.0307527 6 3 6 3
7732 7528 204 9 0.0999375 0.0748771 0.0250604 8 0 8 0
8359 8034 325 1 0.79996 0.762798 0.0371619 5 3 4 3
8920 8664 256 2 0.599937 0.567055 0.0328826 8 1 7 1
9002 8741 261 0 0.899761 0.870132 0.0296289 7 2 4 1
9045 8930 115 8 0.699997 0.685647 0.01435 6 3 5 2
9450 9395 55 5 0.799975 0.791314 0.00866123 1 8 1 4
11475 11295 180 4 0.299896 0.27734 0.0225557 6 3 6 3
11618 11293 325 6 0.299964 0.259336 0.0406285 5 4 5 4
12872 12746 126 1 0.599994 0.584606 0.0153876 6 3 5 2
12981 12818 163 8 0.69992 0.680274 0.0196464 7 2 5 2
13152 12793 359 7 0.599944 0.55714 0.0428039 7 2 7 2
13509 13149 360 9 0.79989 0.757413 0.0424775 7 2 5 2
13876 13680 196 0 0.499934 0.476031 0.0239036 3 6 3 6
13902 13683 219 5 0.599943 0.574475 0.0254678 6 3 5 2
14101 14048 53 2 0.599924 0.591517 0.00840746 5 4 5 4
14120 13766 354 3 0.699957 0.656382 0.0435749 6 3 5 2
16210 16118 92 4 0.799784 0.787651 0.0121333 8 1 5 1
16529 16476 53 5 0.899961 0.894132 0.00582832 9 0 4 0
16555 16321 234 3 0.899898 0.868251 0.0316478 7 2 4 1
16771 16586 185 2 0.899955 0.879225 0.0207299 5 4 3 0
17362 17039 323 1 0.699912 0.663551 0.0363616 7 2 7 2
17732 17462 270 7 0.699969 0.670278 0.0296911 7 2 7 2
17848 17729 119 0 0.799948 0.785917 0.014031 7 2 6 1
17928 17620 308 8 0.599894 0.565243 0.0346509 6 3 6 3
18223 17866 357 9 0.599958 0.554835 0.0451229 8 1 7 1
18952 18742 210 4 0.799898 0.775961 0.0239374 6 3 4 3
19034 18956 78 2 0.799895 0.789883 0.0100121 4 5 1 3
19145 18887 258 6 0.499811 0.468218 0.0315931 6 3 6 3
19639 19495 144 5 0.699934 0.680016 0.0199176 6 3 5 3
19781 19536 245 0 0.899982 0.870087 0.0298945 7 2 2 0
19999 19898 101 7 0.89993 0.886775 0.0131551 3 6 3 6
20569 20390 179 3 0.599959 0.57998 0.0199795 5 4 5 3
20857 20715 142 4 0.899966 0.880819 0.0191468 6 3 3 2
21389 21182 207 1 0.699965 0.672922 0.0270424 9 0 7 0
21736 21385 351 8 0.799968 0.755306 0.0446613 6 3 6 3
22167 21890 277 0 0.799983 0.767453 0.0325299 8 1 5 0
22239 22155 84 6 0.89997 0.89038 0.00958949 6 3 3 2
23152 22981 171 4 0.799956 0.776679 0.0232769 8 1 7 0
23307 23161 146 2 0.599971 0.577884 0.0220866 6 3 6 3
23434 23121 313 3 0.899923 0.859976 0.0399467 6 3 6 1
23647 23521 126 6 0.89992 0.883807 0.0161133 8 1 5 0
24597 24445 152 8 0.799933 0.783222 0.0167111 6 3 4 2
25119 24834 285 0 0.799919 0.764796 0.0351227 7 2 6 2
25131 25078 53 9 0.399977 0.393069 0.00690794 6 3 6 3
25236 25051 185 5 0.499982 0.477283 0.0226988 7 2 6 2
25829 25732 97 3 0.799933 0.789177 0.0107566 7 2 5 2
26327 26274 53 7 0.299855 0.291921 0.00793399 8 1 8 1
26780 26551 229 4 0.699958 0.669685 0.0302735 6 3 5 3
27799 27715 84 1 0.399939 0.388806 0.011133 7 2 7 2
28438 28231 207 5 0.899894 0.87446 0.0254347 8 1 3 0
28578 28338 240 2 0.599972 0.57152 0.0284519 8 1 7 1
28698 28581 117 0 0.699894 0.686035 0.0138586 8 1 5 1
