941 810 131 8 0.899955 0.883878 0.0160767 7 0 7 0
965 747 218 9 0.899964 0.873606 0.0263579 6 0 7 0
1714 1595 119 2 0.799956 0.786859 0.013097 3 2 3 2
1719 1580 139 7 0.799998 0.783507 0.0164907 5 2 5 2
1775 1633 142 5 0.799934 0.784469 0.0154651 9 0 9 0
2514 2422 92 6 0.699944 0.686216 0.0137281 8 0 8 0
2666 2463 203 0 0.699991 0.675479 0.0245121 7 2 7 2
3384 3331 53 4 0.599898 0.594077 0.00582111 5 2 5 2
4025 3896 129 3 0.499967 0.484435 0.0155322 7 2 7 2
4189 3881 308 8 0.699929 0.664765 0.035164 7 1 6 1
4923 4604 319 6 0.899922 0.861338 0.0385834 9 0 4 0
4950 4849 101 1 0.399965 0.387963 0.0120014 8 1 8 1
6003 5881 122 7 0.599919 0.585838 0.0140801 5 4 5 4
6706 6647 59 2 0.499894 0.492091 0.0078024 9 0 9 0
6776 6480 296 9 0.399935 0.364016 0.0359191 6 3 6 3
7901 7675 226 5 0.399866 0.371328 0.028538 8 1 8 1
8260 8132 128 8 0.699975 0.685092 0.0148829 7 2 7 2
8308 8053 255 6 0.699895 0.671229 0.0286658 7 2 5 2
8617 8345 272 4 0.599937 0.567043 0.0328943 8 1 8 1
9242 8903 339 0 0.399899 0.359253 0.0406457 6 3 6 3
9642 9369 273 3 0.599896 0.566211 0.0336849 4 5 4 5
11000 10788 212 1 0.599909 0.573742 0.0261674 7 2 7 2
11293 11063 230 9 0.799933 0.774452 0.0254819 7 2 7 2
11437 11281 156 2 0.699952 0.680988 0.0189635 7 2 4 2
12086 11887 199 7 0.499923 0.476988 0.022935 6 3 5 3
12300 12155 145 5 0.799893 0.779595 0.0202984 6 3 3 2
12854 12726 128 0 0.899951 0.885399 0.0145522 6 3 2 1
13134 12948 186 6 0.599874 0.576738 0.0231361 6 3 6 3
13256 12895 361 4 0.69996 0.656157 0.0438026 5 4 5 4
13844 13566 278 2 0.899895 0.867623 0.0322718 6 3 5 2
14062 13917 145 9 0.799954 0.782728 0.0172262 5 4 3 3
14807 14486 321 8 0.399903 0.359522 0.0403812 9 0 9 0
15607 15285 322 1 0.699937 0.662684 0.0372535 9 0 7 0
15732 15582 150 3 0.499901 0.483132 0.016769 6 3 6 3
15883 15799 84 0 0.699926 0.688053 0.0118727 8 1 8 1
16806 16582 224 9 0.799943 0.767991 0.031952 8 1 6 0
17002 16851 151 2 0.699903 0.680716 0.0191869 6 3 6 3
17625 17296 329 5 0.499937 0.462371 0.0375659 5 4 5 4
18222 18138 84 6 0.599988 0.587516 0.0124723 8 1 8 1
19411 19138 273 2 0.899894 0.867239 0.0326551 8 1 3 0
19771 19557 214 0 0.69998 0.675456 0.024524 9 0 6 0
19783 19478 305 1 0.699965 0.662083 0.0378824 7 2 6 2
20253 20077 176 7 0.299924 0.279278 0.0206455 7 2 7 2
20349 20170 179 9 0.699942 0.679597 0.0203452 9 0 6 0
20439 20384 55 4 0.299986 0.293073 0.00691319 7 2 7 2
21031 20761 270 8 0.599906 0.567989 0.0319175 7 2 7 2
21577 21524 53 6 0.787627 0.780678 0.00694945 9 0 2 0
21769 21484 285 5 0.799902 0.765396 0.0345059 6 3 3 3
22113 21937 176 3 0.499922 0.476016 0.0239061 4 5 4 5
24426 24373 53 5 0.799848 0.792542 0.00730587 6 3 5 2
24694 24544 150 1 0.599937 0.580376 0.019561 9 0 7 0
24945 24790 155 7 0.799932 0.781729 0.0182032 9 0 6 0
25143 24937 206 9 0.599911 0.572008 0.0279028 6 3 6 3
25161 24953 208 4 0.799902 0.774153 0.0257487 8 1 8 1
25323 24995 328 2 0.399911 0.361965 0.0379458 7 2 7 2
25367 25221 146 0 0.499966 0.481473 0.0184929 6 3 6 3
26725 26603 122 6 0.499929 0.484451 0.015478 5 4 3 4
27035 26734 301 3 0.699981 0.666657 0.0333237 6 3 4 2
27237 26990 247 8 0.499987 0.470404 0.0295826 7 2 6 2
27965 27657 308 5 0.699948 0.664437 0.0355108 5 4 5 4
28551 28366 185 7 0.699873 0.67925 0.0206234 4 5 3 5
28828 28631 197 4 0.699941 0.678537 0.0214041 6 3 3 3
