847 783 64 9 0.899896 0.890472 0.00942496 6 0 6 0
1716 1598 118 5 0.799997 0.78604 0.0139576 8 0 8 0
1725 1573 152 8 0.799962 0.782248 0.0177138 8 0 8 0
1727 1636 91 7 0.799832 0.786908 0.0129238 8 0 8 0
1930 1625 305 6 0.799829 0.762661 0.0371679 6 0 6 0
2395 2104 291 9 0.899878 0.866097 0.0337807 8 1 6 1
2526 2406 120 4 0.699996 0.685443 0.0145532 4 5 4 5
3441 3271 170 1 0.599894 0.579713 0.0201814 7 1 7 1
3697 3428 269 7 0.899991 0.867626 0.0323647 7 2 3 2
4049 3771 278 9 0.899926 0.868223 0.0317034 9 0 5 0
4176 4097 79 2 0.499919 0.488719 0.0111996 8 1 8 1
4450 4121 329 0 0.5 0.460434 0.039566 6 3 6 3
4574 4267 307 5 0.799989 0.76299 0.0369988 7 1 5 1
4767 4647 120 4 0.899922 0.883426 0.0164962 4 5 3 4
6754 6599 155 3 0.199956 0.17955 0.0204054 7 2 7 2
7188 6887 301 1 0.799946 0.76227 0.0376763 8 1 6 1
7786 7422 364 7 0.599973 0.55605 0.0439234 6 3 5 2
7855 7564 291 8 0.399823 0.367085 0.0327379 7 2 7 2
7895 7832 63 4 0.682205 0.675289 0.00691677 7 2 7 2
8245 7927 318 2 0.799895 0.757038 0.0428565 7 2 6 1
8511 8332 179 0 0.799942 0.778001 0.0219408 6 3 3 2
9048 8807 241 9 0.49999 0.470874 0.0291156 5 4 5 4
9794 9560 234 6 0.199932 0.172942 0.0269907 6 3 6 3
10390 10243 147 0 0.899934 0.879387 0.0205469 5 4 3 3
10632 10503 129 5 0.399952 0.384434 0.0155185 8 1 8 1
11858 11714 144 2 0.699918 0.681782 0.0181368 5 4 5 4
11881 11563 318 1 0.599911 0.563203 0.0367076 7 2 5 2
11977 11712 265 4 0.699945 0.666762 0.0331825 7 2 3 1
12184 12094 90 7 0.699941 0.689097 0.0108436 9 0 7 0
12582 12529 53 0 0.799856 0.791577 0.00827881 3 6 1 5
12966 12901 65 8 0.699868 0.689847 0.0100217 3 6 2 5
13521 13464 57 3 0.599886 0.591079 0.0088069 4 5 4 5
14140 13767 373 9 0.699904 0.654771 0.0451323 6 3 4 2
14158 13951 207 5 0.899893 0.874469 0.0254239 7 2 2 2
14322 14268 54 0 0.899934 0.890342 0.0095926 4 5 3 2
14479 14302 177 7 0.899909 0.876515 0.0233941 5 4 2 4
14833 14499 334 1 0.899917 0.862403 0.037514 6 3 0 2
14954 14868 86 6 0.799984 0.787555 0.0124288 8 1 6 1
14985 14734 251 2 0.799958 0.766766 0.0331916 2 7 2 6
15684 15556 128 0 0.899895 0.884936 0.0149588 5 4 1 2
15944 15891 53 8 0.799921 0.792422 0.00749845 5 4 5 3
16190 15842 348 7 0.899925 0.857305 0.0426206 6 3 3 2
16309 16256 53 5 0.799767 0.792636 0.00713013 5 4 2 4
16768 16713 55 4 0.599791 0.591386 0.00840482 5 4 5 4
16937 16799 138 3 0.799915 0.78064 0.0192752 6 3 4 2
17321 17084 237 1 0.799978 0.771818 0.02816 7 2 6 0
17708 17452 256 6 0.799954 0.770193 0.0297604 8 1 6 1
18214 18161 53 5 0.888262 0.879624 0.00863808 4 5 0 1
18652 18565 87 0 0.699975 0.687061 0.0129133 8 1 8 0
18655 18495 160 7 0.799991 0.779871 0.0201209 8 1 6 0
18923 18867 56 9 0.599903 0.591481 0.00842197 7 2 6 2
19043 18680 363 3 0.899993 0.852879 0.0471136 7 2 3 2
19410 19279 131 8 0.699958 0.68447 0.0154877 3 6 2 4
19824 19491 333 6 0.899951 0.859636 0.0403151 7 2 2 1
20706 20529 177 3 0.899952 0.880443 0.0195091 6 3 1 1
21619 21538 81 8 0.899948 0.889695 0.0102524 8 1 8 1
22018 21740 278 2 0.299903 0.265092 0.0348113 8 1 8 1
22058 21811 247 4 0.599901 0.570807 0.0290941 8 1 7 1
22539 22255 284 9 0.799899 0.766972 0.0329275 7 2 5 1
22925 22870 55 3 0.799961 0.792595 0.00736593 6 3 4 1
23431 23266 165 0 0.599913 0.578798 0.0211155 8 1 8 1
23502 23286 216 1 0.399992 0.373359 0.0266328 6 3 6 3
23775 23707 68 6 0.599975 0.590366 0.00960856 5 4 4 4
23930 23668 262 5 0.399926 0.36774 0.0321868 5 4 5 4
24146 23799 347 7 0.499974 0.456602 0.0433721 8 1 6 1
25398 25166 232 9 0.799935 0.770684 0.0292505 6 3 3 3
25682 25436 246 8 0.599915 0.56941 0.030505 4 5 4 5
26687 26360 327 4 0.699985 0.659287 0.0406985 5 4 4 4
27486 27122 364 3 0.59998 0.555889 0.0440915 8 1 7 0
27597 27225 372 7 0.899898 0.855239 0.0446594 7 2 3 1
28459 28189 270 5 0.799944 0.76641 0.0335337 6 3 5 3
28899 28671 228 6 0.599965 0.57188 0.0280853 8 1 8 1
