982 707 275 4 0.89996 0.865295 0.0346654 5 0 5 0
1719 1521 198 3 0.799934 0.777679 0.0222546 4 2 4 2
1719 1487 232 7 0.799948 0.771771 0.0281766 7 1 7 1
2389 2336 53 6 0.699997 0.693326 0.0066711 6 1 6 1
2556 2355 201 1 0.699954 0.673089 0.0268643 9 0 9 0
2577 2524 53 9 0.699891 0.693121 0.00677054 8 0 8 0
2593 2440 153 5 0.699939 0.683023 0.0169165 7 0 8 0
2660 2387 273 8 0.699905 0.668242 0.0316631 6 2 6 2
3367 3183 184 4 0.799899 0.776629 0.0232704 5 3 4 3
3582 3308 274 0 0.599953 0.566864 0.0330891 5 3 5 3
4427 4155 272 2 0.49976 0.4641 0.0356599 6 3 6 3
4992 4771 221 1 0.89999 0.875434 0.0245555 8 1 0 1
5218 5165 53 7 0.699938 0.692722 0.00721653 4 5 4 4
5358 5305 53 6 0.799904 0.792394 0.00751064 6 3 5 3
5572 5516 56 5 0.799808 0.789396 0.0104121 5 4 5 4
6060 5977 83 4 0.799925 0.7883 0.011625 4 5 3 4
6602 6549 53 1 0.870034 0.862526 0.00750791 5 4 1 3
7170 7038 132 0 0.7999 0.783275 0.0166251 6 3 4 3
7305 7250 55 5 0.899795 0.891916 0.00787948 9 0 8 0
7358 7123 235 9 0.599947 0.570823 0.0291233 7 2 6 2
7524 7336 188 8 0.599917 0.573656 0.0262616 5 4 5 4
7590 7498 92 2 0.899947 0.889233 0.0107138 6 3 2 1
7794 7611 183 3 0.399949 0.377068 0.0228809 5 4 5 4
7972 7659 313 4 0.8999 0.862599 0.0373017 3 6 2 4
8151 8098 53 7 0.799967 0.793478 0.00648868 6 3 5 2
8789 8518 271 5 0.899922 0.869252 0.0306708 9 0 5 0
8986 8880 106 2 0.899968 0.886389 0.0135791 5 4 3 2
9049 8894 155 1 0.799922 0.779607 0.0203153 4 5 2 3
9703 9485 218 6 0.599892 0.573937 0.0259549 6 3 6 2
9856 9695 161 0 0.799991 0.779809 0.0201814 6 3 6 3
10497 10195 302 5 0.899897 0.861921 0.0379762 8 1 2 1
10779 10581 198 7 0.799936 0.777336 0.0226 8 1 5 0
11053 10970 83 8 0.799891 0.789992 0.00989924 8 1 5 0
11451 11171 280 3 0.899938 0.868495 0.0314424 6 3 2 0
11650 11597 53 1 0.799975 0.794058 0.00591767 5 4 4 3
11921 11626 295 9 0.699979 0.661396 0.0385822 5 4 4 3
12235 11929 306 5 0.899916 0.862003 0.0379128 8 1 2 0
13679 13604 75 4 0.399956 0.391482 0.00847445 5 4 5 3
13798 13559 239 2 0.499917 0.470965 0.0289529 7 2 7 2
13943 13568 375 8 0.799949 0.753697 0.0462518 7 2 7 1
14481 14427 54 3 0.699946 0.69221 0.0077356 8 1 7 1
15159 14891 268 0 0.49994 0.46944 0.0304999 8 1 8 1
15183 14957 226 7 0.599976 0.574679 0.0252974 7 2 7 2
15755 15636 119 6 0.499963 0.48442 0.015543 5 4 4 4
16123 15892 231 9 0.699983 0.669669 0.0303135 3 6 3 4
16456 16114 342 5 0.59993 0.559569 0.040361 7 2 7 2
16800 16527 273 1 0.4999 0.466929 0.0329712 6 3 6 2
18567 18215 352 3 0.699927 0.656181 0.0437465 9 0 6 0
18791 18582 209 7 0.799962 0.775981 0.0239809 6 3 5 2
19275 19002 273 0 0.799957 0.766622 0.0333354 6 3 5 3
19407 19174 233 9 0.799999 0.77191 0.0280885 4 5 4 2
19777 19444 333 4 0.599896 0.555504 0.0443924 4 5 4 5
19874 19538 336 6 0.799945 0.761482 0.0384633 7 2 5 0
20289 19973 316 8 0.399979 0.358426 0.0415525 7 2 7 2
21036 20847 189 3 0.899815 0.878259 0.0215558 7 2 3 2
21222 20952 270 2 0.399975 0.366993 0.032982 5 4 5 4
21658 21330 328 7 0.799978 0.7608 0.0391783 4 5 2 4
21663 21610 53 5 0.599898 0.592464 0.00743342 5 4 5 4
23549 23202 347 3 0.799983 0.75819 0.0417929 7 2 4 2
23855 23589 266 0 0.599997 0.568499 0.0314981 5 4 5 4
24300 24206 94 6 0.599913 0.586374 0.0135393 7 2 7 2
24308 24111 197 4 0.699941 0.676447 0.023494 4 5 4 3
24325 24272 53 7 0.799947 0.794094 0.00585288 6 3 5 1
24330 24054 276 1 0.399923 0.366782 0.0331409 4 5 4 5
24768 24616 152 9 0.499909 0.482011 0.017898 8 1 7 0
25048 24962 86 5 0.799991 0.788419 0.0115725 6 3 4 2
26839 26480 359 0 0.899835 0.856653 0.0431823 6 3 4 2
27041 26812 229 6 0.899994 0.871397 0.0285968 6 3 3 1
27360 27019 341 3 0.699992 0.660234 0.0397583 6 3 5 3
27486 27283 203 4 0.799959 0.776078 0.0238806 4 5 4 4
28120 27988 132 2 0.499951 0.483725 0.0162255 7 2 5 1
28303 27971 332 8 0.399922 0.358666 0.0412562 7 2 7 2
28484 28289 195 0 0.899894 0.877495 0.0223988 7 2 4 0
28654 28594 60 1 0.799933 0.790217 0.00971504 7 2 5 2
28774 28572 202 9 0.79997 0.775439 0.0245309 6 3 3 3
28853 28510 343 7 0.599987 0.560035 0.0399524 3 6 3 6
29332 29191 141 4 0.899914 0.880633 0.0192818 5 4 4 4
29561 29282 279 5 0.599974 0.567009 0.0329653 4 5 2 5
29906 29810 96 0 0.899904 0.887668 0.0122362 6 3 1 3
29908 29627 281 3 0.899897 0.868565 0.0313318 6 3 1 3
