795 741 54 2 0.899934 0.892479 0.00745503 7 0 7 0
907 814 93 5 0.899901 0.887902 0.011999 5 1 5 1
934 764 170 6 0.89995 0.877948 0.0220024 4 0 4 0
986 781 205 9 0.899953 0.870398 0.0295551 7 0 7 0
1729 1521 208 0 0.799849 0.772167 0.0276817 7 1 7 1
2557 2459 98 7 0.699991 0.687002 0.0129891 6 2 6 2
3002 2856 146 2 0.799946 0.782113 0.0178329 9 0 5 0
3232 3171 61 4 0.585404 0.577669 0.00773587 8 1 8 1
3258 3175 83 9 0.794379 0.782347 0.0120325 7 1 4 1
3342 3209 133 8 0.599916 0.583371 0.0165449 7 2 7 2
3435 3287 148 1 0.599976 0.583173 0.0168025 8 0 8 0
4001 3716 285 6 0.699965 0.66606 0.033905 6 1 6 1
4495 3848 647 5 0.699934 0.627235 0.0726991 6 2 4 2
5198 4923 275 3 0.399929 0.366306 0.0336233 7 1 7 1
5415 5360 55 7 0.799796 0.792179 0.00761745 5 3 4 2
6000 5823 177 9 0.799901 0.778366 0.0215348 7 2 5 2
6722 6379 343 2 0.699982 0.659528 0.0404538 4 5 4 5
6803 6550 253 4 0.799978 0.771036 0.0289417 9 0 8 0
6973 6852 121 5 0.8999 0.886049 0.0138511 6 3 4 2
7077 6745 332 0 0.499826 0.458203 0.0416237 6 3 6 3
7860 7614 246 1 0.699996 0.67065 0.0293461 7 2 5 2
8724 8315 409 8 0.599991 0.554451 0.04554 6 3 6 3
9156 9021 135 5 0.79989 0.782643 0.0172477 7 2 4 2
9679 9515 164 6 0.499912 0.479064 0.0208484 6 3 6 3
9697 9445 252 4 0.799951 0.771556 0.0283953 8 1 2 1
9919 9647 272 7 0.599879 0.567254 0.0326249 7 2 6 2
10414 10231 183 9 0.599919 0.577571 0.0223473 6 3 5 3
10745 10559 186 2 0.699981 0.676523 0.0234584 6 3 5 2
11856 11738 118 1 0.699912 0.685751 0.0141614 6 3 6 3
12555 12247 308 8 0.799975 0.762292 0.0376827 6 3 4 2
12781 12679 102 6 0.899895 0.886901 0.0129944 8 1 6 0
12926 12818 108 3 0.399896 0.385834 0.0140624 5 4 5 4
12934 12606 328 0 0.599967 0.561649 0.0383172 8 1 8 1
13492 13169 323 4 0.699932 0.662139 0.0377926 8 1 8 1
13714 13378 336 5 0.599915 0.560622 0.0392932 7 2 7 1
15510 15220 290 8 0.799895 0.766757 0.0331376 8 1 4 0
15751 15675 76 1 0.699968 0.688185 0.0117828 6 3 6 3
15797 15689 108 4 0.899893 0.885379 0.0145138 6 3 4 2
16523 16110 413 2 0.499948 0.449035 0.0509135 8 1 8 1
16856 16616 240 6 0.599957 0.570974 0.0289822 7 2 6 2
17386 17141 245 9 0.399994 0.370362 0.029633 7 2 7 2
17403 17178 225 5 0.799999 0.773153 0.0268456 7 2 5 2
17888 17551 337 7 0.299767 0.259383 0.0403834 5 4 5 4
18284 17910 374 4 0.799919 0.756157 0.0437616 8 1 3 0
18292 18077 215 0 0.59997 0.571855 0.028115 8 1 7 1
18852 18713 139 1 0.799932 0.782372 0.0175606 4 5 3 5
19760 19612 148 3 0.499933 0.480133 0.0198001 5 4 5 4
19995 19818 177 8 0.599899 0.578359 0.0215402 5 4 5 4
21145 20873 272 5 0.69981 0.667855 0.0319552 4 5 3 4
21406 21132 274 6 0.699943 0.668123 0.0318204 6 3 6 3
22519 22178 341 1 0.699963 0.657461 0.0425023 7 2 6 2
22582 22319 263 9 0.699989 0.669265 0.0307243 8 1 7 1
22729 22582 147 0 0.699916 0.683723 0.0161929 6 3 5 2
22798 22609 189 7 0.799936 0.772972 0.0269631 4 5 4 3
22899 22557 342 4 0.599917 0.55907 0.0408472 6 3 5 3
23312 22950 362 2 0.499905 0.458342 0.0415635 7 2 7 2
23486 23343 143 5 0.899966 0.881064 0.0189015 4 5 3 3
25124 24797 327 9 0.899974 0.861937 0.0380371 8 1 4 1
25863 25707 156 1 0.79997 0.777877 0.0220934 8 1 4 1
25874 25632 242 0 0.799994 0.771926 0.0280678 6 3 6 2
26030 25886 144 8 0.49991 0.482719 0.0171912 6 3 6 3
26097 25938 159 3 0.49982 0.480337 0.0194831 6 3 6 3
26363 26209 154 7 0.699925 0.681154 0.0187717 6 3 5 1
26572 26383 189 2 0.899963 0.877242 0.0227211 8 1 1 1
26734 26363 371 4 0.799877 0.753372 0.0465054 7 2 5 2
27880 27741 139 6 0.399955 0.382924 0.0170316 4 5 4 5
28372 28169 203 9 0.699931 0.673282 0.026649 7 2 7 2
29883 29741 142 5 0.299968 0.279495 0.020473 6 3 6 2
