828 733 95 6 0.899906 0.88571 0.0141962 4 0 4 0
1118 827 291 0 0.899925 0.864627 0.0352982 3 0 3 0
1676 1608 68 4 0.799953 0.792481 0.00747111 7 0 7 0
1696 1643 53 1 0.799917 0.792404 0.00751315 7 0 7 0
1794 1589 205 7 0.799918 0.776076 0.0238419 6 0 6 0
1823 1591 232 2 0.799933 0.770242 0.0296913 5 1 5 1
1853 1611 242 9 0.799916 0.771393 0.0285223 7 0 7 0
1874 1570 304 5 0.799936 0.762348 0.037588 6 2 6 2
2614 2487 127 3 0.699983 0.684203 0.0157797 6 3 6 3
3092 2930 162 6 0.799897 0.78058 0.0193167 3 4 2 4
3547 3332 215 4 0.899768 0.875237 0.0245306 6 1 3 1
3705 3329 376 0 0.799928 0.753696 0.0462324 3 3 2 3
4262 4126 136 8 0.499937 0.482618 0.0173182 9 0 9 0
4394 4340 54 2 0.799998 0.793015 0.0069832 6 2 5 1
4669 4478 191 9 0.799994 0.777833 0.0221611 8 1 4 1
5517 5223 294 7 0.69989 0.667479 0.0324106 5 4 5 4
5724 5558 166 3 0.799934 0.780281 0.0196533 6 3 4 1
5827 5581 246 0 0.899891 0.871526 0.0283653 6 2 4 1
5991 5648 343 4 0.799995 0.760012 0.0399833 7 2 6 2
6834 6504 330 6 0.699983 0.660783 0.0391997 5 4 4 3
7308 7066 242 5 0.499951 0.472723 0.0272285 8 1 8 1
7481 7190 291 8 0.899931 0.864459 0.0354723 8 1 3 1
7779 7450 329 3 0.899891 0.859739 0.040152 5 4 3 1
7836 7720 116 2 0.69994 0.68567 0.0142701 6 3 4 3
8238 8031 207 0 0.799909 0.775909 0.0239995 7 2 4 1
9202 9101 101 1 0.199969 0.184377 0.0155918 7 2 7 2
9202 9086 116 6 0.899919 0.886922 0.0129972 6 3 4 1
9411 9198 213 3 0.899985 0.875342 0.0246425 5 4 3 2
9739 9498 241 4 0.699917 0.670939 0.0289772 7 2 5 2
9862 9766 96 9 0.499977 0.488805 0.0111724 5 4 4 4
9864 9714 150 8 0.799955 0.779787 0.0201684 7 2 3 2
10963 10848 115 0 0.79992 0.786593 0.0133268 7 2 4 1
12002 11867 135 7 0.399919 0.383209 0.0167099 5 4 5 4
13042 12779 263 5 0.599901 0.566736 0.033165 8 1 7 1
13131 13037 94 6 0.599984 0.58759 0.0123948 8 1 8 1
13366 13124 242 8 0.699979 0.671985 0.0279945 8 1 5 1
13373 13290 83 2 0.499957 0.490708 0.00924827 9 0 8 0
13566 13267 299 3 0.599914 0.566087 0.0338265 8 1 8 1
13690 13595 95 9 0.799932 0.787861 0.0120704 6 3 5 3
15285 15088 197 1 0.69991 0.672933 0.0269769 5 4 5 4
15335 15252 83 4 0.499983 0.487649 0.012334 5 4 5 4
15402 15137 265 0 0.599816 0.566822 0.032994 7 2 7 1
15556 15389 167 9 0.899851 0.877344 0.0225068 4 5 1 4
17102 16989 113 7 0.699961 0.682882 0.0170795 4 5 4 3
17118 17024 94 3 0.799918 0.787535 0.0123826 8 1 5 1
17573 17360 213 5 0.699897 0.675829 0.0240676 7 2 6 2
18267 18096 171 8 0.599821 0.578523 0.0212979 9 0 8 0
18457 18172 285 2 0.699997 0.667413 0.0325844 7 2 4 2
18568 18515 53 9 0.69981 0.692323 0.00748662 5 4 3 3
18991 18787 204 3 0.899931 0.876029 0.0239014 6 3 3 2
18992 18268 724 1 0.799929 0.72098 0.0789491 6 3 6 2
19340 19092 248 4 0.799943 0.769891 0.0300526 5 4 4 3
19846 19529 317 6 0.399928 0.361238 0.0386901 5 4 5 4
20800 20511 289 0 0.599997 0.564965 0.035032 6 3 6 3
20874 20537 337 5 0.799946 0.756375 0.0435708 5 4 4 4
21053 20895 158 1 0.899919 0.878898 0.0210214 5 4 3 2
21740 21619 121 8 0.8 0.784124 0.0158758 6 3 5 3
21844 21689 155 7 0.599974 0.580546 0.0194282 7 2 7 2
22251 21977 274 4 0.799896 0.767738 0.032158 8 1 5 1
22290 21950 340 3 0.699908 0.65863 0.0412781 5 4 5 4
23296 23200 96 2 0.599977 0.588933 0.0110432 6 3 6 3
24255 24041 214 4 0.899985 0.873345 0.0266402 9 0 4 0
24982 24929 53 6 0.699949 0.692236 0.0077133 8 1 7 0
25430 25123 307 8 0.699952 0.664957 0.034995 8 1 6 1
26346 26023 323 5 0.499995 0.4592 0.0407951 8 1 8 1
26518 26396 122 1 0.399856 0.384425 0.0154306 7 2 7 2
26545 26389 156 9 0.199981 0.180009 0.0199713 7 2 7 2
26738 26386 352 4 0.799936 0.757511 0.0424256 7 2 6 2
26981 26821 160 0 0.499989 0.479965 0.0200239 5 4 5 4
27262 27008 254 3 0.599989 0.570053 0.0299363 6 3 6 3
27765 27474 291 2 0.699896 0.66387 0.0360256 6 3 5 2
27816 27650 166 7 0.499981 0.474616 0.0253642 7 2 7 2
28940 28871 69 6 0.67523 0.664786 0.0104441 4 5 2 5
29653 29389 264 8 0.699795 0.665283 0.034512 8 1 3 1
