881 779 102 6 0.899963 0.887269 0.0126933 4 0 4 0
924 747 177 2 0.899998 0.879942 0.0200559 4 0 4 0
1080 731 349 5 0.899891 0.85937 0.0405209 3 0 3 0
1689 1633 56 0 0.799975 0.791475 0.00849907 4 1 4 1
1840 1555 285 4 0.799973 0.765866 0.0341069 7 0 7 0
1969 1603 366 8 0.799994 0.756366 0.0436277 6 2 6 2
2575 2359 216 9 0.699965 0.671959 0.0280067 7 1 7 1
2580 2426 154 3 0.699996 0.680604 0.0193913 5 3 5 3
3107 2967 140 6 0.799991 0.782762 0.0172294 6 2 6 2
3344 3256 88 1 0.599998 0.589022 0.0109757 6 1 6 1
3379 3073 306 2 0.799901 0.763908 0.0359936 4 3 3 3
3452 3110 342 7 0.599977 0.558947 0.04103 6 2 6 2
4288 4147 141 5 0.69992 0.682954 0.0169661 5 3 5 3
4537 4192 345 0 0.799997 0.758369 0.041628 6 2 4 2
5540 5293 247 4 0.699954 0.670208 0.0297462 6 3 4 3
5737 5532 205 3 0.799946 0.772801 0.0271452 5 4 4 1
5912 5859 53 1 0.899861 0.893327 0.00653427 8 0 3 0
6036 5981 55 2 0.799963 0.792552 0.00741121 6 2 4 1
6640 6340 300 8 0.59993 0.563663 0.0362672 5 4 4 4
7046 6974 72 7 0.799964 0.791531 0.00843289 7 1 3 0
7371 7293 78 9 0.599989 0.591417 0.00857111 7 2 5 2
7527 7263 264 5 0.79996 0.769996 0.0299641 5 3 2 1
7723 7531 192 3 0.899906 0.875029 0.0248774 4 5 1 2
8114 7971 143 1 0.799992 0.783639 0.0163524 7 2 4 2
8247 8193 54 6 0.499958 0.492099 0.00785883 5 4 5 3
9020 8714 306 7 0.899972 0.861868 0.0381039 8 1 4 0
9565 9435 130 4 0.699962 0.683378 0.016584 9 0 8 0
10009 9886 123 9 0.899896 0.885681 0.0142148 8 1 3 0
10490 10117 373 8 0.799979 0.754352 0.045627 6 3 5 2
10590 10462 128 7 0.899958 0.885496 0.0144626 9 0 4 0
10919 10767 152 3 0.699956 0.68026 0.0196956 5 4 5 2
11028 10667 361 0 0.39999 0.35479 0.0452 6 2 6 2
11221 11037 184 5 0.699897 0.679436 0.0204615 4 5 4 3
11677 11489 188 1 0.699992 0.675835 0.0241564 8 1 6 1
12103 11885 218 6 0.799924 0.774197 0.0257269 5 4 3 3
12389 12135 254 9 0.799949 0.769066 0.0308831 6 3 5 3
12917 12661 256 2 0.299891 0.266199 0.0336918 6 3 5 3
12936 12712 224 7 0.799909 0.774449 0.0254603 7 2 3 2
13245 12548 697 4 0.79998 0.721522 0.0784578 7 2 3 2
14337 14063 274 8 0.699964 0.66596 0.0340038 3 6 2 4
15002 14720 282 3 0.699969 0.665355 0.0346141 7 2 6 2
15315 15029 286 5 0.699908 0.665448 0.03446 8 1 8 1
15589 15536 53 6 0.699821 0.690947 0.00887467 5 4 4 3
16169 15882 287 9 0.699982 0.666229 0.0337538 7 2 5 2
16335 16108 227 4 0.799894 0.77474 0.0251542 6 3 4 2
16506 16425 81 1 0.599902 0.591001 0.00890111 5 4 4 4
17319 17199 120 7 0.599797 0.582777 0.0170201 7 2 6 2
17794 17682 112 6 0.899941 0.886623 0.0133185 7 2 4 0
17846 17510 336 5 0.899979 0.861152 0.0388268 8 1 6 1
19387 19228 159 2 0.599833 0.581228 0.0186046 6 3 6 3
19396 19199 197 9 0.799936 0.774901 0.025035 8 1 6 1
19520 19218 302 5 0.899889 0.865393 0.0344959 8 1 6 1
19892 19792 100 1 0.799899 0.786745 0.0131538 7 2 6 2
19952 19890 62 8 0.499959 0.493148 0.00681111 7 2 7 1
20068 19794 274 4 0.699961 0.665191 0.03477 7 2 7 0
20819 20593 226 3 0.499941 0.474225 0.0257161 6 3 6 3
21081 20755 326 6 0.699936 0.661902 0.038034 6 3 6 3
21444 21218 226 0 0.0999458 0.0704264 0.0295194 4 5 4 5
21886 21543 343 7 0.699989 0.660124 0.0398658 6 3 5 3
22336 21976 360 9 0.799956 0.75704 0.0429161 7 2 4 2
22550 22298 252 4 0.899999 0.869406 0.0305928 8 1 3 0
24177 23865 312 4 0.899927 0.864713 0.035214 8 1 4 0
24204 24151 53 6 0.79998 0.792658 0.00732123 6 3 5 2
24422 24335 87 2 0.599891 0.588584 0.0113073 7 2 7 2
25211 24979 232 9 0.799915 0.773464 0.0264517 5 4 3 2
25222 24856 366 1 0.499963 0.455463 0.0445004 7 2 6 2
25235 25108 127 5 0.399968 0.380603 0.0193644 6 3 6 3
25473 25238 235 8 0.599955 0.570084 0.029871 7 2 6 2
25719 25472 247 3 0.699891 0.669997 0.0298939 6 3 6 3
27703 27426 277 7 0.499906 0.465371 0.0345356 7 2 7 2
27819 27535 284 6 0.699955 0.665377 0.0345786 7 2 5 2
28006 27790 216 2 0.799986 0.775115 0.0248705 2 7 2 7
28249 28108 141 4 0.599899 0.583211 0.0166887 6 3 4 3
29562 29397 165 5 0.799942 0.779917 0.0200246 6 3 4 3
29580 29268 312 9 0.599983 0.561538 0.038445 9 0 9 0
