786 717 69 5 0.899784 0.890091 0.00969358 4 0 4 0
866 813 53 4 0.899948 0.891984 0.007964 5 0 6 0
992 723 269 2 0.899934 0.866065 0.0338692 3 0 3 0
1801 1576 225 9 0.799881 0.774833 0.0250477 6 0 6 0
2566 2409 157 6 0.699916 0.680633 0.019282 7 2 7 2
2627 2494 133 8 0.699897 0.682265 0.0176322 7 1 7 1
2667 2388 279 2 0.899928 0.864542 0.0353865 7 0 5 0
2714 2453 261 7 0.699932 0.668818 0.0311144 7 2 7 2
2726 2352 374 0 0.699913 0.655515 0.0443978 6 1 6 1
2754 2463 291 3 0.699895 0.664288 0.0356072 6 0 6 0
3965 3726 239 5 0.699945 0.671433 0.0285129 3 5 2 5
4276 3312 964 1 0.59997 0.424295 0.175675 6 3 6 3
4444 4390 54 9 0.799942 0.79296 0.0069816 1 6 1 6
4873 4776 97 8 0.899946 0.887676 0.0122701 5 3 3 3
4961 4690 271 4 0.599971 0.569835 0.0301367 6 3 4 3
5142 4976 166 3 0.899987 0.879823 0.020164 6 1 4 1
5713 5593 120 2 0.699981 0.684496 0.0154849 5 4 3 4
6071 5730 341 7 0.799784 0.760503 0.0392808 5 4 4 3
6225 6172 53 8 0.899828 0.891979 0.00784945 5 3 1 1
6269 6117 152 5 0.899954 0.87849 0.0214638 5 3 2 1
6587 6469 118 3 0.899994 0.88357 0.0164234 5 4 2 4
6953 6703 250 0 0.699965 0.671443 0.0285224 6 3 4 3
7563 7510 53 8 0.899932 0.893632 0.00629939 6 2 3 0
7784 7577 207 5 0.899911 0.873589 0.0263214 7 1 5 1
8061 7790 271 2 0.899951 0.86809 0.0318605 7 2 5 0
8463 8254 209 1 0.799897 0.775765 0.0241324 7 2 5 1
8779 8611 168 7 0.799922 0.778904 0.021018 7 2 5 2
8912 8784 128 8 0.899935 0.883869 0.0160659 7 2 4 1
8943 8843 100 6 0.399878 0.387295 0.0125835 5 4 5 4
8960 8664 296 3 0.799794 0.761838 0.0379562 6 3 6 3
9530 9436 94 2 0.899768 0.885965 0.0138032 5 4 2 3
10144 10056 88 4 0.599893 0.587425 0.0124677 5 4 5 3
10323 10247 76 9 0.399936 0.388493 0.0114431 5 4 5 4
11760 11703 57 3 0.774839 0.768218 0.00662101 8 1 5 0
11918 11593 325 5 0.59981 0.561546 0.0382639 7 2 6 2
12005 11647 358 2 0.799962 0.756113 0.0438497 4 5 4 4
12286 12141 145 7 0.699904 0.680935 0.0189687 9 0 8 0
13332 13112 220 6 0.799958 0.773591 0.0263671 5 4 3 2
13601 13529 72 8 0.499864 0.490834 0.00903037 7 2 7 1
13727 13446 281 1 0.499939 0.463334 0.0366048 7 2 7 2
15168 14893 275 0 0.199994 0.169298 0.0306956 8 1 8 1
15290 14992 298 4 0.599928 0.564889 0.0350399 7 2 7 2
15672 15439 233 2 0.699896 0.669926 0.0299702 7 2 6 1
16694 16479 215 8 0.899993 0.870431 0.0295621 5 4 1 2
17124 16971 153 9 0.499997 0.480443 0.0195541 5 4 5 4
17165 16831 334 3 0.499933 0.462754 0.0371791 8 1 7 1
18095 17807 288 5 0.499971 0.464992 0.0349789 6 3 6 3
18679 18357 322 6 0.499944 0.460686 0.0392587 6 3 6 3
18908 18713 195 2 0.799973 0.77581 0.0241636 7 2 5 1
18958 18595 363 7 0.399899 0.355191 0.0447087 6 3 5 3
20009 19764 245 8 0.699961 0.671692 0.0282687 3 6 2 5
20363 20310 53 4 0.599992 0.593764 0.00622844 4 5 4 5
20850 20668 182 2 0.89996 0.878063 0.0218969 7 2 3 1
21021 20968 53 1 0.399969 0.39286 0.00710835 8 1 7 1
21161 21072 89 3 0.799936 0.789711 0.0102252 7 2 6 1
21925 21779 146 9 0.69998 0.681941 0.0180387 5 4 5 3
21973 21920 53 0 0.599925 0.592896 0.00702935 4 5 4 5
22309 22185 124 2 0.89997 0.883854 0.0161159 7 2 2 1
23682 23385 297 6 0.699908 0.664532 0.0353758 8 1 7 1
24605 24319 286 1 0.89993 0.86685 0.0330799 8 1 4 0
24734 24582 152 5 0.499929 0.48317 0.0167588 5 4 5 4
24760 24498 262 4 0.699937 0.664725 0.0352117 7 2 7 1
24795 24561 234 8 0.59998 0.569973 0.0300076 8 1 8 1
24868 24815 53 7 0.599867 0.592399 0.00746869 8 1 7 1
25423 25314 109 3 0.59985 0.58507 0.0147798 5 4 5 4
25470 25278 192 0 0.799954 0.772645 0.0273096 7 2 6 2
26098 25995 103 1 0.899926 0.887922 0.0120035 8 1 1 0
26465 26083 382 2 0.599984 0.546159 0.0538256 4 5 3 5
27539 27356 183 9 0.49993 0.478776 0.0211534 9 0 8 0
27913 27798 115 4 0.799907 0.785732 0.0141749 7 2 5 1
28419 28175 244 7 0.799905 0.76978 0.0301251 9 0 5 0
28929 28738 191 3 0.799968 0.777363 0.0226054 7 2 5 2
29098 29039 59 1 0.699999 0.692146 0.00785261 7 2 6 2
29146 29044 102 8 0.69981 0.685562 0.0142479 7 2 6 1
29313 29149 164 6 0.499997 0.479935 0.0200614 6 3 4 3
