799 715 84 6 0.899961 0.887784 0.0121775 7 0 7 0
996 819 177 4 0.899985 0.877211 0.0227737 7 0 7 0
1835 1614 221 8 0.799952 0.773257 0.0266952 8 1 8 1
2374 2321 53 4 0.899916 0.892237 0.00767941 8 0 6 0
2451 2302 149 2 0.699927 0.683403 0.0165243 9 0 9 0
2587 2353 234 5 0.699944 0.672484 0.0274601 8 0 8 0
2611 2454 157 0 0.699956 0.680247 0.0197093 8 0 8 0
2641 2448 193 7 0.699906 0.676613 0.023293 8 1 8 1
2768 2475 293 3 0.699959 0.666746 0.0332133 8 0 8 0
3678 3297 381 9 0.599956 0.554199 0.0457569 7 2 7 2
3788 3728 60 6 0.699901 0.690147 0.00975392 3 6 2 6
4313 4167 146 1 0.499908 0.481642 0.0182664 4 5 4 5
4571 4487 84 4 0.799986 0.790755 0.00923111 5 4 4 4
4668 4444 224 8 0.799804 0.773657 0.0261478 8 1 5 1
4838 4547 291 2 0.899936 0.864775 0.0351619 6 3 2 3
5859 5584 275 5 0.799984 0.767144 0.03284 5 3 3 3
6176 5898 278 6 0.899961 0.865015 0.0349461 5 4 4 2
6509 6357 152 9 0.899961 0.880482 0.0194788 7 2 2 1
6611 6378 233 0 0.699975 0.671089 0.0288861 7 2 5 2
6723 6653 70 3 0.699917 0.689847 0.0100704 5 4 3 4
7340 7261 79 1 0.899933 0.888671 0.0112615 4 5 3 0
8181 7833 348 9 0.899967 0.857929 0.0420381 7 2 4 1
8188 8061 127 8 0.699913 0.680014 0.0198989 8 1 8 1
8668 8497 171 5 0.799936 0.778973 0.0209632 5 3 4 2
8817 8723 94 4 0.599976 0.589645 0.0103311 7 2 6 2
9025 8954 71 7 0.399929 0.388924 0.0110053 7 2 7 2
10630 10407 223 5 0.899924 0.871912 0.0280122 7 1 7 1
11221 10863 358 6 0.499896 0.458016 0.0418802 8 1 8 1
11391 11282 109 0 0.599919 0.584518 0.0154009 7 2 7 2
11484 11216 268 2 0.299989 0.267122 0.0328672 6 3 6 3
12014 11953 61 8 0.699995 0.692324 0.00767088 5 4 4 4
12262 12157 105 9 0.599935 0.58849 0.0114459 8 1 7 0
13081 12988 93 4 0.685969 0.673178 0.0127913 6 3 6 2
13202 12933 269 3 0.399934 0.368529 0.0314054 5 4 5 3
13654 13544 110 1 0.299991 0.285944 0.0140467 4 5 4 5
14953 14773 180 0 0.799926 0.778174 0.0217519 6 3 5 2
15327 15274 53 5 0.499792 0.492395 0.00739658 4 5 3 5
15328 15275 53 2 0.898242 0.891003 0.0072388 4 5 1 2
16121 15781 340 7 0.499992 0.45785 0.042142 8 1 7 1
17566 17260 306 8 0.499922 0.463264 0.0366582 7 2 7 1
17693 17589 104 6 0.499916 0.486054 0.0138625 6 3 6 3
18496 18126 370 9 0.499952 0.452107 0.0478453 6 3 6 3
18514 18438 76 4 0.499902 0.491551 0.00835111 5 4 5 4
19161 19031 130 1 0.699977 0.683973 0.0160036 5 4 5 3
19273 19167 106 0 0.599955 0.587256 0.0126992 8 1 7 1
19317 19057 260 2 0.599927 0.569219 0.0307077 6 3 6 3
20028 19898 130 5 0.699948 0.68512 0.0148281 6 3 5 3
20279 19917 362 3 0.499941 0.455445 0.0444962 3 6 3 6
21059 20880 179 7 0.699804 0.678043 0.0217613 4 5 2 5
21615 21498 117 8 0.799932 0.784933 0.0149989 5 4 3 3
23117 22838 279 1 0.699953 0.668759 0.0311949 7 2 5 2
23341 23236 105 9 0.699984 0.686226 0.013758 8 1 8 1
23360 23307 53 8 0.899762 0.890343 0.00941825 6 3 5 1
23383 23181 202 7 0.899908 0.874524 0.0253837 7 2 4 0
23502 23418 84 0 0.699946 0.688024 0.0119219 7 2 7 2
23626 23344 282 3 0.899892 0.867679 0.0322132 5 4 3 0
23888 23556 332 2 0.699943 0.660295 0.0396482 7 2 5 2
24026 23869 157 4 0.599946 0.579935 0.0200114 7 2 6 2
24088 23949 139 6 0.499979 0.482639 0.0173396 4 5 4 5
24778 24631 147 8 0.899945 0.882057 0.0178876 7 2 2 0
24830 24727 103 7 0.899931 0.885995 0.0139353 5 4 2 3
24938 24570 368 5 0.599889 0.557112 0.042777 5 4 5 4
25972 25721 251 3 0.799965 0.767658 0.032307 5 4 4 2
27284 27141 143 9 0.699948 0.683336 0.016612 7 2 5 2
27324 27270 54 0 0.699989 0.69296 0.00702836 7 2 6 1
27788 27696 92 8 0.699939 0.686693 0.0132462 8 1 7 1
27847 27589 258 5 0.899898 0.870002 0.029896 6 3 4 0
28004 27832 172 1 0.599944 0.578451 0.021493 9 0 8 0
28747 28629 118 2 0.59993 0.585371 0.0145592 6 3 6 3
28801 28621 180 7 0.599956 0.576839 0.0231176 5 4 4 1
28914 28599 315 3 0.799921 0.761936 0.0379845 7 2 5 1
