914 793 121 4 0.899939 0.884129 0.0158097 7 0 7 0
919 805 114 1 0.899825 0.885038 0.0147875 7 0 7 0
971 805 166 3 0.899992 0.878676 0.0213162 4 0 4 0
1640 1535 105 9 0.799964 0.788407 0.011557 7 1 7 1
1793 1611 182 0 0.799918 0.77463 0.0252878 7 2 7 2
1852 1632 220 7 0.799927 0.773912 0.0260153 6 2 6 2
2571 2383 188 2 0.699779 0.678568 0.0212117 7 2 7 2
2586 2398 188 8 0.699936 0.677823 0.0221132 6 2 6 2
2638 2394 244 5 0.699979 0.672232 0.0277466 8 1 8 1
3132 3058 74 4 0.799879 0.789252 0.0106263 6 2 5 2
4113 4059 54 6 0.49992 0.492492 0.00742826 8 1 8 1
4948 4765 183 3 0.599966 0.577871 0.0220948 7 1 7 1
5012 4732 280 2 0.89994 0.865249 0.0346906 8 1 5 0
5759 5598 161 1 0.499994 0.4812 0.018794 9 0 8 0
6104 5737 367 9 0.599938 0.556972 0.0429666 7 2 7 2
6767 6386 381 8 0.699901 0.65253 0.0473709 5 3 3 3
6872 6525 347 4 0.699963 0.656856 0.0431064 7 2 5 2
6942 6887 55 0 0.499959 0.492847 0.00711198 5 4 5 4
7100 6944 156 7 0.499962 0.478661 0.0213013 5 4 5 4
7513 7302 211 5 0.599922 0.575748 0.0241738 6 3 5 3
7634 7264 370 2 0.799893 0.756 0.0438933 5 4 4 3
8476 8383 93 3 0.799934 0.788487 0.0114471 6 3 2 2
8916 8634 282 6 0.699902 0.666343 0.0335591 5 4 5 4
10477 10379 98 1 0.699895 0.687192 0.0127036 9 0 8 0
10510 10144 366 3 0.899916 0.854931 0.0449845 8 1 6 0
11048 10469 579 9 0.6999 0.634004 0.0658959 9 0 8 0
11214 11109 105 2 0.699964 0.687086 0.0128785 8 1 6 1
11904 11636 268 4 0.599942 0.568302 0.0316398 8 1 8 1
12540 12436 104 8 0.49991 0.48527 0.01464 7 2 6 2
12743 12620 123 5 0.599952 0.584071 0.0158806 8 1 7 0
12851 12750 101 6 0.699954 0.688853 0.0111011 8 1 7 1
13416 13198 218 0 0.499894 0.475562 0.0243318 8 1 7 1
13786 13628 158 3 0.699902 0.678773 0.0211291 8 1 7 1
14579 14211 368 7 0.399898 0.356931 0.042967 8 1 8 1
15284 14970 314 2 0.699893 0.661005 0.0388886 6 3 5 2
15308 15119 189 1 0.599897 0.578124 0.0217739 6 3 5 3
15916 15799 117 6 0.799991 0.784253 0.0157376 7 2 3 2
16747 16679 68 9 0.499925 0.490347 0.00957791 4 5 4 5
16862 16800 62 3 0.799941 0.790683 0.00925856 7 2 5 2
17140 17043 97 4 0.599925 0.588788 0.0111364 5 4 5 4
17446 17203 243 0 0.79995 0.771979 0.0279712 5 4 4 4
17863 17534 329 2 0.899954 0.861646 0.0383082 8 1 3 0
17938 17625 313 6 0.899957 0.864086 0.0358714 5 4 0 2
18393 18070 323 7 0.899991 0.861107 0.0388834 8 1 1 0
18910 18563 347 5 0.499901 0.459236 0.0406655 9 0 7 0
19070 18686 384 1 0.799996 0.754951 0.0450446 7 2 4 1
20034 19672 362 8 0.399968 0.356406 0.0435616 8 1 8 1
20253 20059 194 2 0.799978 0.776149 0.0238292 7 2 4 1
20975 20920 55 0 0.699939 0.692284 0.00765441 6 3 5 2
21073 21020 53 3 0.599936 0.592607 0.00732903 7 2 7 2
21083 20939 144 1 0.899922 0.882882 0.01704 8 1 5 1
21343 21040 303 6 0.69989 0.662726 0.0371641 6 3 6 3
22243 22109 134 4 0.599995 0.582126 0.0178689 5 4 5 4
22341 22135 206 9 0.599949 0.574789 0.0251602 8 1 7 0
22527 22306 221 7 0.599942 0.569444 0.0304982 5 4 4 4
23609 23223 386 1 0.799897 0.74944 0.0504566 8 1 4 1
24567 24483 84 5 0.599957 0.588861 0.0110957 6 3 6 3
24643 24463 180 2 0.599916 0.57693 0.0229864 8 1 8 1
25430 25127 303 7 0.899961 0.864363 0.035598 7 2 4 0
26060 25553 507 0 0.599967 0.538608 0.0613594 8 1 8 1
26063 26010 53 8 0.599913 0.591435 0.00847839 8 1 7 1
26307 26075 232 6 0.599984 0.571994 0.0279902 6 3 6 3
27281 27219 62 2 0.899926 0.891294 0.00863243 7 2 6 2
27371 27200 171 4 0.599962 0.579354 0.020608 7 2 6 2
27378 27103 275 1 0.699938 0.666251 0.0336873 8 1 7 1
27985 27914 71 5 0.799904 0.790915 0.00898811 7 2 5 1
28077 27735 342 3 0.399939 0.360024 0.039915 5 4 5 4
28397 28224 173 9 0.499786 0.475234 0.0245521 4 5 4 5
28744 28691 53 0 0.899952 0.891397 0.00855416 6 3 2 3
28886 28567 319 8 0.899994 0.858141 0.0418531 9 0 4 0
29499 29377 122 7 0.599975 0.585301 0.0146748 3 6 3 6
29554 29398 156 2 0.799932 0.775978 0.023954 7 2 2 1
