1483 1430 53 5 0.799861 0.793808 0.00605274 17 1 17 1
1518 1424 94 12 0.799938 0.788328 0.0116094 15 0 15 0
1648 1498 150 22 0.799928 0.781259 0.0186694 19 1 18 0
1783 1528 255 3 0.799934 0.767643 0.0322911 19 0 19 0
2240 2187 53 1 0.699921 0.69304 0.00688084 17 2 17 2
2325 2248 77 16 0.69987 0.688911 0.0109584 17 2 17 2
2352 2234 118 10 0.699971 0.683931 0.0160403 20 1 20 1
2466 2205 261 8 0.699957 0.667805 0.0321518 15 0 15 0
3059 3006 53 21 0.599829 0.592228 0.007601 18 3 18 3
3101 2935 166 14 0.599799 0.570112 0.0296865 19 2 19 2
3121 3011 110 18 0.599962 0.583103 0.0168587 18 1 18 1
3211 3125 86 5 0.899998 0.889831 0.0101675 20 1 10 1
3219 2981 238 15 0.599895 0.559002 0.040893 17 4 17 4
3986 3855 131 4 0.499934 0.482112 0.017822 18 6 18 6
3996 3661 335 24 0.499931 0.459161 0.0407705 15 8 15 8
4020 3887 133 17 0.499982 0.479593 0.0203887 23 1 23 1
4066 3716 350 23 0.499925 0.451923 0.0480018 16 6 16 6
4082 3904 178 0 0.499885 0.473361 0.0265239 18 4 18 4
4152 3904 248 13 0.499919 0.469305 0.0306145 19 5 18 4
4641 4297 344 19 0.399775 0.354729 0.0450457 17 7 16 6
4896 4561 335 2 0.39999 0.357328 0.0426626 15 9 15 9
5467 5233 234 6 0.299923 0.269847 0.0300766 19 4 19 4
5505 5273 232 20 0.299986 0.268901 0.0310842 15 8 15 8
5510 5412 98 11 0.299958 0.285349 0.0146087 16 8 16 8
5513 5197 316 10 0.799985 0.75779 0.0421949 18 5 13 5
5655 5389 266 9 0.29984 0.2657 0.03414 19 5 19 5
5857 5224 633 7 0.299997 0.22663 0.0733667 17 7 17 7
6141 5903 238 16 0.699986 0.672811 0.0271748 20 2 12 2
6488 6290 198 12 0.499946 0.473959 0.0259864 15 7 13 7
6775 6649 126 22 0.499914 0.483353 0.0165603 15 7 10 7
7762 7473 289 15 0.699808 0.66055 0.0392579 19 5 14 3
7910 7669 241 3 0.399952 0.369261 0.0306901 19 5 17 5
8109 8020 89 13 0.799849 0.786931 0.012918 19 5 10 3
8541 8253 288 1 0.399988 0.366949 0.033039 22 2 21 2
8666 8549 117 17 0.699898 0.685669 0.0142292 18 6 12 6
8800 8437 363 8 0.399984 0.356443 0.0435415 19 5 15 5
8838 8696 142 21 0.499913 0.483927 0.0159861 20 2 17 2
9475 9236 239 5 0.299951 0.267952 0.0319992 17 7 15 7
9678 9425 253 24 0.599912 0.56465 0.0352614 17 7 15 7
9791 9628 163 18 0.399958 0.376368 0.0235905 17 6 14 6
9819 9512 307 23 0.599989 0.564063 0.0359254 18 5 15 4
9929 9754 175 16 0.699905 0.676291 0.0236137 20 3 16 1
10399 10072 327 0 0.499823 0.461289 0.0385334 19 5 15 5
10614 10249 365 14 0.299943 0.252425 0.0475177 23 1 23 1
10634 10540 94 10 0.499882 0.487048 0.0128344 19 5 18 5
10704 10442 262 19 0.599981 0.566275 0.0337053 19 5 16 5
10853 10581 272 7 0.799943 0.762801 0.037142 18 6 10 5
10940 10703 237 2 0.59991 0.567606 0.0323042 20 4 17 3
11139 10807 332 4 0.399902 0.358295 0.0416073 20 4 19 4
12080 11828 252 9 0.599926 0.566473 0.0334531 18 6 14 3
12875 12483 392 6 0.499974 0.450016 0.0499581 17 7 12 6
12889 12820 69 22 0.49998 0.490953 0.00902749 17 7 16 7
13217 12982 235 13 0.499913 0.470536 0.0293777 20 6 17 5
13270 13026 244 17 0.59999 0.56921 0.0307803 17 7 13 6
13314 13247 67 15 0.499981 0.49188 0.00810099 21 3 21 2
13584 13387 197 7 0.799931 0.775402 0.0245283 22 2 18 1
13872 13819 53 8 0.699996 0.690752 0.00924378 19 5 13 5
14087 13879 208 24 0.699937 0.67287 0.0270664 17 7 16 5
14091 13776 315 3 0.599952 0.561235 0.0387172 17 7 15 6
14142 14034 108 11 0.299987 0.286238 0.0137488 18 6 17 6
14416 14296 120 12 0.299921 0.28423 0.0156911 18 6 18 4
14445 14067 378 20 0.299976 0.250642 0.0493335 19 5 19 5
14458 14337 121 10 0.799997 0.784243 0.0157537 19 5 17 4
15247 14989 258 0 0.699937 0.66584 0.0340961 18 6 13 6
15384 15022 362 16 0.499942 0.443471 0.0564717 18 6 12 6
16084 16031 53 14 0.699982 0.692483 0.00749874 20 4 17 3
16185 16041 144 4 0.699942 0.681645 0.0182971 21 3 15 2
16463 16342 121 18 0.5 0.483813 0.0161863 21 3 17 2
16619 16566 53 22 0.799809 0.792194 0.00761467 19 5 10 2
16651 16295 356 19 0.499987 0.451867 0.0481197 21 3 20 3
16848 16769 79 1 0.299919 0.289409 0.0105099 16 8 16 8
16854 16619 235 21 0.299958 0.265823 0.0341346 21 3 19 3
17421 17221 200 5 0.399996 0.372442 0.0275541 16 8 15 7
17561 17200 361 23 0.299862 0.257639 0.0422233 17 7 16 7
18063 17813 250 9 0.499976 0.467356 0.0326195 20 4 18 2
18266 18213 53 2 0.299895 0.292735 0.00716039 17 7 16 7
18389 18214 175 17 0.599961 0.579504 0.0204561 22 2 21 2
18731 18463 268 10 0.599902 0.562334 0.0375673 20 4 18 4
18761 18564 197 13 0.599904 0.573758 0.026146 19 7 16 6
18906 18543 363 24 0.599961 0.554413 0.0455484 18 6 16 6
19152 19019 133 8 0.49997 0.482989 0.016981 17 7 16 7
19153 19079 74 3 0.599898 0.591303 0.00859522 19 5 16 4
19344 19279 65 15 0.49995 0.4916 0.00835035 19 5 17 5
19441 19102 339 22 0.799936 0.760334 0.039602 17 7 11 6
19564 19270 294 7 0.399951 0.36294 0.0370109 21 3 18 3
20453 20004 449 16 0.699954 0.639886 0.0600675 17 7 11 5
20917 20600 317 0 0.499955 0.459971 0.0399842 16 8 14 8
21185 20780 405 6 0.29992 0.244838 0.0550824 16 8 13 8
21662 21285 377 19 0.699899 0.632378 0.067521 22 2 14 2
22058 21742 316 4 0.4999 0.460587 0.0393123 20 4 17 4
22075 21829 246 11 0.399998 0.367831 0.0321667 21 3 20 3
22292 22142 150 1 0.699892 0.679889 0.0200024 17 7 13 5
22333 22113 220 12 0.399994 0.367698 0.0322961 18 6 18 5
22380 22241 139 23 0.79994 0.783536 0.0164039 19 5 12 3
22449 22382 67 5 0.699998 0.689763 0.0102352 18 6 13 4
22819 22764 55 14 0.299973 0.2912 0.00877307 22 2 21 2
23144 23050 94 20 0.299891 0.286432 0.0134589 16 8 16 8
23486 23138 348 17 0.599968 0.552691 0.0472772 20 4 12 4
23528 23399 129 18 0.399903 0.384257 0.0156453 15 9 15 9
23702 23462 240 9 0.59994 0.568912 0.0310281 20 4 16 3
23706 23646 60 10 0.599966 0.591213 0.0087537 21 3 18 2
24304 23969 335 3 0.599957 0.559182 0.0407743 14 10 14 9
24525 24407 118 22 0.499919 0.485183 0.0147359 16 8 15 8
24741 24678 63 15 0.599906 0.590599 0.00930763 18 6 13 5
25020 24803 217 24 0.499901 0.473931 0.0259695 18 6 17 6
25262 25065 197 13 0.399954 0.375329 0.024625 16 10 15 9
25287 25223 64 7 0.599991 0.590405 0.00958531 15 9 12 8
25548 25215 333 8 0.499925 0.456504 0.0434213 19 5 19 4
25789 25415 374 21 0.299979 0.253881 0.0460983 17 7 16 7
25960 25907 53 23 0.691734 0.68256 0.00917371 19 5 2 1
26387 26060 327 1 0.699963 0.660799 0.0391641 17 7 11 6
27055 26713 342 2 0.299907 0.260159 0.0397477 17 7 16 6
27300 27194 106 0 0.499985 0.488333 0.0116511 17 7 15 6
27419 27151 268 11 0.699989 0.664777 0.0352125 19 5 13 4
27768 27498 270 16 0.299936 0.265955 0.0339817 17 7 16 7
27852 27440 412 22 0.899946 0.847122 0.0528239 18 6 7 1
28028 27829 199 5 0.499917 0.472773 0.0271437 15 9 14 8
28118 28008 110 19 0.399921 0.386172 0.0137488 19 5 17 5
28482 28247 235 4 0.499979 0.470009 0.0299705 22 2 21 2
28917 28586 331 10 0.599981 0.559033 0.0409485 18 6 16 6
28924 28814 110 12 0.499925 0.486051 0.0138741 16 8 16 8
29324 29037 287 6 0.399967 0.361041 0.0389263 19 5 18 4
29329 29142 187 17 0.499931 0.47383 0.0261007 18 6 18 6
29601 29311 290 7 0.699965 0.663549 0.0364154 17 7 14 7
