910 657 253 8 0.899897 0.868732 0.0311652 12 0 12 0
938 738 200 12 0.899913 0.870972 0.0289411 15 0 16 0
1510 1457 53 1 0.799884 0.792055 0.00782851 11 0 11 0
1510 1453 57 18 0.799894 0.792835 0.00705841 11 0 11 0
1600 1547 53 20 0.799924 0.79007 0.00985404 18 1 18 1
1705 1469 236 21 0.79984 0.771703 0.0281369 10 0 10 0
1734 1526 208 9 0.799959 0.774268 0.0256903 9 3 8 2
1793 1508 285 14 0.799979 0.7653 0.0346788 16 2 16 2
2351 2266 85 7 0.699911 0.69057 0.00934111 18 3 18 3
2427 2320 107 24 0.699951 0.686326 0.0136247 15 0 15 0
2598 2170 428 15 0.699897 0.648337 0.0515596 21 1 21 1
3179 3027 152 6 0.599922 0.58207 0.0178518 15 7 15 7
3200 3009 191 4 0.599927 0.576058 0.0238694 20 3 20 3
3225 2951 274 5 0.599948 0.565818 0.0341308 19 2 19 2
3227 2979 248 23 0.599863 0.566507 0.033356 19 3 19 3
3277 2994 283 22 0.599926 0.55939 0.0405363 16 3 15 4
3477 3069 408 0 0.59991 0.544955 0.0549543 20 1 20 1
3552 3247 305 20 0.899895 0.862348 0.0375472 22 0 9 0
3955 3734 221 17 0.499913 0.472462 0.0274511 18 5 18 6
3984 3829 155 12 0.699893 0.682852 0.0170411 23 0 18 0
4150 3799 351 16 0.499996 0.456614 0.0433825 16 6 16 6
4580 4456 124 19 0.399987 0.385247 0.0147404 17 5 17 5
4604 4519 85 8 0.599974 0.587512 0.0124614 19 5 18 5
5221 4618 603 13 0.399922 0.296168 0.103754 20 3 20 3
5371 5316 55 10 0.299797 0.291962 0.00783436 14 10 14 10
5480 5359 121 11 0.29988 0.283778 0.0161024 13 11 13 11
5616 5274 342 2 0.299869 0.256138 0.0437307 19 4 19 4
5682 5379 303 3 0.299764 0.263062 0.0367028 17 6 17 6
5706 5530 176 18 0.599952 0.57723 0.0227224 14 7 13 7
6489 6382 107 15 0.699907 0.680817 0.0190903 17 7 12 7
6723 6532 191 9 0.499929 0.475727 0.0242021 14 11 12 10
6783 6540 243 21 0.499853 0.470086 0.029767 14 9 13 9
7511 7307 204 20 0.599963 0.574815 0.0251474 17 7 13 7
7881 7652 229 12 0.699858 0.670554 0.0293037 20 4 13 4
7898 7573 325 24 0.499903 0.460157 0.039746 20 4 20 4
8118 7798 320 1 0.299977 0.261383 0.0385939 19 5 17 5
8634 8312 322 14 0.299937 0.261882 0.0380558 20 4 18 4
9187 9000 187 5 0.499938 0.474877 0.0250615 20 4 10 4
9337 9136 201 7 0.299864 0.270849 0.0290153 16 8 16 8
9844 9632 212 6 0.399949 0.372829 0.0271203 18 6 15 6
9867 9601 266 4 0.399915 0.368104 0.0318102 18 6 15 5
9934 9881 53 22 0.399923 0.391918 0.0080049 17 6 17 6
9959 9578 381 16 0.599946 0.549021 0.0509255 21 2 19 0
10544 10257 287 8 0.499841 0.464902 0.0349383 14 10 13 9
10627 10363 264 19 0.599916 0.567436 0.0324798 20 4 19 3
10636 10583 53 23 0.299855 0.292615 0.00724019 14 10 14 10
10703 10405 298 9 0.799995 0.762675 0.0373199 16 9 9 4
11140 11044 96 0 0.299926 0.287803 0.0121229 15 9 14 9
11167 10949 218 2 0.699907 0.670901 0.0290064 20 4 13 2
11272 10933 339 17 0.399891 0.356406 0.0434859 18 6 17 6
11283 11013 270 15 0.599979 0.565273 0.0347057 20 4 15 3
11554 11428 126 10 0.599949 0.585298 0.014651 18 6 11 4
11661 11349 312 18 0.499986 0.456796 0.0431902 15 9 14 9
12626 12195 431 21 0.599975 0.542486 0.0574893 17 7 15 6
13534 13267 267 11 0.399903 0.363041 0.0368622 18 6 17 6
13653 13322 331 14 0.79989 0.75711 0.04278 18 6 10 5
13736 13573 163 3 0.39993 0.379894 0.0200361 18 6 17 5
13982 13695 287 13 0.299957 0.266255 0.0337016 17 7 16 7
14128 14038 90 12 0.399768 0.386173 0.0135949 18 6 18 6
14308 14005 303 19 0.799945 0.758978 0.0409669 19 5 11 4
14559 14288 271 8 0.799923 0.7659 0.0340228 20 4 12 2
15131 15039 92 1 0.499962 0.487401 0.0125603 17 7 15 5
15161 14790 371 24 0.399913 0.350708 0.0492047 17 7 15 7
15188 14963 225 20 0.299899 0.271648 0.0282515 17 7 15 7
15188 14815 373 22 0.699963 0.655434 0.0445294 19 5 17 4
15672 15466 206 7 0.599954 0.572645 0.0273087 19 5 15 5
15818 15573 245 10 0.699939 0.666035 0.0339046 21 3 17 3
15832 15507 325 18 0.799996 0.757551 0.0424448 15 9 9 4
15990 15698 292 9 0.4999 0.460348 0.0395516 19 5 16 5
16642 16289 353 2 0.499963 0.458196 0.0417667 15 9 13 9
16701 16430 271 4 0.499922 0.465264 0.034658 16 8 14 8
16703 16650 53 23 0.599929 0.592593 0.00733615 13 11 12 6
16822 16737 85 5 0.299862 0.288364 0.0114981 16 8 16 8
16870 16501 369 16 0.399767 0.353853 0.0459139 23 1 19 1
17453 17124 329 15 0.499968 0.460546 0.0394221 15 9 14 9
17948 17718 230 6 0.299949 0.268936 0.031013 17 7 14 7
17957 17841 116 0 0.499909 0.483105 0.0168048 12 12 10 11
18187 17920 267 17 0.499921 0.464803 0.0351181 20 4 17 4
18500 18379 121 21 0.49996 0.481017 0.0189431 20 4 17 3
19013 18657 356 11 0.699949 0.653694 0.0462554 15 9 8 8
19020 18720 300 8 0.599982 0.560096 0.0398862 15 9 11 9
19073 19020 53 22 0.699914 0.691113 0.00880107 15 9 10 8
19144 18744 400 1 0.799901 0.751037 0.0488642 17 7 9 5
19611 19298 313 19 0.499914 0.459955 0.0399594 19 5 16 4
20249 20184 65 24 0.699865 0.6896 0.0102655 17 7 10 6
20447 20194 253 13 0.599944 0.56672 0.0332235 19 5 16 5
20495 20254 241 14 0.299998 0.269025 0.0309727 15 9 15 9
20562 20227 335 3 0.499954 0.457552 0.0424015 17 7 15 7
20657 20604 53 12 0.499868 0.493308 0.00656021 22 2 18 2
21070 20732 338 20 0.699993 0.659072 0.0409215 17 7 11 3
21264 20894 370 18 0.499893 0.44888 0.0510128 20 4 17 4
22009 21898 111 10 0.399976 0.383871 0.0161048 18 6 18 6
22233 22055 178 5 0.699962 0.67911 0.0208526 16 8 15 7
22255 22055 200 4 0.599919 0.570777 0.0291425 19 5 17 3
22426 22079 347 7 0.399982 0.355886 0.0440956 20 4 18 4
22629 22514 115 1 0.699921 0.685687 0.0142346 15 9 13 7
23204 22933 271 9 0.3999 0.365323 0.034577 20 4 19 3
23320 23196 124 0 0.59996 0.582152 0.0178072 19 5 18 5
23350 23200 150 8 0.69989 0.680531 0.0193588 19 5 12 1
23420 23367 53 19 0.799955 0.791554 0.00840154 20 4 12 3
23575 23489 86 16 0.499911 0.487769 0.0121424 19 5 17 5
23617 23366 251 22 0.599971 0.563607 0.0363636 18 6 15 5
23887 23642 245 15 0.499937 0.468156 0.0317806 17 7 16 6
23984 23853 131 23 0.299924 0.277142 0.0227826 18 6 18 5
24716 24476 240 17 0.499977 0.469067 0.0309098 21 3 21 3
24809 24448 361 2 0.299887 0.252475 0.047412 17 7 17 6
24876 24580 296 24 0.599907 0.55859 0.041317 21 3 19 3
25282 24974 308 20 0.699963 0.657734 0.0422284 17 7 16 7
25856 25585 271 4 0.799913 0.766095 0.0338185 20 4 16 4
25883 25777 106 14 0.699902 0.683831 0.0160708 12 12 12 12
26022 25899 123 11 0.299809 0.28342 0.0163892 14 10 14 10
26093 25551 542 13 0.599996 0.516707 0.0832893 19 5 16 3
26150 24484 1666 21 0.499912 0.176902 0.32301 21 3 19 3
26243 25914 329 3 0.599959 0.560944 0.0390146 19 5 16 4
26768 26631 137 19 0.699843 0.680801 0.0190417 20 4 12 4
26800 26410 390 6 0.29989 0.248739 0.0511516 19 5 18 5
27019 26709 310 18 0.599904 0.555435 0.0444694 24 0 18 0
27206 26610 596 12 0.499871 0.409499 0.0903717 15 9 14 8
27887 27538 349 5 0.499906 0.454645 0.0452602 20 4 17 4
27974 27737 237 22 0.699944 0.673122 0.0268217 16 8 13 7
28164 27759 405 1 0.499964 0.45067 0.0492942 15 9 14 9
28498 28280 218 7 0.599961 0.573546 0.0264143 17 7 12 7
29292 28943 349 0 0.499926 0.454477 0.0454484 18 6 14 5
29440 29168 272 10 0.399976 0.358884 0.0410923 17 7 15 7
29541 29322 219 15 0.599991 0.570032 0.0299581 16 8 15 6
29552 29353 199 17 0.699966 0.672631 0.0273356 21 3 14 3
