829 759 70 8 0.899919 0.890421 0.00949733 13 0 13 0
1439 1386 53 19 0.799878 0.792835 0.00704361 18 0 18 0
1529 1382 147 11 0.799808 0.778358 0.0214496 13 4 13 3
1875 1558 317 4 0.799979 0.760714 0.0392655 15 1 15 1
2433 2308 125 16 0.699983 0.684065 0.0159184 16 0 16 0
2506 2254 252 1 0.699901 0.667376 0.0325254 20 0 20 0
2590 2248 342 18 0.699968 0.659824 0.040144 20 0 20 0
2683 2346 337 12 0.699947 0.659679 0.0402683 19 1 19 1
2700 2280 420 21 0.699943 0.637445 0.0624978 17 4 16 3
3114 2869 245 6 0.599982 0.567373 0.0326096 18 0 18 0
3169 3044 125 10 0.599862 0.582449 0.0174125 20 3 20 3
3211 3017 194 20 0.599903 0.573398 0.0265048 19 1 19 1
3306 2929 377 2 0.599964 0.55469 0.0452743 17 2 17 2
3869 3773 96 24 0.499949 0.489273 0.010676 16 5 16 5
3972 3608 364 8 0.699996 0.65274 0.0472564 14 6 13 6
4058 3822 236 14 0.499898 0.471107 0.0287912 21 2 21 2
4175 3891 284 3 0.499987 0.466132 0.0338546 17 5 17 5
4189 3854 335 9 0.499944 0.451295 0.0486486 15 7 15 7
4846 4649 197 15 0.399943 0.373487 0.0264566 16 9 16 9
4851 4664 187 5 0.399977 0.378442 0.0215355 18 6 18 6
4924 4642 282 22 0.399953 0.365538 0.0344156 19 2 19 2
4976 4864 112 11 0.699867 0.6859 0.0139673 15 7 11 4
5044 4654 390 17 0.399983 0.342301 0.0576824 19 4 19 4
5264 5211 53 23 0.299946 0.291767 0.00817904 19 5 19 5
5583 5347 236 13 0.299927 0.262717 0.03721 19 6 18 5
5605 5427 178 0 0.29999 0.275478 0.024512 18 6 18 6
5774 5464 310 7 0.299996 0.256115 0.0438816 20 4 20 4
6484 6392 92 18 0.699963 0.684641 0.0153218 16 6 12 6
6916 6655 261 21 0.699973 0.666083 0.0338901 20 4 12 3
7849 7502 347 4 0.399841 0.356103 0.0437381 15 9 15 9
7940 7743 197 19 0.29993 0.274847 0.0250833 17 7 17 7
8189 7961 228 1 0.499891 0.469766 0.0301259 16 5 12 5
8348 8138 210 12 0.499981 0.473742 0.0262394 18 6 17 6
8637 8455 182 16 0.399998 0.37483 0.0251675 14 8 13 8
9266 9115 151 22 0.799911 0.780815 0.019096 19 4 12 2
9591 9343 248 14 0.599976 0.569176 0.0308004 22 2 20 2
9805 9558 247 3 0.599909 0.569257 0.0306513 21 3 15 3
9880 9819 61 2 0.399914 0.390757 0.00915761 18 6 17 6
10112 9917 195 8 0.399903 0.373961 0.0259426 20 4 18 4
10130 9772 358 10 0.399979 0.355941 0.0440371 21 3 18 3
10472 10350 122 20 0.299997 0.282486 0.0175111 15 9 14 9
10693 10425 268 6 0.299946 0.26419 0.0357562 14 10 13 10
10736 10488 248 15 0.599954 0.567108 0.0328453 13 11 12 10
11294 10949 345 17 0.599957 0.543133 0.0568242 19 5 14 3
11334 10880 454 11 0.399897 0.329771 0.0701256 15 11 14 10
11502 11167 335 5 0.499936 0.457499 0.042437 21 3 19 3
11797 11539 258 24 0.299925 0.266791 0.0331347 19 5 19 5
12084 11774 310 18 0.499892 0.458685 0.0412069 14 10 14 10
12170 11940 230 9 0.299905 0.26939 0.0305153 20 4 19 4
12821 11744 1077 22 0.799995 0.594251 0.205744 21 2 10 0
13311 13109 202 21 0.399989 0.374939 0.0250497 15 10 12 8
13368 11182 2186 7 0.699938 0.427015 0.272923 15 9 12 7
13526 13321 205 0 0.399892 0.372992 0.0269006 20 4 19 3
13691 12080 1611 23 0.499982 0.201993 0.297989 18 6 15 6
14546 14091 455 13 0.299972 0.239613 0.0603595 17 9 16 7
14835 14778 57 17 0.793146 0.784974 0.00817193 19 5 10 4
15348 15093 255 8 0.699924 0.660298 0.039626 15 9 12 9
15373 15120 253 1 0.399844 0.367435 0.0324089 14 10 13 9
15800 15560 240 15 0.599964 0.56706 0.0329045 16 8 14 6
15834 15618 216 19 0.399963 0.369923 0.0300396 19 5 19 5
15957 15558 399 3 0.499818 0.449981 0.0498372 20 4 17 4
16229 15809 420 12 0.299932 0.248455 0.0514768 13 11 13 11
16370 16156 214 4 0.299918 0.272781 0.0271367 13 11 12 11
16516 16065 451 14 0.399974 0.341776 0.0581975 20 4 16 4
16524 16266 258 2 0.499826 0.465693 0.034133 18 6 17 6
16947 16729 218 20 0.599971 0.572216 0.0277556 18 6 15 5
17062 16855 207 22 0.69992 0.669474 0.030446 21 3 15 3
17073 16865 208 16 0.299935 0.27159 0.0283449 15 9 15 8
17575 17234 341 10 0.399875 0.358685 0.0411898 17 7 15 7
17784 17637 147 6 0.499982 0.478618 0.0213639 18 6 15 5
18267 18160 107 18 0.4999 0.485083 0.0148169 11 13 9 12
18294 18161 133 11 0.499987 0.481632 0.0183551 15 11 12 9
18314 18154 160 17 0.699966 0.680555 0.0194114 17 7 9 3
18770 18437 333 5 0.399898 0.358852 0.0410462 17 7 16 7
19311 18903 408 24 0.499973 0.439977 0.059996 14 10 13 9
20246 19961 285 9 0.399954 0.36219 0.0377642 19 5 11 4
20304 20028 276 19 0.799956 0.7604 0.0395559 19 5 11 3
20368 20103 265 23 0.599841 0.562374 0.0374675 20 4 12 3
20407 20339 68 1 0.699999 0.691449 0.00855009 17 7 12 4
20582 20455 127 21 0.39993 0.383779 0.016151 17 8 16 5
20733 20477 256 3 0.699965 0.664996 0.0349692 14 10 9 8
21117 20914 203 12 0.799795 0.776257 0.0235378 19 5 12 3
21366 21284 82 7 0.299932 0.287092 0.0128397 22 2 22 2
21794 21720 74 0 0.299991 0.290424 0.00956769 19 5 19 5
21825 21592 233 15 0.499999 0.471464 0.0285347 21 3 18 3
21888 21515 373 8 0.399851 0.351957 0.0478947 18 6 18 5
22477 22351 126 13 0.39991 0.383536 0.0163744 23 3 20 2
23115 22868 247 17 0.599972 0.570314 0.0296581 18 6 17 6
23327 23196 131 16 0.599916 0.583051 0.0168652 17 7 14 4
23556 23503 53 18 0.599818 0.591838 0.00797949 19 5 19 5
23581 23404 177 20 0.399938 0.378145 0.0217938 20 4 20 4
23646 23484 162 2 0.399897 0.380057 0.0198402 19 5 18 5
23877 23628 249 19 0.699925 0.668731 0.0311935 18 6 16 4
23891 23777 114 6 0.499868 0.484027 0.0158408 14 10 11 9
24035 23982 53 22 0.299959 0.292344 0.00761447 22 2 22 1
24113 23967 146 14 0.399797 0.378268 0.0215285 15 9 15 8
24215 24055 160 24 0.699929 0.677182 0.0227469 18 6 13 3
24431 24165 266 4 0.399932 0.367571 0.0323608 16 8 15 8
24508 24313 195 11 0.499957 0.476924 0.0230324 16 10 15 7
24806 24577 229 3 0.699936 0.671106 0.0288299 21 3 19 2
25423 25001 422 10 0.399901 0.344879 0.055022 18 6 18 6
25474 25252 222 12 0.599992 0.572252 0.0277402 17 7 13 7
25857 25696 161 1 0.499977 0.478972 0.0210055 22 2 20 2
25868 25532 336 5 0.499984 0.45095 0.0490345 17 7 16 7
27131 27040 91 23 0.399989 0.390011 0.00997793 22 2 17 2
27293 26873 420 9 0.49999 0.444535 0.0554547 19 5 16 4
27890 27836 54 8 0.599905 0.59234 0.0075646 19 5 16 5
28001 27693 308 22 0.899959 0.864518 0.0354404 24 0 8 0
28024 27746 278 2 0.799934 0.762885 0.0370489 20 4 12 1
28128 27901 227 24 0.699894 0.668951 0.0309429 20 4 15 4
28177 27845 332 21 0.399922 0.359583 0.0403382 17 7 17 6
28260 28075 185 17 0.599982 0.57364 0.0263418 18 6 17 6
28468 28229 239 16 0.599988 0.568661 0.0313275 17 7 12 2
28869 28688 181 15 0.399924 0.378944 0.0209805 20 4 19 4
29055 28951 104 13 0.499929 0.487454 0.012475 21 5 17 4
29269 29145 124 18 0.499976 0.483883 0.0160935 23 1 21 1
29427 29329 98 4 0.699972 0.68757 0.0124016 17 7 15 7
29589 29436 153 20 0.59994 0.581378 0.0185618 19 5 15 4
29903 29761 142 7 0.299994 0.280158 0.0198366 18 6 18 6
