1612 1444 168 6 0.799836 0.778288 0.0215484 21 0 21 0
1622 1536 86 11 0.799967 0.789408 0.0105589 14 1 14 1
1623 1451 172 5 0.799905 0.778002 0.021903 16 0 16 0
1696 1426 270 22 0.79997 0.767452 0.0325183 10 0 10 0
1857 1486 371 2 0.799971 0.752411 0.0475595 18 0 18 0
1886 1551 335 24 0.799958 0.755407 0.0445507 19 0 19 0
2339 2230 109 4 0.699971 0.685618 0.0143537 14 3 14 3
2425 2364 61 17 0.699982 0.691903 0.00807973 17 3 17 3
2566 2478 88 12 0.668227 0.65348 0.0147466 19 1 19 1
3153 3070 83 19 0.599986 0.588452 0.0115333 18 5 18 5
3167 3064 103 8 0.599923 0.588253 0.0116692 17 3 17 3
3256 2906 350 14 0.599793 0.554832 0.0449603 19 3 19 3
3274 3058 216 1 0.599931 0.570475 0.0294552 18 4 18 3
3432 3119 313 16 0.599914 0.561122 0.0387923 17 4 17 4
3531 3014 517 15 0.599803 0.521667 0.0781356 18 3 18 3
4043 3774 269 23 0.499981 0.46636 0.0336214 19 3 19 3
4119 3839 280 20 0.499977 0.464711 0.035266 17 5 17 5
4147 3928 219 0 0.499951 0.471279 0.0286723 21 3 21 3
4202 3837 365 18 0.499961 0.45305 0.0469107 16 7 16 7
4544 4246 298 22 0.799909 0.763475 0.0364334 13 2 8 2
4711 4628 83 10 0.399907 0.390513 0.00939401 21 1 21 1
5190 4685 505 7 0.399813 0.322793 0.0770201 13 11 13 10
5319 5214 105 9 0.29995 0.28597 0.01398 15 8 15 8
5356 5252 104 13 0.296592 0.28015 0.0164415 13 11 13 11
5585 5393 192 21 0.299955 0.276852 0.0231029 14 10 14 10
5765 5466 299 3 0.299965 0.255429 0.0445355 14 10 14 10
5831 5746 85 11 0.599933 0.587998 0.0119348 15 8 13 8
6629 6494 135 5 0.499952 0.483307 0.0166448 16 7 13 7
6709 6445 264 12 0.699908 0.668022 0.031886 16 6 10 6
7402 7211 191 20 0.899835 0.871555 0.0282799 20 3 9 0
7765 7617 148 2 0.399976 0.380879 0.0190967 18 5 16 5
7939 7710 229 17 0.499981 0.4715 0.0284814 15 9 12 8
8115 7344 771 6 0.399964 0.297956 0.102008 21 2 21 2
8341 8185 156 1 0.59997 0.581918 0.0180518 20 3 14 3
8475 8029 446 19 0.599938 0.540684 0.0592536 18 6 14 4
8626 8506 120 4 0.399795 0.383863 0.0159322 17 7 17 6
8669 8294 375 24 0.299973 0.253023 0.0469501 15 9 14 9
8986 8737 249 8 0.49997 0.470308 0.0296614 17 5 14 5
9314 9019 295 14 0.499998 0.460202 0.0397956 15 9 12 8
9407 9304 103 15 0.499911 0.483931 0.0159805 16 8 14 7
9572 9212 360 16 0.499835 0.456702 0.0431329 20 3 19 3
9599 9312 287 22 0.49992 0.464369 0.0355518 16 6 16 6
9847 9465 382 23 0.599984 0.548681 0.0513035 19 4 16 4
11247 11090 157 18 0.399915 0.376492 0.0234233 16 8 16 8
11631 11556 75 13 0.599949 0.590204 0.00974553 18 6 15 6
11715 11477 238 9 0.599962 0.568113 0.0318488 16 8 15 7
11924 11739 185 21 0.59994 0.575562 0.0243783 17 7 14 3
11948 11895 53 20 0.499863 0.49242 0.00744368 15 9 12 8
11957 11888 69 5 0.599934 0.589425 0.0105088 15 9 13 9
11995 11761 234 0 0.299979 0.266427 0.0335513 14 10 13 8
12384 12043 341 12 0.499952 0.458821 0.041131 18 5 13 4
12542 12227 315 11 0.399906 0.360158 0.0397474 19 5 18 5
12676 12555 121 6 0.799901 0.783746 0.0161553 22 1 11 1
12842 12615 227 2 0.699767 0.668226 0.0315415 16 8 15 6
12917 12718 199 10 0.29997 0.273594 0.0263759 17 7 16 7
13631 13440 191 7 0.299967 0.275228 0.0247392 20 5 19 4
13957 13590 367 3 0.39995 0.355526 0.0444239 18 6 17 6
14365 14196 169 16 0.699942 0.678704 0.0212382 21 2 17 2
14638 14344 294 19 0.499904 0.462298 0.037606 19 5 18 5
15086 14789 297 1 0.399945 0.364471 0.0354741 18 6 17 5
15226 15131 95 4 0.499891 0.484693 0.0151985 21 3 21 3
15580 15355 225 15 0.4999 0.472596 0.027304 18 6 15 4
15815 15762 53 9 0.699892 0.693071 0.00682093 17 7 15 6
15825 15575 250 17 0.29997 0.263848 0.0361218 20 4 19 4
16023 15968 55 6 0.7 0.691838 0.00816171 18 6 16 5
16051 15683 368 13 0.699837 0.654524 0.0453134 19 5 15 4
16281 16037 244 5 0.699952 0.669264 0.030688 15 9 13 5
16514 16205 309 14 0.399997 0.361678 0.0383189 18 6 18 6
16714 16365 349 23 0.39997 0.353051 0.0469195 20 4 17 4
17101 16747 354 8 0.299941 0.257149 0.0427914 19 5 19 5
17374 17277 97 22 0.299979 0.285235 0.014744 15 9 15 9
17510 17365 145 24 0.299922 0.281491 0.0184302 18 6 17 5
18003 17722 281 18 0.499927 0.463575 0.0363522 17 7 16 6
18480 18254 226 2 0.499931 0.471099 0.0288319 18 6 15 5
18482 18255 227 11 0.599931 0.572445 0.0274855 17 7 13 7
18613 18340 273 19 0.799963 0.764068 0.0358954 20 4 14 3
18735 18392 343 21 0.399896 0.356553 0.0433431 20 4 19 4
19173 19008 165 16 0.599996 0.579156 0.0208401 18 6 14 6
19652 19438 214 9 0.699941 0.667287 0.0326543 18 6 14 6
19811 19679 132 0 0.399938 0.37932 0.0206187 14 10 13 9
19847 19551 296 20 0.299968 0.261101 0.0388669 20 4 20 4
20109 20014 95 15 0.699926 0.688258 0.0116677 17 7 13 4
20507 20236 271 12 0.299907 0.269404 0.0305023 17 7 17 7
20741 20575 166 3 0.499933 0.479103 0.0208308 17 7 16 7
20825 20473 352 4 0.599942 0.555879 0.0440627 18 6 14 5
20976 20661 315 10 0.399986 0.361937 0.0380485 15 9 13 9
22131 21880 251 6 0.399984 0.368571 0.0314128 20 4 18 4
22363 22249 114 14 0.599928 0.58527 0.0146579 17 7 14 6
22395 22000 395 17 0.599895 0.544121 0.0557743 22 2 18 2
22448 22339 109 5 0.399891 0.38464 0.0152507 18 6 17 5
22451 22277 174 1 0.399967 0.374175 0.025792 17 7 17 6
22511 22158 353 13 0.399935 0.350284 0.0496511 17 7 17 7
22516 22142 374 7 0.299895 0.250927 0.0489673 15 10 13 8
23003 22663 340 11 0.69988 0.659909 0.0399715 16 8 12 8
23342 23217 125 8 0.599997 0.585758 0.0142391 18 6 14 5
23570 23398 172 18 0.599892 0.576689 0.0232026 17 7 15 7
24438 23621 817 3 0.899984 0.810339 0.0896441 18 6 8 2
24468 24233 235 24 0.499926 0.467546 0.0323805 16 8 14 6
24574 24492 82 15 0.599994 0.588512 0.0114817 21 3 17 2
24854 24801 53 22 0.399999 0.392608 0.00739078 12 12 12 11
24933 24492 441 20 0.799845 0.743673 0.0561721 16 8 12 6
25055 24880 175 23 0.299963 0.275255 0.0247086 19 5 18 5
25333 25244 89 19 0.299974 0.290193 0.00978111 17 7 17 7
25707 25335 372 21 0.499947 0.455248 0.0446994 16 8 15 8
26022 25729 293 9 0.399994 0.36468 0.0353138 16 8 16 8
26296 26156 140 2 0.299929 0.279294 0.0206346 18 6 15 6
26311 26008 303 10 0.69999 0.661781 0.0382092 20 4 16 2
26649 26559 90 16 0.299906 0.288887 0.0110194 19 5 18 5
27058 26701 357 17 0.699899 0.655826 0.0440734 18 6 14 6
27171 26756 415 3 0.799884 0.744059 0.0558245 21 3 12 3
27403 27333 70 5 0.699974 0.690667 0.00930611 19 5 16 5
27874 27564 310 4 0.399897 0.360824 0.0390731 18 6 18 6
27920 27640 280 11 0.599988 0.563619 0.036369 19 5 18 4
28162 27849 313 0 0.299968 0.262659 0.0373087 16 8 16 8
28171 27945 226 7 0.699979 0.672734 0.0272442 17 8 13 4
28327 28266 61 12 0.399983 0.388856 0.0111267 18 6 16 6
28550 28234 316 8 0.599946 0.561383 0.0385631 21 3 15 3
28691 28373 318 13 0.599971 0.554807 0.0451636 16 8 13 6
28703 28557 146 18 0.599968 0.576849 0.0231188 15 9 11 7
28806 28660 146 6 0.499962 0.479745 0.0202173 13 11 10 10
29132 28742 390 14 0.399983 0.351378 0.0486054 15 9 14 7
29258 28969 289 1 0.499995 0.466116 0.0338785 15 9 15 8
