883 726 157 15 0.899894 0.880046 0.0198479 17 3 16 1
1525 1472 53 19 0.799914 0.792387 0.00752777 16 1 16 1
1642 1475 167 6 0.799977 0.779015 0.0209616 15 0 15 0
1665 1502 163 21 0.799981 0.775639 0.0243426 17 0 17 0
1712 1465 247 10 0.799957 0.767728 0.0322287 14 0 14 0
1753 1504 249 14 0.799971 0.767385 0.0325862 19 0 19 0
2236 2183 53 16 0.699921 0.691721 0.00819995 18 2 18 2
2320 2207 113 23 0.6999 0.683415 0.0164845 13 2 13 2
2449 2252 197 24 0.699929 0.675334 0.0245946 19 3 18 2
2462 2191 271 13 0.699945 0.665172 0.0347723 18 1 18 1
2674 2241 433 1 0.699771 0.640346 0.0594249 20 2 20 2
3157 2902 255 4 0.599961 0.568856 0.0311046 16 6 16 6
3225 3053 172 0 0.599989 0.578757 0.0212316 19 3 19 3
3234 2915 319 11 0.59991 0.558477 0.0414324 14 8 14 8
3241 2949 292 8 0.599989 0.563819 0.03617 18 3 18 3
3262 3018 244 3 0.599948 0.570938 0.0290097 19 2 19 2
3337 2966 371 18 0.59993 0.550417 0.0495137 15 7 15 7
3451 3004 447 7 0.599861 0.541159 0.0587023 14 7 14 7
3578 2966 612 20 0.599912 0.521609 0.0783032 15 5 15 5
3824 3644 180 15 0.699943 0.676086 0.0238572 15 7 9 7
3863 3776 87 12 0.499921 0.487832 0.0120891 16 5 16 5
3983 3722 261 9 0.499927 0.467688 0.0322389 16 7 16 7
4002 3833 169 22 0.499939 0.479969 0.0199705 17 7 17 7
4545 4212 333 10 0.799955 0.761191 0.0387641 17 0 9 0
4857 4654 203 5 0.399924 0.373711 0.0262137 15 8 15 8
5291 5087 204 21 0.699967 0.675781 0.0241869 16 8 8 8
5549 5374 175 17 0.299988 0.279594 0.0203937 16 7 16 7
5580 5450 130 2 0.29996 0.281249 0.018711 17 7 17 7
6115 6043 72 23 0.699925 0.690952 0.0089733 19 2 11 2
6181 5944 237 16 0.699994 0.666054 0.0339401 19 2 8 2
7138 7054 84 13 0.599962 0.587096 0.0128657 20 3 18 3
7396 7104 292 19 0.399758 0.36217 0.0375883 16 7 15 7
7489 7276 213 0 0.699989 0.673833 0.0261557 22 1 17 1
8089 8025 64 6 0.299984 0.292213 0.00777119 19 4 19 4
8258 7921 337 10 0.699912 0.656436 0.0434759 18 4 15 4
8374 8186 188 18 0.599963 0.574942 0.025021 20 4 20 3
8469 8209 260 15 0.599864 0.566853 0.0330106 19 5 18 5
8539 8184 355 11 0.599896 0.555828 0.0440683 19 5 17 5
8583 8447 136 14 0.299971 0.281736 0.0182342 17 6 15 6
8701 8392 309 7 0.599965 0.56143 0.0385342 19 5 17 3
9069 8631 438 20 0.599961 0.546167 0.0537938 19 3 17 2
9156 8910 246 3 0.499997 0.467369 0.0326282 20 4 19 4
9277 9170 107 16 0.799827 0.787101 0.0127261 19 2 9 1
9293 9198 95 24 0.299891 0.288479 0.0114117 15 9 15 9
10028 9975 53 17 0.799925 0.791237 0.00868804 16 8 7 3
10074 9700 374 1 0.299949 0.250143 0.0498064 19 5 18 5
10132 9723 409 4 0.399911 0.343271 0.0566402 15 9 14 7
10722 10448 274 0 0.799965 0.76457 0.0353954 18 6 10 6
10767 10451 316 23 0.599936 0.559547 0.0403887 16 7 12 7
10783 10501 282 8 0.299944 0.263526 0.0364183 14 10 14 10
10879 10627 252 12 0.399918 0.367177 0.0327409 19 4 17 4
11440 10932 508 9 0.4 0.340327 0.0596733 16 8 14 7
11825 11601 224 22 0.299915 0.271447 0.0284688 15 11 14 10
12214 12157 57 21 0.29989 0.290729 0.00916078 18 6 16 5
12864 12560 304 20 0.799999 0.760922 0.0390776 19 5 8 4
13117 12796 321 13 0.499809 0.454091 0.045718 18 6 12 6
13228 13021 207 5 0.299983 0.269562 0.0304214 18 6 17 5
13437 13112 325 19 0.599927 0.557651 0.0422765 14 10 10 6
13498 12885 613 10 0.599938 0.487813 0.112125 19 5 13 4
13552 13350 202 18 0.599898 0.57119 0.0287073 19 5 15 5
13642 13453 189 15 0.599998 0.573007 0.0269916 18 6 12 5
14142 13754 388 3 0.699948 0.650246 0.0497013 19 5 17 4
14457 13989 468 2 0.299943 0.241004 0.0589383 18 6 18 6
14782 14347 435 11 0.49991 0.448043 0.0518677 13 11 12 11
15006 14765 241 17 0.499926 0.468517 0.0314089 17 7 16 5
15236 15036 200 23 0.699867 0.666512 0.0333551 19 5 12 4
15319 14938 381 6 0.499914 0.448489 0.0514247 17 7 16 7
15659 15200 459 14 0.499922 0.428429 0.0714935 16 8 13 8
16326 16176 150 7 0.299932 0.280797 0.019135 16 8 14 5
16428 15601 827 16 0.299896 0.165428 0.134468 15 9 15 9
16602 16265 337 20 0.699844 0.654292 0.0455517 21 3 13 3
16662 16382 280 22 0.799948 0.763365 0.0365834 18 8 11 2
17220 17167 53 0 0.299914 0.292982 0.00693173 16 8 15 8
17548 17415 133 12 0.499963 0.482887 0.0170763 18 6 17 6
17805 17277 528 9 0.599936 0.524871 0.0750655 16 8 13 8
17812 17544 268 21 0.699813 0.663396 0.0364162 16 8 13 7
18034 17814 220 8 0.499942 0.473455 0.0264867 16 8 14 7
18051 17830 221 24 0.299994 0.27237 0.0276244 20 4 20 4
18168 17884 284 1 0.39998 0.364801 0.0351793 17 7 15 7
18582 18282 300 4 0.299942 0.263604 0.0363384 17 7 16 7
18803 18750 53 5 0.675624 0.667252 0.0083726 16 8 6 4
19008 18647 361 15 0.599894 0.553221 0.0466727 15 9 11 8
19095 18770 325 10 0.599913 0.55824 0.0416728 19 5 19 5
19538 19177 361 19 0.5 0.453126 0.0468737 18 6 14 4
20182 20062 120 13 0.399979 0.383211 0.0167679 18 6 16 5
20215 20061 154 18 0.399985 0.378669 0.0213156 18 6 15 6
20581 20528 53 23 0.499922 0.492637 0.0072852 16 8 14 8
21051 20866 185 7 0.799775 0.774452 0.0253231 16 8 13 5
21116 20771 345 2 0.599959 0.555051 0.044908 18 6 16 6
21372 21205 167 17 0.499937 0.47726 0.0226763 16 8 13 7
21419 21171 248 3 0.299936 0.268796 0.0311399 18 6 15 6
21571 21301 270 12 0.799937 0.765642 0.034295 19 5 12 3
21936 21774 162 11 0.399895 0.37983 0.0200646 18 6 17 6
21952 21566 386 6 0.49989 0.448595 0.0512949 21 3 17 2
22085 21958 127 14 0.499939 0.484843 0.0150966 21 3 19 1
22207 22059 148 20 0.499946 0.478125 0.0218206 17 7 16 6
22303 22151 152 16 0.699944 0.680396 0.0195481 18 6 16 3
22735 22634 101 24 0.799913 0.78677 0.0131437 24 0 14 0
23238 23185 53 1 0.699942 0.692368 0.00757349 20 4 17 4
23357 23073 284 22 0.299882 0.265949 0.033933 17 9 16 8
23632 23256 376 21 0.499967 0.449197 0.05077 19 5 18 5
24317 24091 226 10 0.599857 0.571907 0.0279501 18 6 15 6
24339 23983 356 0 0.499966 0.452636 0.0473298 17 7 15 7
24483 24169 314 8 0.499894 0.458134 0.0417593 20 4 19 3
24864 24803 61 15 0.499937 0.491801 0.00813577 19 5 19 4
25318 25214 104 9 0.299826 0.283877 0.0159485 19 5 19 5
25353 25213 140 2 0.699944 0.67905 0.0208943 20 4 15 3
25953 25714 239 5 0.299954 0.273081 0.0268734 19 5 17 4
26067 25874 193 13 0.599904 0.574888 0.0250151 20 4 18 4
26095 25773 322 7 0.499774 0.458553 0.0412207 22 2 21 2
26739 26024 715 3 0.799966 0.718951 0.0810144 22 2 12 1
26899 26662 237 23 0.499965 0.469827 0.0301387 20 4 18 4
27060 26680 380 17 0.599895 0.548797 0.0510977 18 6 14 5
27119 26765 354 11 0.699918 0.636335 0.0635835 18 6 15 6
27431 27148 283 4 0.299951 0.264548 0.0354029 14 10 14 10
27517 27230 287 19 0.29997 0.261379 0.0385911 13 11 13 11
27600 27429 171 18 0.399976 0.373464 0.0265114 17 7 15 6
27782 27624 158 1 0.599962 0.577494 0.0224677 19 5 16 5
28411 28131 280 12 0.299875 0.262483 0.037392 21 3 21 3
28585 28321 264 24 0.399765 0.368949 0.0308162 21 3 19 3
28647 28413 234 16 0.399926 0.364256 0.0356695 16 8 15 8
29211 29082 129 21 0.599941 0.580608 0.0193327 13 11 10 10
29242 28956 286 14 0.399968 0.360327 0.0396408 18 6 18 6
29477 29235 242 20 0.399948 0.366764 0.0331845 14 10 14 10
