1480 1414 66 16 0.799914 0.791343 0.00857054 21 0 21 0
1505 1452 53 4 0.799956 0.793889 0.00606684 17 0 17 0
1585 1407 178 5 0.799905 0.776066 0.0238383 18 2 17 1
1726 1586 140 11 0.799949 0.780448 0.0195007 15 0 15 0
1795 1383 412 17 0.799965 0.744662 0.0553026 16 0 16 0
2333 2197 136 18 0.69993 0.683387 0.0165432 20 1 20 1
2440 2219 221 2 0.699985 0.673792 0.0261938 21 0 21 0
2506 2193 313 12 0.699948 0.663388 0.0365606 14 1 14 1
2522 2241 281 24 0.699927 0.662334 0.0375931 22 0 22 0
2934 2876 58 10 0.592189 0.585511 0.00667749 17 4 17 4
3056 2903 153 8 0.599974 0.579496 0.0204781 18 4 18 4
3202 2909 293 22 0.599912 0.565573 0.0343388 16 2 16 2
3263 2981 282 19 0.599903 0.563176 0.0367275 19 1 19 1
3318 3021 297 9 0.599895 0.560026 0.0398688 20 2 20 2
3414 3064 350 7 0.599974 0.558328 0.0416454 16 5 16 5
3956 3763 193 21 0.499964 0.472847 0.0271167 21 0 21 0
4025 3814 211 0 0.499992 0.47434 0.0256521 14 6 14 6
4060 3745 315 1 0.499829 0.456972 0.0428572 21 3 21 3
4753 4473 280 20 0.399898 0.365853 0.0340442 18 6 18 6
4817 4568 249 13 0.399921 0.366919 0.0330019 17 7 17 7
4829 4477 352 23 0.399946 0.353885 0.0460619 18 5 18 5
4850 4537 313 3 0.399845 0.361074 0.0387701 14 7 14 7
4964 4591 373 14 0.399922 0.353141 0.0467809 22 2 22 2
5586 5404 182 6 0.299974 0.274325 0.0256492 22 1 22 1
5593 5437 156 10 0.899956 0.878822 0.0211337 19 1 7 0
6239 5410 829 15 0.299904 0.190704 0.1092 19 5 19 5
6332 6200 132 4 0.499937 0.481891 0.0180462 19 4 16 4
6386 6076 310 17 0.599934 0.560075 0.0398589 16 7 14 7
6661 6321 340 16 0.499994 0.459536 0.0404571 20 4 18 4
6688 6450 238 5 0.499975 0.470178 0.0297974 14 10 14 10
6870 6652 218 11 0.499942 0.471132 0.0288099 17 6 17 6
7210 7054 156 24 0.599928 0.579832 0.0200965 18 6 15 6
7365 6975 390 2 0.599988 0.548958 0.0510294 18 6 13 6
8269 8203 66 19 0.599941 0.590901 0.00904028 15 9 10 9
8578 8479 99 7 0.599978 0.586497 0.0134804 15 9 12 8
8607 8440 167 10 0.699953 0.678265 0.0216881 18 4 14 3
8683 8380 303 9 0.599944 0.561261 0.0386832 18 6 12 6
8712 8469 243 18 0.399927 0.368606 0.0313203 17 5 16 5
8877 8543 334 1 0.699971 0.656156 0.0438151 15 9 9 6
9139 8974 165 22 0.499914 0.477723 0.0221911 17 6 14 5
9671 9475 196 12 0.299967 0.277305 0.0226617 15 9 15 9
9744 9406 338 0 0.599852 0.561132 0.0387204 15 8 14 8
10568 10507 61 8 0.277818 0.269322 0.00849644 18 6 17 6
10726 10673 53 23 0.599944 0.590399 0.00954513 21 3 18 1
10934 10859 75 21 0.399818 0.389745 0.0100728 19 4 14 4
10937 10668 269 13 0.599843 0.567035 0.0328073 20 4 15 3
11287 10815 472 4 0.699947 0.646547 0.0534003 18 6 14 4
11881 11664 217 6 0.599846 0.570772 0.0290733 17 7 13 7
11910 11549 361 14 0.499911 0.448525 0.0513856 21 3 20 3
11950 11613 337 3 0.499944 0.448901 0.0510431 19 5 16 3
11980 11901 79 24 0.588778 0.579925 0.00885264 20 4 17 4
12361 12090 271 5 0.599988 0.565718 0.0342704 19 5 16 3
12384 12098 286 17 0.499996 0.463634 0.0363618 20 4 16 4
12430 12272 158 11 0.599973 0.580365 0.0196079 17 6 13 4
13055 12782 273 16 0.499987 0.461375 0.0386118 22 2 20 2
13248 12948 300 20 0.299977 0.263364 0.0366133 17 7 16 7
14120 13900 220 2 0.399898 0.369218 0.0306807 14 10 14 10
14450 14284 166 15 0.39996 0.376117 0.0238437 18 6 17 6
14461 14168 293 7 0.499966 0.457724 0.0422413 15 9 15 8
14845 14766 79 10 0.399974 0.391197 0.00877661 15 9 15 9
15208 15044 164 1 0.39993 0.376663 0.0232674 17 7 17 6
15527 15426 101 19 0.299921 0.286024 0.0138978 17 7 16 7
15684 15421 263 23 0.599939 0.567166 0.0327723 20 4 16 4
15832 15577 255 0 0.499964 0.466993 0.0329711 19 5 19 5
15969 15805 164 13 0.599955 0.578096 0.0218598 22 2 16 2
16002 15872 130 8 0.699904 0.682345 0.017559 16 8 10 5
16025 15219 806 4 0.699969 0.568425 0.131544 17 7 10 6
16320 15957 363 12 0.599795 0.55382 0.0459745 17 7 13 3
16371 16127 244 9 0.299894 0.268563 0.0313313 20 4 19 3
16860 16648 212 21 0.599966 0.573237 0.0267289 19 5 14 5
16987 16860 127 24 0.599913 0.584373 0.01554 18 6 16 6
16993 16847 146 22 0.299998 0.282392 0.0176061 19 5 18 5
17153 16974 179 18 0.299926 0.27597 0.0239557 14 10 14 10
18532 18163 369 14 0.499932 0.45142 0.0485121 15 9 14 9
18691 18500 191 16 0.599899 0.573411 0.0264875 20 4 13 4
18861 18713 148 20 0.69992 0.679613 0.0203074 17 7 12 7
18995 18688 307 17 0.499982 0.458286 0.041696 17 7 14 6
19059 18780 279 10 0.799948 0.765435 0.0345137 15 9 8 3
19070 18878 192 3 0.399912 0.374663 0.0252493 21 3 16 3
19223 18905 318 5 0.399942 0.360159 0.0397836 20 4 20 4
19477 19181 296 6 0.299911 0.265158 0.0347536 14 10 13 9
19781 19613 168 11 0.299942 0.278686 0.0212556 18 6 18 6
19835 19627 208 0 0.799894 0.775732 0.0241613 18 6 10 3
20126 20017 109 19 0.799991 0.785523 0.0144673 18 6 12 3
20644 19933 711 2 0.599904 0.514046 0.085858 13 11 12 10
20903 20685 218 7 0.499909 0.472061 0.0278487 16 8 12 5
20903 20572 331 8 0.599897 0.560836 0.0390612 16 8 14 8
21198 20918 280 4 0.599924 0.565973 0.0339518 18 6 14 4
21596 21408 188 22 0.79989 0.776194 0.0236955 19 5 12 3
22799 22573 226 15 0.29988 0.270461 0.0294183 19 5 19 4
22869 22592 277 24 0.499965 0.465017 0.0349479 18 6 17 5
22992 22864 128 23 0.299968 0.280732 0.0192362 22 2 19 2
23476 23184 292 0 0.699907 0.662058 0.0378492 18 6 16 4
23514 23187 327 13 0.299893 0.256619 0.0432746 22 2 22 2
23554 23213 341 1 0.299922 0.257004 0.0429182 20 4 19 4
23602 23274 328 21 0.399893 0.357629 0.0422644 18 6 17 6
23926 23742 184 12 0.299921 0.278099 0.0218225 20 4 20 4
23944 23854 90 14 0.599847 0.586609 0.0132379 15 9 14 9
24621 24365 256 17 0.599954 0.568251 0.0317022 22 2 19 2
24675 24077 598 10 0.499955 0.420514 0.0794406 18 6 17 6
25048 24910 138 19 0.499961 0.481383 0.0185785 19 5 19 5
25085 24869 216 18 0.399976 0.371725 0.0282507 21 3 21 3
25097 24861 236 6 0.699934 0.668356 0.0315775 18 6 13 2
25285 24874 411 9 0.299973 0.245899 0.0540744 16 8 14 8
25349 25079 270 16 0.39994 0.368011 0.0319289 16 8 14 8
25365 25079 286 20 0.399821 0.362082 0.037739 19 5 14 5
26833 26607 226 2 0.499971 0.470954 0.0290173 17 7 16 6
26902 26314 588 7 0.599874 0.513126 0.0867481 17 7 14 6
27451 27058 393 3 0.299902 0.246344 0.0535578 15 9 14 9
27545 27456 89 8 0.399929 0.381805 0.0181238 13 11 11 11
27596 27430 166 11 0.399978 0.378354 0.0216238 18 6 16 6
27724 27592 132 4 0.399963 0.383369 0.016594 15 9 14 9
27752 27478 274 5 0.299907 0.258414 0.0414932 17 7 17 7
28204 27918 286 22 0.299946 0.263037 0.0369098 15 9 15 9
28470 28075 395 0 0.599989 0.548593 0.0513962 20 4 18 4
28929 28588 341 10 0.799914 0.755097 0.0448172 19 5 10 1
29855 29607 248 17 0.599915 0.566404 0.0335115 14 10 13 10
