836 656 180 2 0.899899 0.876255 0.023644 7 0 7 0
934 744 190 8 0.899783 0.874231 0.0255523 11 0 11 0
1551 1472 79 13 0.799967 0.78894 0.0110264 16 1 16 1
1643 1417 226 14 0.79989 0.769403 0.0304875 14 1 14 1
1755 1458 297 10 0.799944 0.760733 0.0392108 13 0 13 0
2395 2185 210 17 0.699913 0.672932 0.0269818 20 1 20 1
2469 2171 298 12 0.699821 0.66005 0.0397704 20 2 20 2
2522 2124 398 19 0.699892 0.645832 0.0540603 19 1 19 1
3091 3005 86 7 0.599932 0.588701 0.0112312 21 1 21 1
3127 2973 154 15 0.599943 0.581434 0.0185084 16 1 16 1
3167 3070 97 16 0.599988 0.587722 0.0122666 17 3 17 3
3198 2945 253 23 0.599927 0.570113 0.0298139 18 2 18 2
3256 3021 235 11 0.599939 0.573411 0.026528 20 1 20 1
3299 3071 228 3 0.599839 0.572317 0.0275217 17 4 17 4
3849 3794 55 22 0.499861 0.491848 0.00801329 15 2 15 2
3910 3775 135 6 0.499929 0.482484 0.0174445 18 4 18 4
3939 3723 216 2 0.69998 0.672129 0.0278513 16 4 15 4
4473 4206 267 14 0.799931 0.76551 0.0344216 17 3 14 3
4668 4541 127 20 0.399898 0.382566 0.0173326 17 5 17 5
4694 4563 131 21 0.399898 0.384077 0.0158215 16 6 16 6
4710 4625 85 18 0.399983 0.388132 0.0118505 19 5 19 5
4731 4523 208 0 0.39998 0.369168 0.0308117 20 3 20 3
4740 4557 183 1 0.399987 0.37355 0.0264369 22 1 22 1
4832 4660 172 9 0.3999 0.378269 0.021631 16 8 16 8
4944 4576 368 4 0.399897 0.354461 0.0454356 21 2 21 2
5518 5352 166 8 0.499931 0.473833 0.0260983 17 7 16 7
5612 5290 322 5 0.299934 0.257869 0.0420645 16 6 16 6
5704 5363 341 24 0.299954 0.258837 0.0411175 18 6 18 6
7552 7417 135 3 0.699959 0.683414 0.0165451 15 9 12 8
8149 7296 853 23 0.699996 0.602772 0.0972246 21 3 13 3
8154 7775 379 12 0.499952 0.45159 0.0483622 18 8 14 6
8205 7826 379 15 0.599795 0.548904 0.0508915 19 5 14 5
8253 8020 233 13 0.29989 0.269734 0.0301566 22 2 22 2
8630 8239 391 10 0.299907 0.243961 0.0559461 17 7 17 7
9007 8862 145 7 0.499977 0.481104 0.0188731 19 5 17 5
9122 8738 384 19 0.399982 0.348302 0.0516801 15 9 13 9
9446 9069 377 11 0.499998 0.45176 0.0482379 18 5 14 5
9910 9633 277 0 0.699961 0.663282 0.0366795 18 6 15 5
10004 9277 727 17 0.29991 0.170006 0.129904 18 6 18 6
10407 10055 352 2 0.399902 0.355708 0.0441946 16 8 14 8
10567 10209 358 16 0.299902 0.248071 0.0518314 14 10 13 9
10615 9954 661 6 0.499916 0.400733 0.099183 16 8 15 8
11297 10921 376 8 0.599932 0.550729 0.0492028 20 4 16 3
11569 11361 208 22 0.299903 0.271646 0.0282576 17 7 16 7
11648 11495 153 4 0.499923 0.477825 0.0220974 12 12 12 12
11777 10499 1278 1 0.599937 0.382801 0.217136 16 8 14 8
12017 10058 1959 14 0.399947 0.0995591 0.300388 18 6 17 6
12577 12324 253 9 0.399908 0.367461 0.0324467 21 3 17 3
12773 12626 147 5 0.499919 0.478865 0.0210542 16 7 14 6
12866 12766 100 20 0.299889 0.287912 0.0119768 19 5 17 5
12920 12705 215 18 0.299864 0.272449 0.0274155 18 6 18 6
13133 12845 288 3 0.499896 0.461345 0.0385508 15 9 14 8
13143 12756 387 21 0.299932 0.245739 0.0541931 14 9 14 9
13518 13372 146 24 0.39998 0.380626 0.0193543 15 9 13 9
14614 14512 102 23 0.399948 0.385728 0.0142201 18 6 16 6
15084 14631 453 2 0.79991 0.739607 0.0603022 18 6 8 3
15366 15156 210 12 0.399966 0.370438 0.0295276 14 12 12 10
15404 15204 200 7 0.49996 0.475135 0.024825 19 5 15 5
16035 15798 237 15 0.299978 0.266105 0.0338731 17 7 15 6
16055 15991 64 0 0.399903 0.392632 0.00727046 18 6 14 6
16375 16146 229 4 0.699999 0.662715 0.0372841 14 10 5 3
16683 16424 259 6 0.599774 0.565729 0.0340449 16 8 14 6
16683 16630 53 10 0.39988 0.390987 0.00889306 18 6 17 6
16853 16522 331 11 0.399934 0.357299 0.0426347 14 10 14 10
16884 16831 53 13 0.299892 0.293006 0.0068861 16 8 16 8
17015 16694 321 19 0.399895 0.358769 0.0411264 14 10 11 10
17608 17529 79 1 0.599942 0.589126 0.0108158 17 7 15 4
17726 17524 202 9 0.699793 0.676939 0.0228532 18 6 13 5
18022 17661 361 16 0.499932 0.45079 0.0491419 16 8 14 6
18066 17776 290 22 0.599994 0.56408 0.035914 21 3 16 3
18104 17813 291 8 0.399924 0.365316 0.0346072 16 8 14 8
18255 18131 124 14 0.69991 0.682395 0.0175152 17 7 14 4
18793 18562 231 3 0.599972 0.569845 0.0301263 21 3 17 1
18935 18630 305 2 0.69986 0.661713 0.0381474 16 8 10 6
19015 18669 346 23 0.799963 0.758313 0.0416501 18 6 11 4
19732 19367 365 21 0.599794 0.553795 0.0459997 17 7 13 7
19977 19682 295 5 0.399901 0.361089 0.0388121 18 6 18 6
20009 18996 1013 17 0.299799 0.12293 0.17687 15 9 14 8
20414 20175 239 0 0.799986 0.770685 0.0293015 19 5 12 4
20865 20525 340 20 0.399943 0.356047 0.0438958 16 8 13 8
20909 20519 390 18 0.399795 0.350991 0.0488042 15 9 13 9
21078 20931 147 4 0.599825 0.580713 0.0191123 19 5 16 5
21797 21585 212 24 0.299919 0.269328 0.0305913 17 7 17 6
22210 21940 270 14 0.699827 0.665771 0.0340561 20 4 18 3
22252 21920 332 12 0.499973 0.456732 0.0432411 19 7 17 5
22573 22179 394 9 0.599936 0.55122 0.048716 17 7 15 7
22647 22290 357 8 0.799994 0.750932 0.0490619 22 2 15 1
22668 22348 320 23 0.699951 0.660907 0.0390443 21 3 13 1
22717 22425 292 1 0.599967 0.565283 0.0346839 21 3 17 2
23250 23060 190 7 0.299999 0.274765 0.0252343 17 7 17 7
23290 23041 249 10 0.499986 0.470203 0.029783 20 4 19 4
23307 23000 307 22 0.599906 0.556632 0.0432734 18 6 15 6
24447 24050 397 6 0.299798 0.247753 0.0520453 16 8 16 7
24845 24755 90 21 0.599976 0.58883 0.0111459 18 6 14 3
24919 24546 373 15 0.299896 0.248461 0.0514347 20 4 18 4
25181 24997 184 5 0.699914 0.672769 0.0271449 21 3 15 2
25194 25087 107 19 0.299996 0.286555 0.0134414 17 7 17 6
25457 25045 412 11 0.299984 0.241993 0.0579909 17 7 16 7
25563 25252 311 13 0.299953 0.25821 0.041743 16 8 16 8
25600 25345 255 3 0.399967 0.367252 0.0327142 19 5 17 5
26076 25856 220 2 0.299957 0.270733 0.0292239 22 2 21 2
26113 25783 330 16 0.299934 0.259905 0.0400292 20 4 20 4
26303 25944 359 17 0.699925 0.653973 0.0459525 18 6 16 2
26722 26546 176 20 0.59977 0.575133 0.0246373 17 7 12 6
26843 26716 127 22 0.799816 0.780827 0.018989 18 6 14 4
26959 26809 150 8 0.599959 0.578956 0.021003 19 5 14 5
26996 26813 183 0 0.299925 0.276485 0.0234403 16 8 16 8
28273 28197 76 9 0.499843 0.487561 0.0122814 10 14 9 12
28299 28191 108 4 0.299902 0.282729 0.0171726 17 7 16 7
28550 28402 148 18 0.399988 0.379507 0.0204816 18 6 17 4
29047 28898 149 5 0.699961 0.681007 0.0189534 20 4 15 4
29100 28798 302 24 0.499936 0.458699 0.0412366 17 7 16 6
29183 29065 118 14 0.299965 0.283638 0.0163269 16 8 16 8
29625 29295 330 22 0.799886 0.755619 0.0442676 21 3 16 2
29929 29731 198 23 0.299952 0.272581 0.0273713 12 12 12 12
