813 737 76 1 0.899872 0.888935 0.0109371 11 0 11 0
819 719 100 6 0.899937 0.88732 0.0126171 11 0 11 0
1556 1495 61 21 0.799851 0.790516 0.00933476 11 0 11 0
1596 1452 144 0 0.799948 0.783979 0.0159689 16 1 16 1
1658 1497 161 18 0.799783 0.779277 0.0205057 14 0 14 0
1782 1541 241 24 0.799941 0.77053 0.0294104 13 2 13 1
1801 1514 287 19 0.799993 0.760397 0.0395961 18 2 16 3
2407 2354 53 14 0.699997 0.691726 0.00827069 21 0 21 0
2449 2323 126 10 0.699988 0.686137 0.0138511 16 2 15 1
2465 2304 161 13 0.699948 0.680301 0.0196472 20 2 20 2
2531 2478 53 3 0.68185 0.673357 0.00849356 20 0 20 0
2659 2309 350 15 0.699928 0.655489 0.0444392 18 3 18 3
2889 2835 54 6 0.799916 0.792747 0.0071696 19 2 16 2
3123 2901 222 16 0.59998 0.56962 0.0303608 16 2 16 2
3214 3045 169 17 0.59994 0.578099 0.0218401 18 1 18 1
3270 3028 242 9 0.59989 0.569429 0.030461 17 5 17 5
3360 2945 415 5 0.599961 0.542995 0.056966 18 6 18 6
3899 3826 73 12 0.499898 0.489751 0.0101473 19 3 19 3
4328 4150 178 18 0.79993 0.776655 0.0232747 16 6 12 6
4636 4443 193 14 0.899947 0.875983 0.0239645 22 0 8 0
4780 4479 301 8 0.399895 0.363221 0.0366745 20 1 20 1
4975 4726 249 11 0.399893 0.370969 0.0289239 18 4 18 4
5406 5353 53 2 0.299819 0.292912 0.0069069 18 6 18 6
5548 5278 270 1 0.499921 0.462853 0.0370676 20 3 18 3
5619 5301 318 23 0.299769 0.260877 0.0388917 21 2 21 2
5644 5508 136 20 0.299974 0.282759 0.017215 22 1 22 1
5656 5405 251 22 0.299947 0.267664 0.032283 22 2 22 2
5707 5390 317 4 0.299984 0.260865 0.0391189 16 9 16 9
5708 5535 173 7 0.299996 0.277754 0.0222422 19 6 19 5
6359 6131 228 10 0.699974 0.671373 0.0286009 19 5 12 4
6595 6412 183 0 0.499967 0.474301 0.0256659 19 5 16 5
6718 6375 343 21 0.499896 0.454351 0.0455447 18 6 16 6
6884 6658 226 9 0.799914 0.771331 0.0285831 20 3 10 2
6998 6777 221 24 0.499908 0.473135 0.0267735 21 3 20 3
7759 7548 211 19 0.399897 0.375401 0.0244955 15 9 14 9
7950 7623 327 18 0.699913 0.65941 0.0405032 17 6 12 5
8049 7625 424 6 0.499989 0.443564 0.0564247 18 5 15 5
8100 7770 330 13 0.499975 0.453999 0.0459767 10 13 9 13
8272 8002 270 15 0.499924 0.462183 0.0377408 15 9 14 9
9440 9331 109 5 0.499941 0.485347 0.0145934 14 10 12 9
9545 9260 285 3 0.299908 0.263147 0.0367608 17 7 17 7
9925 9707 218 16 0.399936 0.372665 0.0272707 15 6 14 6
10042 9956 86 12 0.499919 0.488005 0.0119142 18 6 9 4
10052 9985 67 1 0.699971 0.690823 0.0091484 17 6 8 4
10095 9852 243 2 0.799903 0.767713 0.0321894 20 4 14 2
10494 10410 84 9 0.669378 0.657317 0.0120612 19 4 11 2
10821 10514 307 17 0.299894 0.257311 0.0425825 16 8 15 8
10980 10773 207 14 0.299953 0.270258 0.0296955 19 5 17 5
11433 11080 353 0 0.699903 0.65538 0.0445223 18 6 10 3
11756 11370 386 8 0.49998 0.448822 0.0511573 21 3 19 2
11924 11805 119 18 0.699948 0.683321 0.016627 16 8 12 8
12142 11852 290 7 0.599985 0.564556 0.0354294 17 8 15 6
12164 11823 341 22 0.599949 0.556793 0.043156 18 6 15 6
12202 12148 54 21 0.599836 0.59297 0.00686596 12 12 10 11
12716 12448 268 10 0.399918 0.367331 0.0325872 18 6 17 6
12858 12611 247 20 0.499984 0.468889 0.0310948 14 10 14 10
12911 12628 283 4 0.499945 0.466776 0.0331689 19 5 18 4
12916 12738 178 13 0.699913 0.678207 0.021706 15 8 11 6
13406 13119 287 11 0.299948 0.263546 0.0364024 15 9 15 9
13798 13745 53 1 0.699883 0.69217 0.00771358 14 10 12 8
14226 13939 287 24 0.399821 0.361382 0.0384392 22 2 18 2
14335 14156 179 23 0.299928 0.277364 0.0225636 17 7 17 7
14764 14435 329 15 0.499914 0.455266 0.0446476 18 6 17 6
15449 15197 252 0 0.699947 0.66703 0.032917 21 3 17 3
15843 15790 53 2 0.399985 0.391283 0.00870213 20 4 17 3
16068 15697 371 6 0.299947 0.25135 0.0485972 19 5 19 5
16106 15754 352 19 0.299913 0.257114 0.0427984 19 5 19 4
16198 16022 176 12 0.499977 0.474544 0.025433 17 7 15 6
16522 16276 246 21 0.69997 0.666953 0.0330173 21 3 18 2
16632 16355 277 5 0.399923 0.36636 0.0335637 16 8 14 8
17085 17015 70 16 0.399932 0.389468 0.0104641 20 4 19 4
17180 17090 90 14 0.599924 0.58819 0.0117331 20 4 18 2
17331 17009 322 7 0.599917 0.560891 0.0390268 19 6 16 3
17366 17095 271 22 0.59993 0.564432 0.0354973 17 7 14 7
17422 17211 211 18 0.499907 0.473996 0.0259113 19 5 18 5
17697 17394 303 9 0.299957 0.258978 0.0409787 19 5 19 5
18124 17890 234 17 0.499895 0.467139 0.0327561 18 6 17 6
18195 17916 279 3 0.299962 0.262337 0.0376252 15 9 15 9
18722 18490 232 24 0.799908 0.769705 0.0302031 18 6 10 4
19267 18983 284 13 0.399853 0.36296 0.0368933 14 10 13 10
19867 19743 124 8 0.299967 0.284261 0.0157054 15 9 15 9
20045 19886 159 4 0.399957 0.377675 0.0222818 19 5 17 5
20154 19937 217 19 0.899946 0.869942 0.030004 21 3 6 0
20188 19842 346 20 0.39999 0.355999 0.0439911 16 8 16 7
20288 20201 87 10 0.399998 0.386906 0.0130927 20 4 19 4
20672 20338 334 11 0.499983 0.45452 0.045463 17 7 12 6
20694 20513 181 2 0.699799 0.676351 0.023448 20 4 14 4
20861 20601 260 1 0.299919 0.265236 0.034683 21 3 21 2
21100 20962 138 15 0.499981 0.481674 0.0183073 17 7 16 7
21553 21482 71 6 0.699814 0.689665 0.0101485 19 5 12 3
21925 21573 352 22 0.699862 0.654467 0.0453954 18 6 14 5
22217 22079 138 18 0.699922 0.681143 0.0187797 18 6 12 4
22337 22063 274 23 0.3998 0.364425 0.035375 22 2 21 2
22529 22413 116 0 0.299955 0.283325 0.0166301 19 5 19 5
23010 22772 238 16 0.599989 0.568166 0.031823 15 9 11 9
23120 22781 339 14 0.499938 0.454033 0.0459056 21 3 18 3
23340 23155 185 7 0.499896 0.478695 0.0212014 17 8 15 7
23380 23012 368 12 0.399992 0.356133 0.0438587 19 5 18 5
23584 23054 530 19 0.699896 0.634315 0.0655814 14 10 10 8
23765 23557 208 21 0.29997 0.272525 0.027445 17 7 17 7
23813 23717 96 2 0.799944 0.786314 0.0136303 19 5 11 4
24559 24452 107 24 0.399908 0.387092 0.0128157 20 4 20 4
24763 24690 73 9 0.499965 0.487683 0.0122826 14 10 12 9
24883 24779 104 5 0.299974 0.284213 0.0157609 20 4 20 4
25281 24989 292 18 0.799904 0.759825 0.0400793 20 4 10 4
25371 25200 171 6 0.699911 0.676188 0.0237235 21 3 12 3
25452 25131 321 17 0.399988 0.361253 0.0387346 16 8 16 7
25549 25190 359 3 0.499766 0.457416 0.0423503 15 9 15 9
25551 25454 97 1 0.79997 0.785653 0.0143174 18 6 11 5
26108 25978 130 10 0.599971 0.582613 0.0173582 16 8 14 7
26617 26325 292 16 0.79989 0.763468 0.0364225 17 7 10 3
26704 26651 53 8 0.499894 0.492792 0.00710197 14 10 14 9
27151 26915 236 11 0.499928 0.468929 0.0309992 19 5 18 5
27848 27571 277 20 0.399977 0.363617 0.0363603 16 8 15 8
27890 27520 370 13 0.299792 0.246423 0.053369 17 7 17 7
28088 27943 145 4 0.299854 0.279235 0.0206196 17 7 16 7
28774 28683 91 2 0.499918 0.487481 0.0124367 23 1 20 1
28952 28579 373 7 0.599915 0.54885 0.0510648 21 4 16 0
29140 28847 293 22 0.29997 0.26498 0.0349908 17 7 16 7
29241 28890 351 15 0.299922 0.256328 0.0435937 18 6 17 6
29283 28876 407 9 0.699962 0.645547 0.0544144 19 5 12 1
29297 28853 444 23 0.5 0.439617 0.0603829 19 5 17 4
29435 29125 310 14 0.499926 0.460586 0.0393398 22 2 16 2
29478 29290 188 24 0.699815 0.671322 0.0284931 21 3 17 1
29657 29502 155 0 0.499968 0.478021 0.0219462 18 6 15 3
