821 698 123 22 0.89994 0.882696 0.0172446 12 0 12 0
835 683 152 3 0.899923 0.878073 0.02185 11 0 11 0
1438 1346 92 23 0.799987 0.787496 0.012491 11 0 11 0
1567 1464 103 11 0.799989 0.786847 0.0131415 18 1 18 1
1594 1457 137 7 0.799905 0.779957 0.0199481 15 0 15 0
1829 1480 349 15 0.799982 0.758681 0.0413005 11 4 10 2
2073 2020 53 22 0.899993 0.892659 0.00733424 16 1 11 1
2333 2208 125 1 0.699925 0.683754 0.016171 18 4 18 4
2340 2225 115 10 0.699973 0.68498 0.014993 20 2 20 2
2358 2209 149 24 0.699891 0.680127 0.0197641 16 1 16 1
2385 2263 122 14 0.699995 0.683387 0.0166078 15 4 15 4
2395 2215 180 18 0.699816 0.675572 0.0242433 18 0 18 0
2436 2207 229 9 0.699955 0.671633 0.0283221 16 2 16 2
2471 2325 146 4 0.699924 0.679669 0.0202546 16 3 16 3
2559 2311 248 6 0.699995 0.66897 0.031025 18 1 18 1
3885 3786 99 5 0.499936 0.485262 0.0146736 18 2 18 2
4095 3792 303 16 0.499932 0.46392 0.036012 19 5 19 5
4329 3833 496 20 0.499911 0.436875 0.0630366 19 4 19 4
4395 4341 54 3 0.599878 0.592678 0.00719964 16 7 15 7
4586 4453 133 2 0.399977 0.384001 0.0159762 17 4 17 4
4652 4546 106 17 0.399977 0.385572 0.0144049 22 2 22 2
4703 4609 94 13 0.399925 0.386204 0.0137211 20 4 20 4
4787 4631 156 19 0.399921 0.382559 0.0173621 18 5 18 5
5032 4680 352 8 0.399921 0.354236 0.045685 21 3 21 3
5470 5211 259 10 0.799914 0.764572 0.0353421 23 1 11 1
5525 5470 55 23 0.599948 0.5921 0.00784831 14 10 13 10
5547 5198 349 21 0.299929 0.255775 0.0441534 23 1 23 1
5560 5372 188 12 0.299981 0.273743 0.0262377 18 3 18 3
5708 5540 168 11 0.59998 0.576771 0.023209 22 2 16 2
5760 5387 373 0 0.299801 0.255539 0.0442611 19 5 19 5
6215 6112 103 4 0.699935 0.684312 0.0156229 19 4 13 4
6357 5988 369 14 0.699992 0.653525 0.046467 17 4 14 3
6958 6868 90 18 0.599937 0.586212 0.0137253 19 4 14 4
7132 6879 253 1 0.599958 0.568068 0.0318907 13 11 9 10
7442 7066 376 9 0.59998 0.549426 0.0505536 17 8 12 7
7448 7176 272 6 0.599892 0.560689 0.0392029 15 8 12 8
7563 7197 366 22 0.399916 0.355357 0.0445586 17 7 15 7
7924 7570 354 15 0.399984 0.355664 0.0443208 17 5 17 5
8261 7937 324 7 0.29989 0.262494 0.037396 15 9 15 9
8819 8692 127 13 0.799925 0.783156 0.0167684 19 5 7 3
9334 8978 356 20 0.699952 0.656555 0.043397 15 9 9 7
9421 9122 299 24 0.29989 0.260789 0.0391018 16 8 15 8
9654 9525 129 16 0.599892 0.584443 0.0154494 19 5 12 3
10399 10325 74 10 0.499942 0.488612 0.0113297 20 4 18 4
10543 10421 122 0 0.799904 0.782793 0.0171112 19 5 14 3
10656 10294 362 2 0.599905 0.551187 0.0487181 16 8 13 7
11222 11167 55 19 0.499961 0.491697 0.00826409 18 6 17 6
11392 11128 264 17 0.499951 0.467021 0.0329298 21 3 20 3
11871 11653 218 9 0.699783 0.672099 0.0276842 20 4 15 1
11891 11531 360 3 0.299818 0.251336 0.0484819 19 5 18 5
11914 11787 127 21 0.599772 0.582051 0.0177208 20 4 15 3
11953 11694 259 18 0.599938 0.565123 0.0348147 18 6 16 6
12003 11570 433 5 0.299816 0.23946 0.0603561 19 5 18 5
12098 11999 99 13 0.699798 0.685312 0.014486 20 4 14 4
12120 11748 372 14 0.499906 0.451965 0.0479415 21 3 20 3
12386 12089 297 11 0.399893 0.360864 0.0390284 15 9 15 9
12609 12292 317 6 0.599989 0.561941 0.0380485 17 6 12 5
12721 12421 300 8 0.39993 0.364335 0.0355957 18 6 18 6
12834 12410 424 4 0.399949 0.345483 0.0544659 19 5 18 5
12939 12744 195 23 0.299939 0.271595 0.0283439 19 5 19 5
13026 12782 244 1 0.499989 0.470433 0.0295556 14 10 14 7
13678 13327 351 12 0.399955 0.357154 0.0428009 17 7 17 7
13683 13525 158 7 0.699976 0.678229 0.0217461 12 12 10 10
14090 13785 305 15 0.599973 0.562006 0.0379672 15 9 13 8
14223 13966 257 20 0.5999 0.567524 0.0323751 10 14 10 12
14579 14195 384 22 0.499944 0.453064 0.0468802 17 7 16 7
14742 14611 131 16 0.599901 0.583055 0.0168462 16 8 12 8
14992 14723 269 0 0.599925 0.565536 0.0343894 13 11 9 8
15522 15243 279 21 0.799966 0.763063 0.0369029 17 7 9 4
15914 15752 162 24 0.599833 0.576935 0.0228988 17 7 12 4
16005 15696 309 19 0.699964 0.660008 0.0399566 19 5 11 4
16356 15932 424 17 0.699892 0.645845 0.0540469 19 5 8 4
16623 16324 299 10 0.499906 0.461001 0.038905 19 5 14 4
16817 16477 340 9 0.599986 0.553882 0.0461043 18 6 15 4
16845 16527 318 13 0.599936 0.56072 0.0392162 16 8 13 8
17622 17485 137 14 0.599891 0.583113 0.0167782 22 2 16 2
17806 17613 193 20 0.79995 0.773373 0.0265773 16 8 12 3
18055 17682 373 8 0.699942 0.653902 0.0460399 21 3 16 2
18256 17992 264 2 0.299957 0.265732 0.034225 23 1 20 1
18470 18138 332 11 0.599974 0.558074 0.0419001 15 9 14 9
18770 18654 116 4 0.599964 0.585571 0.0143931 20 4 17 3
19054 18949 105 7 0.499938 0.485127 0.0148106 21 3 18 1
19125 18982 143 6 0.399909 0.379647 0.0202621 19 5 17 5
19172 19087 85 15 0.599899 0.588577 0.0113218 22 2 18 2
19212 19154 58 22 0.699924 0.693325 0.00659947 17 7 12 4
19500 19284 216 18 0.299942 0.272742 0.0272 20 4 19 4
20068 20014 54 1 0.399919 0.391527 0.0083914 16 8 15 8
20426 20340 86 3 0.299935 0.290195 0.00973978 18 6 18 6
20526 20346 180 16 0.499935 0.4753 0.0246346 21 3 18 3
20536 20266 270 17 0.699893 0.665594 0.0342996 21 3 13 3
20634 20566 68 19 0.599905 0.59095 0.00895587 19 5 11 5
20657 20422 235 5 0.299996 0.269635 0.0303613 17 7 17 7
21024 20692 332 23 0.399969 0.355842 0.0441273 22 2 20 2
21102 20846 256 14 0.79985 0.765826 0.034024 20 4 13 3
21146 20941 205 12 0.399914 0.375285 0.0246291 18 6 17 5
21309 21254 55 21 0.399953 0.391989 0.00796364 20 4 19 4
21945 21845 100 9 0.589959 0.571431 0.0185286 12 12 6 11
22019 21772 247 13 0.59981 0.568315 0.031495 16 8 10 6
22187 22080 107 10 0.599837 0.582324 0.0175127 11 13 9 13
22243 20722 1521 0 0.499906 0.322613 0.177293 14 10 14 9
22370 21531 839 24 0.499971 0.368099 0.131872 19 5 16 4
23011 22841 170 20 0.499995 0.477984 0.0220107 15 9 13 8
23923 23526 397 17 0.799931 0.743731 0.0562001 20 4 10 2
24273 24034 239 18 0.799766 0.767128 0.0326386 18 6 10 4
24567 24493 74 22 0.499993 0.491822 0.00817137 21 3 18 3
24738 24402 336 7 0.599993 0.559649 0.0403436 21 3 11 3
24985 24680 305 19 0.699908 0.66356 0.0363479 22 2 15 1
25360 25003 357 8 0.299938 0.253539 0.0463988 19 5 19 5
25436 25157 279 11 0.399996 0.359272 0.0407238 19 5 18 4
25496 25053 443 6 0.599984 0.534657 0.0653264 20 4 14 3
25559 25365 194 4 0.399932 0.374835 0.0250967 20 4 18 4
25979 25716 263 15 0.399941 0.368222 0.0317194 20 4 18 4
26193 26037 156 21 0.699923 0.679537 0.0203864 18 6 11 5
26245 26010 235 14 0.499911 0.470445 0.0294659 17 7 16 7
26796 26471 325 1 0.499964 0.460534 0.0394305 19 5 18 5
26964 26772 192 23 0.59996 0.574946 0.0250137 20 4 19 4
27023 26716 307 2 0.299991 0.262353 0.0376374 17 7 16 7
27783 27730 53 5 0.49992 0.493144 0.00677622 18 6 16 6
27927 27712 215 10 0.49992 0.473692 0.0262278 19 5 19 5
28331 28149 182 24 0.599928 0.575631 0.0242966 21 3 17 3
28380 27995 385 3 0.399941 0.354569 0.0453725 16 8 16 8
28433 28189 244 0 0.599991 0.570357 0.0296343 21 3 20 2
28803 28421 382 16 0.299906 0.247006 0.0529007 18 6 18 6
29435 29068 367 20 0.499929 0.452 0.047929 17 7 15 6
29471 29229 242 9 0.299983 0.264145 0.0358373 20 4 20 4
29472 29100 372 12 0.299948 0.252704 0.0472438 15 9 15 9
29475 29256 219 13 0.299901 0.270288 0.0296133 17 7 17 7
