802 746 56 9 0.899966 0.891864 0.008102 11 0 11 0
808 754 54 7 0.899982 0.892412 0.0075701 9 0 9 0
879 776 103 13 0.899979 0.887585 0.0123938 11 0 11 0
1517 1440 77 6 0.799894 0.790945 0.00894871 14 0 14 0
1552 1453 99 5 0.799987 0.788111 0.0118763 15 0 15 0
1713 1498 215 21 0.799933 0.773196 0.0267363 17 1 17 1
1781 1516 265 2 0.799979 0.762724 0.0372544 14 2 14 2
1785 1537 248 8 0.799982 0.765276 0.0347055 18 1 18 1
1805 1473 332 3 0.799964 0.754909 0.0450549 18 1 18 1
1859 1500 359 12 0.799987 0.752216 0.0477717 16 3 15 1
1902 1519 383 22 0.799952 0.747809 0.0521425 19 2 18 1
2278 2176 102 4 0.699897 0.683702 0.0161956 16 6 16 6
2372 2233 139 18 0.699939 0.682349 0.0175901 17 5 16 4
2393 2258 135 0 0.699951 0.680702 0.0192496 15 4 15 4
2423 2158 265 20 0.699924 0.667675 0.0322495 19 2 19 2
2526 2191 335 10 0.699892 0.656801 0.0430915 19 1 19 1
2560 2279 281 1 0.699809 0.667618 0.0321915 15 2 15 2
2628 2236 392 15 0.69995 0.649755 0.0501944 16 4 16 4
3174 3063 111 24 0.599935 0.583456 0.0164791 15 1 15 1
3247 2970 277 17 0.599935 0.565923 0.0340123 15 4 15 4
3464 3111 353 14 0.599984 0.553287 0.0466967 13 7 13 7
3831 3617 214 13 0.699975 0.671683 0.0282918 13 9 12 9
4066 3847 219 23 0.49993 0.4737 0.0262302 19 3 19 3
4083 3840 243 16 0.499875 0.464053 0.0358227 14 8 14 8
4159 3991 168 5 0.79996 0.779457 0.0205029 15 3 8 3
4986 4673 313 19 0.399979 0.359254 0.0407255 13 11 13 11
5016 4415 601 3 0.799997 0.721829 0.078168 17 5 10 4
5329 5156 173 2 0.699912 0.678241 0.0216712 18 4 14 4
5498 5273 225 0 0.799939 0.768797 0.0311419 18 4 13 4
5693 5425 268 11 0.299951 0.263421 0.0365295 17 6 17 6
5754 5557 197 10 0.799979 0.771301 0.0286788 18 5 11 5
6168 6032 136 7 0.399973 0.380976 0.0189965 18 5 18 5
6178 5861 317 9 0.399975 0.356879 0.0430956 21 2 18 2
6202 6149 53 22 0.599798 0.592247 0.00755148 18 5 14 5
6520 6446 74 6 0.488561 0.479076 0.00948449 20 4 14 4
6799 6612 187 17 0.799918 0.776012 0.0239062 18 5 10 3
7113 6793 320 4 0.599943 0.559844 0.0400996 19 4 14 2
7315 7239 76 15 0.599954 0.588684 0.01127 14 10 14 10
7449 7341 108 21 0.399994 0.384875 0.0151189 21 3 19 3
7543 7307 236 24 0.699949 0.669935 0.0300137 18 4 14 4
7648 7482 166 18 0.499936 0.481144 0.0187916 23 1 18 1
7777 7424 353 5 0.699969 0.655582 0.0443868 17 3 11 2
7812 7455 357 8 0.399827 0.355264 0.0445623 18 5 18 5
7821 7691 130 12 0.399892 0.382266 0.0176261 20 6 17 5
8519 8436 83 13 0.599926 0.588201 0.0117246 17 6 13 6
8858 8728 130 1 0.399975 0.3782 0.0217758 15 6 15 6
9799 9430 369 20 0.299924 0.250906 0.0490184 18 6 16 6
9912 9649 263 0 0.599899 0.565891 0.0340082 20 4 19 4
9912 9588 324 16 0.599965 0.559189 0.0407759 18 4 13 2
10216 10015 201 14 0.399897 0.373749 0.0261481 18 6 16 6
11106 10939 167 22 0.599898 0.576639 0.0232591 20 4 13 4
11265 11027 238 7 0.699942 0.669012 0.0309295 18 6 13 4
11479 11346 133 2 0.399968 0.38187 0.0180982 20 4 19 4
11523 11133 390 9 0.699819 0.647423 0.0523966 18 6 17 4
11664 11542 122 21 0.799912 0.78433 0.0155824 21 3 10 2
11907 11668 239 23 0.299985 0.270852 0.0291331 19 5 18 5
12070 11888 182 3 0.299971 0.27675 0.0232215 21 3 19 3
12100 11767 333 11 0.599978 0.558393 0.0415841 14 10 14 9
12137 11842 295 6 0.599946 0.560565 0.0393808 20 4 20 3
12330 12109 221 24 0.599925 0.569941 0.0299844 17 6 15 6
12373 12190 183 10 0.299995 0.274974 0.0250216 14 9 14 9
12425 12040 385 4 0.599931 0.544703 0.0552272 21 3 18 3
12783 12415 368 19 0.399792 0.354037 0.0457542 18 6 17 5
13394 13106 288 17 0.299967 0.26516 0.0348075 17 7 16 7
13954 13828 126 18 0.499978 0.480875 0.0191035 18 6 15 6
14510 14443 67 8 0.499902 0.492189 0.00771312 17 6 14 5
14571 14253 318 12 0.499853 0.454151 0.0457021 22 4 18 2
14737 14419 318 15 0.29995 0.256843 0.0431069 14 10 14 10
14927 14757 170 5 0.299862 0.27715 0.0227114 16 8 14 7
14949 14806 143 0 0.599995 0.581356 0.0186387 14 10 10 10
15479 15305 174 1 0.499906 0.473648 0.0262586 16 8 14 8
16032 15747 285 13 0.299909 0.263371 0.0365379 19 5 19 5
16060 15812 248 16 0.499978 0.468426 0.0315524 18 6 17 5
16066 16012 54 7 0.59998 0.590944 0.00903583 14 10 9 10
16197 15849 348 22 0.59993 0.558801 0.0411289 18 6 15 4
16265 16057 208 20 0.599944 0.575453 0.0244907 21 3 17 1
16322 16269 53 11 0.699954 0.693553 0.00640075 15 9 14 8
17059 16333 726 2 0.699939 0.593381 0.106559 20 4 16 3
17211 16916 295 18 0.899968 0.863551 0.0364168 22 2 5 1
17780 17408 372 24 0.599875 0.553251 0.0466245 15 8 11 7
17788 17694 94 9 0.399899 0.385156 0.0147427 15 9 14 9
17897 17136 761 6 0.599996 0.466824 0.133172 15 9 13 8
18534 18172 362 21 0.29992 0.25149 0.0484301 19 5 18 5
18551 18210 341 14 0.299969 0.254991 0.0449778 16 8 16 8
19130 18700 430 5 0.899807 0.843935 0.0558716 20 4 8 1
19192 19060 132 4 0.399911 0.382213 0.0176973 17 7 16 7
19462 19318 144 10 0.4999 0.479912 0.0199881 18 6 18 6
19614 19384 230 15 0.799935 0.765771 0.0341639 16 8 13 5
19628 19525 103 17 0.59994 0.587767 0.0121734 16 8 13 8
19938 19566 372 20 0.79993 0.74719 0.0527401 22 2 12 1
19953 19834 119 1 0.699892 0.683861 0.0160307 20 4 16 4
20183 20066 117 19 0.399987 0.383868 0.0161188 18 6 18 6
20530 20432 98 23 0.299947 0.287396 0.0125511 21 3 20 3
20557 20480 77 3 0.299986 0.291525 0.00846111 20 4 20 4
20896 20539 357 13 0.799936 0.753262 0.0466746 17 7 8 2
21089 20746 343 12 0.499919 0.454481 0.0454379 13 13 12 12
21722 21382 340 0 0.399897 0.359577 0.0403191 12 12 11 9
21723 21587 136 11 0.4999 0.483013 0.0168863 19 5 18 5
21756 21425 331 8 0.39994 0.354342 0.0455985 20 4 17 4
22320 22001 319 24 0.699861 0.658866 0.0409957 19 5 14 4
22479 22213 266 16 0.499911 0.465773 0.0341381 18 6 16 5
22701 22646 55 22 0.399996 0.392114 0.0078816 17 7 15 7
22741 22600 141 18 0.399937 0.381334 0.0186035 16 8 16 8
23059 22883 176 15 0.699978 0.67874 0.0212379 16 8 11 8
23373 23013 360 5 0.599878 0.555383 0.0444946 17 7 17 6
23621 23399 222 7 0.299997 0.271399 0.0285978 16 8 15 8
24151 24019 132 2 0.299881 0.278588 0.0212922 17 7 17 7
24829 24680 149 21 0.599957 0.579569 0.0203875 17 7 15 7
24870 24631 239 10 0.59988 0.567076 0.032804 15 9 12 8
25197 25000 197 13 0.599882 0.575371 0.0245108 20 4 15 2
25303 25192 111 1 0.49995 0.481688 0.0182618 20 4 18 3
25331 24952 379 20 0.499993 0.449114 0.0508799 19 5 18 5
25677 25600 77 6 0.299994 0.288077 0.011917 19 5 19 5
25709 25452 257 14 0.499906 0.465262 0.0346437 21 3 18 3
26077 25930 147 23 0.699992 0.683814 0.016177 18 6 10 4
26162 25776 386 9 0.299954 0.249766 0.0501878 22 2 22 2
26742 25955 787 15 0.799954 0.70365 0.0963038 19 5 8 1
27072 26782 290 17 0.299958 0.265965 0.033993 19 5 17 5
27239 27051 188 16 0.699983 0.677045 0.022938 16 8 15 7
27283 27190 93 12 0.499925 0.486028 0.013897 18 8 17 4
27456 27306 150 4 0.299993 0.279224 0.0207688 14 10 14 9
27871 27511 360 8 0.599924 0.554061 0.0458629 16 8 14 7
27913 27602 311 18 0.699927 0.658458 0.0414692 17 7 13 6
28505 28217 288 19 0.299904 0.266359 0.0335453 16 8 16 8
28529 28173 356 3 0.399904 0.356403 0.0435008 20 4 20 4
28600 28341 259 22 0.599934 0.567252 0.0326817 17 7 17 5
29230 28926 304 10 0.699904 0.659804 0.0401002 16 8 11 4
29369 29039 330 7 0.699933 0.655891 0.0440418 18 6 16 6
29409 29173 236 0 0.399894 0.369886 0.0300081 20 4 20 4
29469 29333 136 11 0.299908 0.283304 0.0166046 13 11 13 11
29515 29370 145 24 0.299918 0.280241 0.0196763 16 8 16 8
29667 29482 185 5 0.499996 0.475316 0.0246803 16 8 15 6
29904 29640 264 23 0.699947 0.662481 0.0374661 15 9 9 6
