953 787 166 13 0.899966 0.876649 0.0233172 9 0 9 0
1527 1463 64 16 0.799933 0.791615 0.00831868 10 0 10 0
2366 2313 53 1 0.699891 0.692494 0.00739761 17 0 17 0
2393 2226 167 17 0.699856 0.675698 0.0241576 14 0 13 1
2397 2305 92 0 0.699819 0.686689 0.0131296 16 0 16 0
2460 2274 186 18 0.699969 0.674124 0.0258455 16 1 16 1
2539 2204 335 5 0.69998 0.658776 0.0412041 15 1 15 1
2602 2309 293 4 0.699989 0.661932 0.0380574 18 0 18 0
3085 3008 77 15 0.599859 0.586404 0.0134543 13 4 13 4
3138 3085 53 11 0.59991 0.591864 0.00804627 16 3 16 3
3498 3096 402 10 0.599934 0.551499 0.0484343 15 4 15 4
3883 3821 62 2 0.499962 0.491297 0.00866449 16 3 16 3
3946 3893 53 9 0.499883 0.49398 0.00590217 14 2 14 2
3997 3843 154 13 0.699969 0.683023 0.0169454 12 3 11 3
4020 3876 144 3 0.499971 0.482712 0.0172593 17 1 17 1
4116 3966 150 14 0.499904 0.477505 0.0223992 15 2 15 2
4132 3868 264 12 0.499986 0.459696 0.0402892 15 3 15 3
4910 4736 174 7 0.399891 0.377069 0.0228217 13 5 13 5
5529 5424 105 6 0.299936 0.287767 0.012169 15 4 15 4
5684 5324 360 8 0.299963 0.253586 0.0463772 11 8 11 8
5684 5303 381 19 0.299952 0.252121 0.0478309 17 2 17 2
7144 6787 357 1 0.599967 0.553143 0.0468241 17 2 14 2
7313 7175 138 5 0.599834 0.581449 0.0183856 17 2 13 2
7364 7191 173 11 0.699918 0.676242 0.0236766 13 6 9 5
7408 7149 259 15 0.699922 0.66535 0.0345722 15 4 13 4
8003 7832 171 18 0.499929 0.471009 0.0289198 16 3 13 3
8007 7879 128 4 0.499977 0.482911 0.017066 17 2 12 2
8076 7982 94 12 0.799976 0.78825 0.011726 16 3 8 2
8363 8171 192 16 0.29995 0.27767 0.0222793 11 8 11 8
8585 8429 156 0 0.399961 0.382211 0.0177497 11 8 11 8
8618 8312 306 9 0.699912 0.662128 0.0377838 13 6 11 5
8724 8569 155 13 0.599991 0.579567 0.0204243 15 4 12 3
9624 9318 306 17 0.299955 0.261245 0.0387102 15 4 14 4
9943 9781 162 1 0.899977 0.881974 0.0180028 18 1 7 1
10473 10420 53 19 0.7995 0.791634 0.00786595 15 4 6 2
10597 10218 379 3 0.499972 0.452207 0.0477652 15 4 15 4
11303 10945 358 10 0.299825 0.257133 0.0426917 16 3 15 3
11689 11559 130 6 0.599893 0.583994 0.015899 15 4 15 4
11716 11616 100 2 0.299927 0.287126 0.0128017 15 4 13 4
12036 11983 53 8 0.599963 0.592085 0.00787806 13 6 12 5
12189 11920 269 14 0.299944 0.26347 0.0364733 12 7 11 7
12245 11992 253 13 0.799759 0.766873 0.0328861 17 2 13 1
12485 12198 287 12 0.599913 0.559496 0.0404177 16 4 14 3
12537 12261 276 5 0.599896 0.558177 0.041719 15 4 14 4
13099 12720 379 1 0.699772 0.654451 0.0453211 14 5 11 5
13116 12787 329 15 0.499937 0.461906 0.0380308 14 5 13 5
13414 13081 333 7 0.299991 0.255772 0.0442188 15 4 15 4
14456 14271 185 11 0.299995 0.277113 0.0228819 11 8 10 8
14920 13518 1402 0 0.699998 0.533917 0.166081 11 8 11 5
15297 14940 357 18 0.3999 0.356764 0.0431356 12 7 12 7
15890 15670 220 9 0.299893 0.272125 0.0277685 15 4 15 4
15976 15921 55 10 0.799952 0.791935 0.00801736 16 3 10 2
16095 15746 349 4 0.299932 0.252674 0.0472578 16 3 16 3
16193 16003 190 8 0.69994 0.676531 0.0234088 15 4 13 2
16765 16657 108 17 0.49997 0.485861 0.0141092 15 4 10 4
16812 16581 231 12 0.699935 0.672741 0.0271949 13 7 9 5
16918 16821 97 14 0.799954 0.787344 0.0126093 17 2 12 1
17077 16947 130 19 0.299966 0.283673 0.0162921 14 5 13 4
17163 17051 112 3 0.49995 0.487825 0.0121249 11 8 10 8
17322 16983 339 16 0.299986 0.25844 0.0415468 14 5 14 4
17774 17532 242 5 0.599996 0.568858 0.0311376 15 4 14 4
17943 17571 372 6 0.499907 0.452406 0.0475013 11 8 9 7
18831 18592 239 15 0.599998 0.569063 0.0309351 18 1 13 1
18916 18787 129 13 0.299968 0.282439 0.0175284 16 3 16 3
18988 18651 337 2 0.499975 0.455109 0.0448662 13 6 9 6
19076 18877 199 7 0.699938 0.670695 0.0292435 14 5 10 5
20314 20219 95 1 0.299935 0.288511 0.0114233 16 3 16 1
20436 20211 225 14 0.699845 0.670438 0.0294067 12 7 9 6
20960 20731 229 11 0.599856 0.569914 0.0299425 13 6 12 4
21420 21110 310 18 0.599963 0.555643 0.0443196 16 3 15 1
22268 21991 277 7 0.799906 0.759815 0.0400912 18 1 14 1
22656 22374 282 8 0.399909 0.364785 0.0351237 18 1 16 1
22670 22530 140 0 0.299895 0.283406 0.0164881 12 7 12 7
22698 22490 208 10 0.29991 0.269723 0.0301866 13 6 13 6
22726 22613 113 6 0.699892 0.684965 0.0149271 13 6 11 4
22801 22175 626 9 0.599919 0.52097 0.0789496 18 1 12 1
22902 22785 117 17 0.5 0.482968 0.0170325 15 4 13 4
22939 22705 234 16 0.69994 0.66894 0.0310003 15 4 14 3
23185 23034 151 4 0.499915 0.478198 0.0217172 11 8 11 8
23689 23620 69 2 0.69995 0.691976 0.0079739 15 4 11 3
23690 23360 330 14 0.799992 0.75853 0.0414614 12 7 9 4
23747 23373 374 5 0.499995 0.453964 0.0460308 15 4 11 4
23875 23777 98 12 0.299938 0.288203 0.0117355 14 6 13 6
24247 23840 407 15 0.599903 0.547099 0.0528036 17 2 14 2
24491 24349 142 13 0.699892 0.682841 0.017051 15 4 11 3
24584 23871 713 19 0.49981 0.417498 0.0823121 12 7 9 7
25192 24939 253 3 0.299952 0.268642 0.0313102 14 5 14 5
25410 25111 299 16 0.899975 0.860245 0.0397304 17 2 5 0
26032 25746 286 7 0.699932 0.660335 0.0395966 13 6 9 6
27432 27212 220 0 0.799973 0.772875 0.0270982 15 4 9 1
27458 27130 328 6 0.599923 0.559906 0.0400169 15 4 12 4
27516 27119 397 14 0.69981 0.647452 0.0523579 16 3 12 1
27715 27557 158 5 0.799919 0.7803 0.019619 15 4 12 3
28366 28244 122 11 0.299968 0.283409 0.0165593 15 4 15 4
28404 28031 373 1 0.399927 0.350569 0.0493589 16 3 16 3
28540 28234 306 13 0.699959 0.663613 0.0363466 17 2 15 2
29022 28779 243 18 0.29997 0.269031 0.0309383 16 3 15 3
29030 28707 323 9 0.49993 0.461434 0.0384956 13 6 11 5
29093 29037 56 17 0.499889 0.490529 0.00936053 14 5 11 4
29371 29011 360 2 0.499773 0.455526 0.044247 12 7 10 7
29510 29294 216 4 0.499916 0.473215 0.0267016 13 6 13 6
29734 29362 372 19 0.699933 0.65589 0.0440429 16 3 12 3
29768 29413 355 15 0.599933 0.55613 0.0438025 15 4 14 3
29969 29807 162 7 0.699984 0.67887 0.0211149 15 4 15 4
