870 815 55 11 0.89999 0.892289 0.00770116 8 0 8 0
1502 1449 53 12 0.799986 0.793904 0.00608237 17 1 17 1
1589 1517 72 17 0.799907 0.789521 0.0103858 18 1 18 1
1630 1505 125 8 0.799935 0.783577 0.0163577 10 1 10 1
1753 1517 236 7 0.7998 0.765287 0.0345128 16 0 16 0
1774 1497 277 10 0.799834 0.757777 0.0420567 14 0 14 0
1783 1545 238 4 0.799916 0.767167 0.0327491 12 1 12 1
1792 1628 164 0 0.799894 0.779238 0.0206559 16 1 16 1
2284 2231 53 18 0.699903 0.691308 0.00859505 14 3 14 3
2406 2290 116 19 0.699914 0.686101 0.0138132 13 2 13 2
2570 2233 337 14 0.699986 0.657995 0.0419914 14 3 14 3
3209 3076 133 13 0.599952 0.584983 0.0149692 16 3 16 3
3238 3100 138 16 0.599912 0.581801 0.0181111 15 2 15 2
3331 3078 253 1 0.599962 0.568846 0.0311157 13 3 13 3
3944 3574 370 11 0.699996 0.654769 0.0452264 14 2 11 2
4022 3793 229 2 0.499945 0.466342 0.0336032 15 4 15 4
4125 3864 261 5 0.499903 0.465367 0.0345351 14 2 14 2
4208 4012 196 9 0.499893 0.473311 0.0265825 14 2 14 2
4371 4143 228 8 0.799984 0.76852 0.0314637 14 2 12 2
4450 4345 105 7 0.799899 0.786845 0.0130535 14 4 8 4
4487 4256 231 0 0.799908 0.772343 0.0275655 13 6 11 5
4776 4723 53 3 0.399932 0.392765 0.00716709 11 6 11 6
5567 5237 330 10 0.699994 0.658678 0.0413165 16 2 13 2
5630 5512 118 12 0.599894 0.581866 0.0180283 14 7 12 6
5644 5554 90 15 0.29991 0.28702 0.0128902 16 3 16 3
5677 5404 273 6 0.299904 0.263959 0.035945 14 4 14 4
5806 5535 271 17 0.599974 0.565149 0.0348246 13 6 8 6
6977 6708 269 18 0.599902 0.566833 0.0330691 15 4 12 3
7057 7002 55 11 0.79998 0.793525 0.00645528 14 3 7 2
7656 7320 336 13 0.699952 0.659747 0.0402051 13 6 10 5
7858 7732 126 8 0.699972 0.682334 0.0176386 15 4 12 3
7990 7797 193 7 0.69997 0.675045 0.0249257 16 3 13 2
8293 7965 328 9 0.799999 0.759744 0.0402546 16 2 10 2
8527 8413 114 4 0.299929 0.286076 0.0138531 15 4 15 4
8871 8385 486 19 0.399952 0.343281 0.0566708 13 6 13 6
9295 9242 53 17 0.799867 0.792041 0.00782504 16 3 10 2
9526 9210 316 1 0.499904 0.460263 0.0396414 13 6 12 5
9590 9363 227 10 0.699909 0.670002 0.0299074 14 5 12 5
9741 9688 53 14 0.299934 0.293539 0.00639428 12 7 11 7
9759 9555 204 11 0.799901 0.775587 0.0243135 14 4 9 3
9855 9703 152 16 0.399941 0.379995 0.0199462 15 4 15 4
10572 10362 210 5 0.499995 0.473479 0.0265156 14 5 14 5
10965 10854 111 0 0.299898 0.282347 0.0175516 14 5 13 5
11669 11305 364 3 0.499932 0.449601 0.0503307 14 5 13 4
12010 11747 263 9 0.699892 0.664336 0.0355566 16 2 12 2
12118 11772 346 2 0.299901 0.253182 0.0467188 10 9 10 9
12361 12252 109 13 0.59996 0.586525 0.0134344 14 5 12 5
12723 12612 111 18 0.499984 0.487338 0.0126453 15 4 15 4
13145 12794 351 6 0.49998 0.452083 0.0478972 15 4 15 4
13470 13177 293 12 0.29997 0.264166 0.0358037 16 5 15 3
13722 13428 294 15 0.399952 0.362348 0.0376048 16 3 14 3
14617 13011 1606 11 0.699908 0.502824 0.197085 12 7 11 7
15122 14977 145 14 0.69992 0.681411 0.0185089 14 5 9 4
15151 14903 248 17 0.399934 0.369077 0.0308562 14 5 13 5
15249 14921 328 7 0.299896 0.261912 0.0379842 14 5 14 5
15692 14823 869 8 0.299908 0.135152 0.164756 13 6 13 6
15716 15597 119 10 0.399984 0.382807 0.0171768 8 11 6 10
16167 15925 242 5 0.599913 0.56722 0.0326933 12 7 11 6
16591 16387 204 19 0.399896 0.371798 0.0280979 12 7 10 7
16608 16380 228 16 0.499949 0.471374 0.0285742 14 5 12 5
16866 16640 226 1 0.399898 0.372439 0.0274586 12 7 12 7
16997 16624 373 9 0.599833 0.552831 0.0470017 14 5 11 5
17350 17012 338 4 0.299895 0.260261 0.0396344 16 3 16 3
18097 18021 76 13 0.49996 0.487905 0.0120554 12 7 12 7
18353 17993 360 3 0.499968 0.452761 0.0472065 14 5 13 5
18940 18785 155 0 0.399957 0.380653 0.019304 12 7 11 6
18970 18604 366 6 0.599916 0.553159 0.0467562 12 7 11 7
19035 18900 135 14 0.699962 0.683318 0.0166445 14 5 8 5
19241 18847 394 18 0.499918 0.450666 0.0492517 11 8 11 8
19520 18986 534 12 0.699969 0.629599 0.0703704 15 6 10 4
19901 19575 326 15 0.599936 0.55733 0.0426054 15 4 9 4
20969 20876 93 2 0.29991 0.288366 0.0115443 11 8 11 8
21418 21114 304 5 0.599833 0.559657 0.0401763 13 6 13 4
21462 21369 93 11 0.399988 0.386681 0.0133071 14 5 14 5
21632 21510 122 10 0.599931 0.583871 0.0160601 14 5 14 5
22182 21875 307 8 0.699811 0.660895 0.0389154 16 3 10 2
22788 22495 293 19 0.599902 0.564087 0.035815 16 3 16 3
22953 22772 181 14 0.699951 0.67713 0.0228207 17 2 12 2
23372 23108 264 7 0.399901 0.367164 0.0327365 18 1 18 1
23506 23328 178 17 0.299969 0.278655 0.0213138 14 5 14 4
23711 23374 337 1 0.499907 0.456592 0.0433155 14 5 14 5
23757 23399 358 13 0.59997 0.553333 0.0466369 16 3 14 3
23813 23724 89 9 0.399974 0.387094 0.0128805 13 6 13 6
24411 24358 53 4 0.499985 0.493559 0.006426 15 4 14 4
24707 24429 278 16 0.29995 0.264955 0.0349946 15 4 14 4
24903 24828 75 18 0.599771 0.586911 0.0128594 12 7 11 6
25595 25465 130 2 0.799912 0.784311 0.0156018 13 6 7 3
25942 25622 320 15 0.499894 0.461214 0.0386808 16 3 14 3
25960 25880 80 12 0.384877 0.373789 0.0110884 15 6 14 5
26029 25708 321 10 0.699986 0.661563 0.0384227 15 4 8 4
26606 26552 54 6 0.299928 0.291355 0.00857318 11 8 11 8
26623 26298 325 3 0.29997 0.260492 0.039478 13 6 13 6
27348 27169 179 5 0.499905 0.47908 0.0208255 15 4 13 4
27401 27043 358 0 0.299937 0.254521 0.0454161 13 6 13 6
27882 27611 271 8 0.49992 0.464131 0.0357889 10 9 8 8
28258 27956 302 11 0.499935 0.463383 0.0365517 14 5 12 5
28698 28302 396 14 0.499902 0.44933 0.0505726 12 7 10 6
28760 28571 189 19 0.499934 0.477593 0.0223412 16 3 14 2
29462 29096 366 1 0.599988 0.552928 0.0470596 12 7 12 7
