1519 1466 53 12 0.799993 0.792887 0.00710542 14 0 14 0
1531 1478 53 6 0.799903 0.792554 0.00734818 13 0 13 0
1622 1550 72 13 0.799991 0.788943 0.0110484 15 1 15 1
1653 1494 159 3 0.799831 0.778193 0.0216379 13 1 13 1
1691 1373 318 14 0.799983 0.757156 0.042827 10 2 9 0
1753 1559 194 18 0.799961 0.773936 0.0260249 16 0 16 0
2334 2270 64 9 0.69989 0.690278 0.00961186 12 4 12 4
2410 2287 123 19 0.699867 0.680013 0.0198535 15 1 15 1
2535 2239 296 4 0.69999 0.663483 0.0365064 16 1 16 1
2544 2324 220 0 0.699923 0.669977 0.0299461 13 4 13 4
2673 2364 309 1 0.699899 0.659245 0.0406544 14 4 14 3
3196 3136 60 8 0.599998 0.592875 0.0071234 16 2 17 0
3389 3166 223 10 0.599858 0.57228 0.0275778 11 3 11 3
3450 3153 297 11 0.599964 0.558046 0.041918 15 3 15 3
4133 3993 140 7 0.499978 0.482068 0.0179096 13 8 13 7
4145 3796 349 5 0.499935 0.455198 0.0447366 12 5 12 5
4745 4666 79 15 0.3999 0.389638 0.0102621 19 0 19 0
4854 4731 123 17 0.399892 0.385561 0.0143301 15 3 15 3
5344 5145 199 14 0.699899 0.671382 0.028517 14 3 14 3
5510 5217 293 2 0.29999 0.256661 0.0433288 11 7 11 7
5815 5742 73 3 0.599966 0.589397 0.0105689 14 4 12 4
5867 5555 312 13 0.599969 0.560234 0.0397345 15 4 11 4
5928 5509 419 12 0.599935 0.548807 0.0511284 15 4 12 4
6588 5508 1080 16 0.299969 0.112825 0.187143 17 3 17 2
6758 6378 380 6 0.499865 0.445455 0.05441 15 3 14 3
6863 6002 861 9 0.699987 0.565643 0.134344 13 5 10 4
7537 7386 151 18 0.399838 0.381043 0.0187948 14 5 13 5
8160 7931 229 8 0.599993 0.574061 0.0259315 15 3 10 3
8319 7952 367 0 0.499901 0.455307 0.0445937 15 4 14 4
8489 8028 461 1 0.49996 0.438109 0.0618515 19 1 16 0
8931 8836 95 4 0.399966 0.386179 0.0137874 14 5 11 5
9445 9340 105 11 0.499893 0.486372 0.0135206 13 5 10 5
9638 9303 335 19 0.299944 0.256932 0.0430114 13 6 12 6
10334 10221 113 12 0.699922 0.682349 0.0175725 15 4 10 3
10704 10415 289 10 0.29998 0.266016 0.0339639 15 4 15 4
11021 10964 57 2 0.699946 0.691185 0.00876112 12 7 10 6
11262 11184 78 5 0.39986 0.389442 0.010418 14 5 14 5
11556 11362 194 17 0.499827 0.476364 0.0234639 15 4 14 4
12107 11791 316 9 0.599947 0.560267 0.0396803 15 4 13 3
12109 11995 114 7 0.299922 0.282954 0.0169682 17 4 14 2
12408 12253 155 14 0.299993 0.280281 0.0197116 13 6 13 6
12472 12137 335 15 0.399945 0.361044 0.0389011 16 3 16 3
12730 12533 197 18 0.699978 0.674007 0.0259712 17 2 13 2
13087 13034 53 3 0.29991 0.291182 0.00872749 16 3 16 3
13250 12993 257 6 0.499901 0.465782 0.0341183 13 6 13 6
13258 13155 103 1 0.699996 0.684837 0.0151586 13 7 12 6
13481 13325 156 13 0.299947 0.278384 0.0215632 15 4 15 4
15649 15475 174 8 0.299811 0.276336 0.0234757 15 4 15 4
16004 15684 320 16 0.299972 0.259543 0.0404285 15 5 13 4
16206 15936 270 19 0.599763 0.565848 0.0339147 13 6 12 5
16337 16150 187 0 0.299807 0.272484 0.0273231 15 4 15 3
16408 16105 303 4 0.399972 0.361807 0.0381646 15 4 14 4
16662 16424 238 18 0.699969 0.673009 0.0269596 14 5 14 5
16687 16188 499 2 0.499999 0.438354 0.0616443 12 7 12 6
16691 16480 211 7 0.799843 0.774439 0.0254039 16 4 8 3
16709 16386 323 9 0.699962 0.661732 0.0382302 16 3 9 2
16714 16327 387 12 0.399989 0.348364 0.0516244 16 3 16 3
17335 16970 365 1 0.69996 0.653387 0.0465727 14 6 11 5
17420 17210 210 11 0.299909 0.274099 0.0258101 11 8 11 8
18654 18556 98 5 0.399917 0.385695 0.0142226 12 7 11 7
18768 18484 284 10 0.399965 0.367496 0.0324691 10 9 10 9
18873 18645 228 6 0.599924 0.572756 0.0271687 10 9 8 8
19602 19264 338 15 0.499902 0.456982 0.0429197 14 5 10 4
19751 19377 374 17 0.299903 0.254359 0.0455438 14 5 13 3
19995 19715 280 19 0.799994 0.764847 0.0351469 17 2 11 1
20082 19987 95 14 0.399817 0.388014 0.0118036 15 4 15 4
20628 20279 349 8 0.799943 0.758924 0.0410189 16 3 10 0
20772 20523 249 18 0.699907 0.664578 0.0353291 14 5 10 4
21604 21447 157 3 0.299921 0.27959 0.0203312 14 5 13 5
21685 21506 179 4 0.699836 0.675246 0.0245905 14 5 11 3
22245 22176 69 13 0.299927 0.291398 0.00852907 15 4 14 3
22260 21965 295 1 0.599813 0.562836 0.0369774 13 7 12 5
23039 22986 53 16 0.499872 0.492459 0.00741327 12 8 12 7
23061 22645 416 12 0.599895 0.550273 0.0496218 13 6 12 4
23096 22980 116 10 0.799958 0.7839 0.0160572 14 5 9 2
23382 23286 96 7 0.299901 0.285925 0.0139762 16 4 14 3
23644 23365 279 15 0.799974 0.766316 0.0336575 17 2 11 2
23960 23747 213 6 0.599825 0.572495 0.0273297 17 2 15 2
24044 23770 274 2 0.399965 0.365672 0.0342924 17 2 17 2
24157 23844 313 9 0.299981 0.259248 0.0407322 14 5 14 5
24214 24153 61 0 0.399981 0.389935 0.0100464 13 6 13 5
24626 24530 96 18 0.699833 0.687162 0.0126708 15 4 11 3
25516 25224 292 11 0.399995 0.3643 0.0356952 14 5 14 5
26529 26363 166 10 0.699897 0.679197 0.0206998 16 3 14 3
26544 26431 113 8 0.399968 0.38427 0.0156983 15 4 12 3
26707 26654 53 5 0.299958 0.292919 0.00703884 14 5 14 4
26928 26671 257 19 0.299988 0.265588 0.0344003 15 4 13 4
27283 27177 106 7 0.890256 0.875659 0.0145968 16 4 2 0
28025 27698 327 17 0.399935 0.358545 0.0413892 17 2 15 1
28349 28094 255 14 0.29997 0.269006 0.0309638 16 3 16 3
28968 28669 299 4 0.299911 0.262216 0.037695 14 5 12 5
29398 29072 326 16 0.499948 0.459703 0.0402453 16 4 16 3
29648 29454 194 15 0.399917 0.376939 0.0229776 15 4 13 4
29985 29932 53 2 0.599888 0.592171 0.00771678 16 3 13 3
29992 29631 361 1 0.299911 0.255722 0.0441894 16 4 16 2
