1507 1454 53 4 0.799995 0.794145 0.00585037 12 0 12 0
1544 1439 105 2 0.799937 0.787568 0.0123682 13 0 13 0
1640 1501 139 6 0.799923 0.781831 0.0180917 13 2 13 2
1658 1484 174 5 0.799903 0.777269 0.0226335 14 0 14 0
1789 1509 280 13 0.79991 0.762698 0.0372124 15 2 14 1
2365 2288 77 10 0.699928 0.68952 0.0104086 14 1 14 1
2447 2289 158 18 0.699986 0.679338 0.0206476 18 0 18 0
3141 2997 144 1 0.599959 0.582507 0.0174519 15 4 15 4
3368 3070 298 12 0.599892 0.562407 0.0374848 16 2 16 2
3990 3874 116 7 0.499951 0.485373 0.0145782 18 1 18 1
4079 3956 123 9 0.499925 0.484574 0.0153517 16 2 16 2
4174 3869 305 8 0.499828 0.459753 0.0400749 18 1 18 0
4223 3888 335 4 0.799929 0.758818 0.0411112 14 2 12 2
4814 4606 208 16 0.399915 0.375365 0.02455 14 6 14 4
4956 4737 219 15 0.399962 0.375096 0.0248665 17 2 17 2
4965 4631 334 0 0.399985 0.359492 0.0404932 16 3 16 3
5020 4673 347 19 0.399987 0.352754 0.0472332 14 4 14 4
5031 4723 308 3 0.399937 0.362579 0.0373579 16 3 16 3
5512 5391 121 11 0.299917 0.281489 0.0184284 18 3 18 3
5612 5515 97 14 0.299975 0.286747 0.0132284 15 2 15 2
5623 5415 208 17 0.299986 0.274198 0.025788 16 3 16 3
5772 5719 53 6 0.599991 0.591952 0.00803855 10 8 9 7
5881 5562 319 2 0.599923 0.562935 0.0369886 15 4 14 4
7568 6071 1497 10 0.699994 0.531519 0.168475 15 3 10 3
7726 7351 375 5 0.399998 0.351978 0.0480198 11 8 10 8
7959 7819 140 18 0.499968 0.482214 0.0177545 15 4 13 4
8533 8405 128 13 0.299993 0.280565 0.0194277 9 11 8 10
8597 8359 238 0 0.899802 0.864316 0.0354864 16 3 10 2
8838 8603 235 9 0.699968 0.67064 0.0293286 13 5 9 4
9087 8829 258 8 0.699923 0.666817 0.0331065 15 4 8 3
9261 9083 178 12 0.499997 0.478367 0.0216299 14 5 7 3
10226 10012 214 2 0.699964 0.670352 0.0296122 16 3 10 3
10790 10530 260 1 0.299839 0.267365 0.0324737 17 2 17 2
10800 10562 238 6 0.599834 0.56972 0.0301145 14 5 12 4
10879 10540 339 16 0.599955 0.557354 0.0426005 17 3 15 1
11048 10913 135 17 0.699936 0.68109 0.0188462 16 3 10 3
11102 10943 159 4 0.299975 0.27906 0.0209156 14 5 13 5
11102 10949 153 7 0.399945 0.381141 0.0188044 17 2 15 2
11804 11562 242 19 0.499985 0.469444 0.0305404 15 4 13 4
12011 11877 134 10 0.699995 0.68369 0.0163051 15 4 11 4
12357 12304 53 11 0.499917 0.491567 0.0083501 14 7 11 6
12453 12217 236 13 0.899935 0.872576 0.027359 13 7 5 0
12732 12563 169 9 0.699952 0.677416 0.0225362 13 5 12 4
12911 12763 148 5 0.699989 0.680355 0.0196343 15 4 12 2
13451 13188 263 15 0.299928 0.267068 0.03286 15 4 13 4
13553 13360 193 3 0.299967 0.277247 0.0227206 13 6 12 6
14245 14084 161 18 0.499929 0.477268 0.0226609 12 7 11 6
14337 14244 93 14 0.299976 0.288545 0.011431 12 6 11 6
14724 14564 160 8 0.499929 0.478731 0.0211982 15 4 14 4
14842 14753 89 0 0.299916 0.288822 0.011094 12 7 12 7
14891 14791 100 17 0.699912 0.686587 0.0133255 15 4 11 3
14929 14760 169 2 0.599927 0.575374 0.0245531 14 5 12 5
16174 15875 299 5 0.799903 0.765666 0.0342369 16 3 7 1
16594 16323 271 12 0.399903 0.368199 0.0317043 13 6 11 6
16896 16552 344 16 0.499911 0.458273 0.0416379 17 3 11 1
17451 17243 208 4 0.599942 0.574287 0.0256551 14 5 10 4
18030 17764 266 1 0.499921 0.466452 0.0334686 17 2 11 2
18206 17954 252 19 0.49992 0.468056 0.031864 14 5 10 5
18431 18065 366 9 0.499799 0.452732 0.0470669 15 3 15 3
18437 18169 268 10 0.399915 0.365929 0.0339861 15 4 14 4
18517 18462 55 8 0.799976 0.79234 0.00763671 14 5 8 2
18571 18275 296 2 0.799951 0.765073 0.0348775 17 2 13 1
18580 18363 217 6 0.299933 0.271605 0.0283283 14 5 13 4
18687 18546 141 17 0.699892 0.680598 0.0192935 15 4 12 3
18716 18493 223 7 0.399968 0.370747 0.029221 12 7 12 6
19006 18680 326 13 0.299876 0.261624 0.0382518 16 5 14 4
20239 20182 57 11 0.299928 0.292627 0.00730039 12 9 11 8
20417 20364 53 2 0.899979 0.892814 0.00716426 19 0 6 0
20867 20511 356 18 0.499913 0.451903 0.0480098 16 3 14 2
21568 21250 318 14 0.499978 0.460719 0.0392596 11 7 10 4
21897 21487 410 12 0.699977 0.649198 0.0507799 19 0 13 0
22283 22209 74 3 0.295904 0.285279 0.0106249 16 3 16 3
22519 22179 340 15 0.299916 0.261591 0.0383253 17 2 16 2
22972 22662 310 1 0.699952 0.659251 0.0407016 18 1 11 1
23006 22669 337 5 0.299929 0.258845 0.0410842 15 4 15 4
23232 22950 282 7 0.799884 0.760385 0.0394989 14 5 8 3
23386 23157 229 6 0.799954 0.769912 0.0300427 16 3 12 2
23409 23239 170 16 0.499993 0.475233 0.0247601 13 7 9 6
23548 23346 202 0 0.299999 0.273787 0.0262119 13 6 13 6
23638 23307 331 2 0.699908 0.655714 0.0441934 17 2 10 2
24279 23891 388 17 0.499964 0.450152 0.0498124 15 4 12 4
24387 24074 313 8 0.399919 0.361258 0.0386614 9 10 9 10
24857 24544 313 4 0.29992 0.263682 0.0362378 13 6 13 6
25559 25486 73 9 0.396436 0.386443 0.00999325 12 7 12 7
25585 25254 331 13 0.599809 0.561024 0.0387849 15 6 12 3
25950 25897 53 7 0.799823 0.792157 0.00766539 14 5 7 4
26145 26066 79 19 0.299902 0.288029 0.0118729 14 5 14 5
26155 26011 144 10 0.399854 0.379302 0.020552 14 5 13 4
26388 26227 161 14 0.699895 0.677625 0.0222695 16 3 11 1
26454 26401 53 18 0.599881 0.591158 0.0087232 12 7 8 7
27552 27353 199 12 0.499777 0.474667 0.02511 14 5 14 5
27913 27545 368 2 0.699909 0.655729 0.0441797 17 2 11 2
27955 27643 312 6 0.59998 0.564712 0.0352674 15 4 10 4
28092 27841 251 1 0.599936 0.570374 0.0295612 12 7 5 6
28984 28815 169 11 0.299983 0.276789 0.0231948 15 6 14 4
29544 29303 241 5 0.59998 0.571229 0.0287514 19 0 17 0
29658 29577 81 16 0.49997 0.488088 0.0118812 11 9 9 7
29840 29711 129 0 0.599928 0.58122 0.0187081 14 5 12 3
29911 29855 56 13 0.699935 0.6918 0.00813486 19 2 13 0
