806 748 58 2 0.899773 0.893023 0.00674954 6 0 6 0
830 777 53 4 0.899988 0.892648 0.00733991 7 0 7 0
873 762 111 16 0.899957 0.885175 0.0147824 9 0 9 0
963 793 170 13 0.899921 0.877898 0.022023 9 0 9 0
1657 1500 157 7 0.799906 0.780111 0.0197942 15 1 15 1
1746 1598 148 8 0.799767 0.780239 0.0195274 14 2 14 2
1747 1577 170 0 0.799876 0.777018 0.0228581 14 0 14 0
1755 1567 188 5 0.799986 0.778328 0.0216584 14 0 14 0
1824 1571 253 19 0.799818 0.763434 0.0363833 12 2 12 2
2499 2228 271 9 0.699931 0.661652 0.0382791 16 2 16 2
2516 2406 110 15 0.699968 0.684295 0.015673 15 2 15 2
2578 2252 326 3 0.699931 0.65892 0.0410116 15 2 15 2
3175 2905 270 1 0.599928 0.567524 0.0324044 14 4 14 4
3250 3166 84 12 0.599892 0.587982 0.0119092 14 2 14 2
3379 3029 350 11 0.599893 0.556248 0.0436448 16 2 16 2
3428 3141 287 10 0.599892 0.559742 0.0401502 12 6 12 6
4032 3842 190 14 0.499978 0.477796 0.022182 12 2 12 2
4053 3694 359 18 0.499853 0.456149 0.0437037 12 4 12 4
4413 4298 115 0 0.799828 0.784351 0.0154769 18 1 13 1
4758 4599 159 17 0.399958 0.378257 0.0217002 18 0 18 0
4794 4643 151 6 0.399923 0.383322 0.0166011 17 1 17 1
5270 4183 1087 8 0.799972 0.598316 0.201656 13 5 12 5
5436 5306 130 16 0.499946 0.482444 0.017502 12 7 12 7
5438 5158 280 2 0.499892 0.466862 0.0330303 15 4 15 4
5585 5461 124 13 0.4999 0.484991 0.0149087 15 2 14 2
6283 5988 295 19 0.59998 0.563083 0.0368967 15 2 14 2
6286 6109 177 0 0.899972 0.875986 0.0239855 17 2 6 1
6352 6007 345 4 0.399998 0.357711 0.0422867 13 5 13 5
6635 6564 71 12 0.799958 0.789679 0.0102791 13 5 8 3
7765 7511 254 5 0.399893 0.367582 0.0323112 16 3 16 3
8010 7903 107 9 0.499942 0.486653 0.0132893 15 3 14 3
8238 8163 75 1 0.599994 0.590847 0.00914718 18 1 15 1
8407 8181 226 7 0.299987 0.268312 0.0316751 11 8 10 8
8586 8369 217 10 0.599892 0.572754 0.0271378 16 3 13 2
8847 8752 95 3 0.399981 0.389461 0.0105206 16 3 16 3
9000 8619 381 14 0.699981 0.653377 0.0466043 14 4 13 4
9268 9075 193 0 0.699912 0.675958 0.0239531 16 3 14 3
9417 9271 146 11 0.499966 0.48069 0.0192761 16 3 16 3
9488 9381 107 8 0.6999 0.685002 0.014898 15 3 13 3
9522 9353 169 15 0.299933 0.273356 0.0265773 13 6 13 6
10454 10065 389 2 0.699959 0.653142 0.0468169 15 4 13 3
11132 10893 239 13 0.599922 0.568853 0.0310688 13 5 9 5
12194 11897 297 18 0.299998 0.262167 0.0378307 15 4 15 4
12407 12323 84 12 0.399938 0.388096 0.011842 10 9 8 9
12447 12199 248 6 0.399923 0.368559 0.0313638 15 4 15 4
12482 12119 363 17 0.399927 0.348981 0.0509454 13 6 12 6
12620 12560 60 9 0.699919 0.690972 0.00894706 13 6 9 5
12715 12411 304 8 0.799913 0.760552 0.0393615 18 1 10 0
12964 12876 88 4 0.49991 0.486887 0.013023 12 6 11 6
13008 12805 203 19 0.399968 0.372869 0.0270994 12 7 12 7
13161 12898 263 14 0.69993 0.669185 0.030745 16 3 13 2
13490 13243 247 1 0.599945 0.568355 0.0315891 13 6 12 6
13595 13230 365 16 0.299971 0.250026 0.0499452 13 6 13 6
13763 13635 128 10 0.599906 0.583553 0.0163532 15 4 13 4
13777 13702 75 7 0.699927 0.688123 0.0118044 14 5 12 1
13908 13743 165 3 0.699768 0.680008 0.0197599 14 5 11 5
16082 16002 80 5 0.29989 0.288582 0.0113085 14 5 14 5
16176 16080 96 0 0.299922 0.28679 0.0131317 14 5 13 5
16751 16583 168 2 0.399947 0.378732 0.0212152 13 6 13 6
16792 16549 243 15 0.499922 0.470568 0.0293535 16 3 13 3
17013 16956 57 13 0.494467 0.486748 0.00771901 15 4 9 4
17153 16906 247 8 0.599949 0.568357 0.0315913 18 1 17 1
17264 17039 225 10 0.799946 0.772807 0.0271394 17 2 12 1
17420 17268 152 12 0.69991 0.681208 0.0187021 14 5 11 2
17458 17107 351 11 0.299951 0.257557 0.0423937 15 4 14 3
17669 17451 218 7 0.699918 0.671604 0.0283147 16 3 15 1
17925 17824 101 9 0.499895 0.482093 0.0178019 13 6 12 6
18400 18274 126 3 0.599902 0.583847 0.0160554 14 5 13 3
18532 18355 177 18 0.599972 0.575178 0.0247942 11 8 9 7
18598 18396 202 1 0.599964 0.567212 0.0327519 16 3 15 3
19423 19169 254 17 0.499952 0.459126 0.0408256 16 3 14 3
19458 19265 193 14 0.399941 0.375724 0.0242162 17 2 14 2
20034 19914 120 4 0.399976 0.384273 0.0157036 16 3 15 3
20035 19783 252 10 0.799975 0.765213 0.0347623 18 1 12 1
20690 20589 101 6 0.299905 0.287276 0.0126289 12 7 12 5
20857 20654 203 16 0.499978 0.475106 0.0248722 12 7 12 7
20918 20521 397 8 0.799986 0.750026 0.0499595 17 2 9 2
21319 21094 225 19 0.299896 0.273346 0.0265499 12 7 12 6
21631 21473 158 0 0.699959 0.678597 0.0213623 15 4 11 3
21772 21674 98 2 0.699987 0.687874 0.0121128 15 4 12 2
22247 22194 53 7 0.599835 0.592791 0.00704358 14 5 13 5
22398 22293 105 13 0.599927 0.586046 0.0138818 16 3 16 3
22662 22453 209 9 0.699925 0.671908 0.0280169 16 3 12 2
22725 22506 219 3 0.699954 0.674492 0.025462 12 7 10 5
23114 22035 1079 12 0.599997 0.401961 0.198037 18 1 14 1
23955 23699 256 5 0.399934 0.367109 0.0328249 13 6 13 6
24573 24442 131 1 0.499935 0.483025 0.0169099 13 6 13 6
24869 24594 275 15 0.299838 0.265467 0.0343709 12 7 11 7
24926 24619 307 11 0.49994 0.4633 0.0366396 13 6 13 5
25273 25200 73 0 0.699824 0.688475 0.0113489 17 2 9 1
25339 25218 121 8 0.599793 0.583716 0.0160769 13 6 10 6
25376 25056 320 18 0.399954 0.358026 0.0419279 15 4 14 3
25603 25280 323 14 0.599903 0.562229 0.037674 15 4 14 4
25930 25635 295 13 0.799989 0.765835 0.0341538 18 1 10 0
26159 25786 373 10 0.399905 0.355811 0.0440934 14 5 14 5
26446 26385 61 17 0.399977 0.390194 0.00978287 11 8 10 8
26464 26268 196 2 0.599977 0.578151 0.0218264 13 6 11 4
26495 26297 198 4 0.499936 0.473613 0.0263233 12 7 11 7
26848 26733 115 19 0.69981 0.683527 0.0162825 14 5 7 3
27132 27036 96 16 0.499914 0.488593 0.0113219 13 6 11 5
28378 28094 284 9 0.499999 0.46312 0.0368793 16 3 14 3
28815 28656 159 13 0.799914 0.779856 0.0200577 18 1 5 1
28824 28691 133 7 0.399997 0.381276 0.018721 11 8 10 7
29031 28741 290 12 0.599902 0.564008 0.0358939 17 2 10 2
29236 29180 56 6 0.299929 0.293855 0.00607402 15 4 15 4
29781 29617 164 3 0.299972 0.281685 0.018287 12 7 11 7
29812 29477 335 15 0.799942 0.760435 0.0395071 18 1 14 1
29975 29746 229 0 0.599988 0.572262 0.0277255 16 3 11 2
