763 709 54 5 0.899989 0.892371 0.00761779 9 0 9 0
817 719 98 17 0.899979 0.887331 0.0126482 8 0 8 0
1771 1532 239 14 0.799897 0.769345 0.0305527 14 0 14 0
2372 2233 139 0 0.69994 0.68113 0.0188097 17 0 17 0
2523 2266 257 9 0.699963 0.668667 0.0312966 15 1 15 1
3175 2972 203 10 0.599933 0.575082 0.0248514 17 2 17 2
3182 3105 77 15 0.59998 0.587554 0.0124257 19 0 19 0
3273 3025 248 8 0.599969 0.568166 0.0318038 17 0 17 0
3375 3176 199 4 0.599934 0.576477 0.0234572 18 1 18 1
3422 2899 523 18 0.599938 0.533573 0.0663658 18 0 18 0
3885 3832 53 13 0.499954 0.492079 0.00787494 14 4 14 4
3906 3711 195 2 0.499974 0.478154 0.0218203 16 3 16 3
4035 3782 253 11 0.499967 0.46778 0.0321873 14 5 14 5
4051 3739 312 16 0.499921 0.463678 0.0362427 17 1 17 1
4092 3803 289 12 0.499932 0.465824 0.0341087 14 4 14 4
4148 3841 307 19 0.499928 0.462164 0.0377643 14 4 14 4
4650 4316 334 5 0.599917 0.559357 0.0405599 17 1 15 1
4980 4651 329 3 0.399924 0.358904 0.0410204 14 5 14 5
5565 5472 93 7 0.299971 0.287349 0.0126227 11 9 11 8
5683 5545 138 6 0.299925 0.281739 0.0181853 12 7 12 7
5835 5469 366 1 0.299996 0.254761 0.045235 15 4 15 4
6976 6717 259 17 0.299963 0.264906 0.0350569 15 4 15 4
7199 6792 407 14 0.499943 0.443873 0.0560697 13 6 12 6
7340 7174 166 9 0.599942 0.577231 0.0227107 13 5 11 5
7735 7420 315 8 0.699929 0.660431 0.0394975 13 6 11 6
7863 7742 121 0 0.49997 0.484605 0.0153646 16 3 14 3
8478 8383 95 4 0.6 0.587395 0.0126047 16 3 13 3
8813 8725 88 18 0.570584 0.557044 0.0135393 15 4 12 4
9275 9097 178 10 0.49994 0.477302 0.0226378 16 3 11 2
9637 9257 380 11 0.599759 0.554803 0.044956 13 6 10 4
9868 9612 256 5 0.599977 0.571195 0.028782 14 5 13 5
9925 9597 328 15 0.399893 0.360875 0.0390187 14 5 14 5
10115 10052 63 3 0.699852 0.690603 0.00924917 15 4 8 2
10121 10067 54 2 0.499939 0.492404 0.00753445 10 9 9 9
10142 9856 286 13 0.49998 0.461897 0.0380828 14 5 14 5
11042 10870 172 7 0.699966 0.675096 0.0248698 15 5 13 3
11172 11060 112 12 0.399894 0.384574 0.0153203 16 3 14 2
11839 11600 239 8 0.699902 0.669962 0.0299402 13 6 11 2
12190 11947 243 16 0.299916 0.272805 0.0271114 15 4 15 4
12300 11945 355 19 0.299968 0.253399 0.0465696 12 7 12 7
13192 13001 191 18 0.699903 0.675102 0.0248013 14 5 12 4
13213 13108 105 9 0.499985 0.485515 0.0144696 13 6 13 5
13620 13443 177 6 0.399973 0.377028 0.0229442 13 6 13 4
13806 13539 267 14 0.499948 0.468599 0.0313488 12 7 9 4
13819 13766 53 1 0.399954 0.391862 0.00809235 16 3 15 3
14011 13816 195 10 0.699938 0.673689 0.0262486 16 3 13 2
14014 13894 120 11 0.699893 0.684125 0.0157687 11 8 9 3
14098 13810 288 0 0.49988 0.466055 0.0338243 17 2 14 2
14167 14050 117 17 0.499946 0.484323 0.0156231 16 3 14 3
14252 13953 299 7 0.799939 0.766643 0.0332965 15 5 12 3
14392 14108 284 4 0.499947 0.463589 0.0363575 15 4 13 4
14509 14135 374 5 0.699813 0.650542 0.0492717 12 7 7 4
15655 15379 276 3 0.499857 0.466182 0.0336755 14 5 10 4
16183 16122 61 2 0.49992 0.490011 0.00990828 12 7 11 7
16951 16898 53 9 0.799929 0.793943 0.00598531 16 3 12 0
17076 16983 93 10 0.799925 0.785487 0.0144385 15 4 11 2
17385 17192 193 13 0.399953 0.374304 0.0256488 15 4 14 4
17413 17017 396 18 0.699916 0.649703 0.0502131 16 3 13 3
17608 17552 56 16 0.699991 0.690905 0.00908635 16 3 13 3
18238 17989 249 8 0.399902 0.368188 0.0317136 14 5 14 5
18405 18332 73 15 0.29995 0.290573 0.00937708 13 6 13 6
18804 18473 331 19 0.59996 0.562609 0.0373504 16 3 15 2
18936 18537 399 12 0.39997 0.350723 0.0492474 14 5 13 5
18953 18619 334 0 0.699979 0.659781 0.040198 18 1 11 1
18964 18758 206 17 0.699996 0.675381 0.0246151 17 2 8 1
20229 20130 99 6 0.499899 0.486663 0.0132359 13 6 13 6
20265 19911 354 14 0.499916 0.455478 0.0444377 17 2 17 2
20463 20160 303 11 0.399932 0.364837 0.0350955 12 7 12 7
21074 20942 132 7 0.299918 0.284553 0.0153659 12 8 12 7
21093 21001 92 9 0.599923 0.587748 0.0121748 12 7 10 6
21573 21349 224 1 0.399954 0.371932 0.0280217 11 8 10 8
21720 21530 190 5 0.299941 0.275707 0.0242335 15 4 14 3
22057 21508 549 4 0.3999 0.337678 0.062222 16 3 15 3
22492 22170 322 16 0.599974 0.558857 0.0411169 16 3 14 3
23152 22791 361 3 0.399953 0.357351 0.042602 12 7 12 7
23359 23166 193 2 0.399961 0.372765 0.0271958 15 4 14 4
23688 23549 139 10 0.29999 0.280668 0.0193217 14 5 13 5
24589 24478 111 18 0.299892 0.282728 0.0171644 11 8 11 8
24994 24815 179 14 0.699998 0.67578 0.0242173 17 2 11 2
25021 24874 147 8 0.499943 0.478865 0.0210778 14 5 12 4
25437 25222 215 0 0.399913 0.375493 0.0244205 13 6 12 6
25461 25281 180 15 0.499905 0.477144 0.0227603 15 4 14 4
25522 25442 80 19 0.399973 0.391181 0.00879111 13 6 13 6
25834 25556 278 12 0.4999 0.463168 0.036732 17 2 16 2
26099 25868 231 17 0.29993 0.272314 0.0276157 14 5 14 5
26109 25668 441 13 0.299874 0.241903 0.0579713 15 4 14 4
27109 27056 53 11 0.499837 0.492333 0.00750451 12 7 10 7
27424 27094 330 5 0.699959 0.65474 0.0452196 14 5 11 5
27637 27539 98 9 0.399962 0.38867 0.0112916 9 10 9 10
28181 27953 228 6 0.299978 0.269776 0.0302022 15 4 14 4
28410 28244 166 3 0.699968 0.67832 0.0216479 14 5 10 5
28412 28069 343 7 0.499945 0.456949 0.042995 15 5 12 4
29431 29192 239 16 0.399914 0.370406 0.0295085 15 4 14 4
29797 29708 89 4 0.399991 0.390209 0.00978111 14 5 14 4
29848 29516 332 8 0.699892 0.658063 0.0418294 13 6 8 4
29866 29688 178 1 0.299893 0.276605 0.0232878 15 4 15 4
29921 29797 124 2 0.5 0.484977 0.0150226 15 4 9 3
