745 654 91 6 0.899908 0.88952 0.0103877 9 0 9 0
992 730 262 14 0.899998 0.867863 0.0321349 5 0 5 0
1677 1408 269 8 0.799943 0.764496 0.0354465 13 0 13 0
2346 2187 159 11 0.699956 0.680596 0.0193599 11 0 11 0
2371 2297 74 13 0.69992 0.688952 0.0109684 18 0 18 0
2492 2329 163 9 0.699915 0.677805 0.0221106 16 3 16 2
2581 2222 359 5 0.699918 0.655101 0.0448175 15 2 15 2
3021 2932 89 19 0.599969 0.587513 0.0124568 14 3 14 3
3334 2978 356 16 0.599986 0.555077 0.044909 17 1 17 1
3387 3192 195 3 0.599899 0.57393 0.0259691 15 0 15 0
3925 3833 92 14 0.699945 0.687371 0.0125746 17 1 15 1
3931 3878 53 4 0.499869 0.492074 0.00779507 16 3 16 3
4020 3744 276 10 0.499955 0.467182 0.0327731 15 4 15 4
4025 3817 208 18 0.499974 0.473633 0.0263413 12 7 12 7
4115 3840 275 0 0.49993 0.466195 0.0337349 15 2 15 2
4191 3952 239 2 0.4999 0.470542 0.0293574 16 2 16 2
4245 3925 320 15 0.49994 0.457755 0.0421856 14 5 14 5
5323 4738 585 17 0.39993 0.303194 0.0967362 9 9 9 9
5457 5149 308 8 0.699923 0.659748 0.0401757 11 6 9 6
5524 5405 119 1 0.299923 0.284367 0.0155563 11 9 11 8
5720 5441 279 7 0.299907 0.265589 0.0343177 17 2 17 2
5851 5485 366 12 0.299995 0.252588 0.0474063 12 6 12 6
7295 7000 295 9 0.599894 0.563041 0.0368527 14 5 12 5
7368 6758 610 6 0.299832 0.226296 0.0735364 15 4 15 4
7800 7451 349 11 0.499965 0.45622 0.0437448 13 6 12 6
7984 7818 166 10 0.799812 0.778299 0.0215132 15 4 10 2
8065 7961 104 5 0.499903 0.486068 0.0138349 16 3 14 3
8500 8346 154 3 0.599968 0.575561 0.0244071 14 4 13 4
8871 8489 382 8 0.799996 0.753399 0.0465974 15 2 8 0
8931 8682 249 19 0.499976 0.467403 0.0325731 11 8 9 8
9150 9034 116 16 0.499987 0.483045 0.0169423 10 9 8 8
9748 9398 350 13 0.299922 0.254804 0.0451179 14 5 14 5
10384 10284 100 0 0.49991 0.486222 0.0136876 13 6 12 6
10963 10869 94 14 0.299992 0.288602 0.0113902 16 3 15 3
11391 11196 195 7 0.69995 0.676549 0.023401 15 4 10 3
11508 11322 186 10 0.699992 0.678612 0.0213801 17 2 11 0
11625 11365 260 12 0.69992 0.668433 0.0314865 14 4 12 2
11725 11591 134 4 0.299982 0.283316 0.0166654 13 6 13 6
11888 10911 977 18 0.399932 0.297328 0.102603 15 4 13 3
12070 11981 89 15 0.299898 0.287107 0.0127907 13 6 13 6
12400 12020 380 2 0.299959 0.255296 0.0446628 15 4 15 4
12791 12567 224 5 0.699986 0.670818 0.0291679 14 5 11 5
13338 13213 125 1 0.39997 0.384113 0.0158572 13 7 13 5
13472 13033 439 17 0.399898 0.349066 0.0508313 12 7 11 6
13633 13394 239 3 0.599895 0.567631 0.0322642 16 3 13 3
13959 13735 224 16 0.699971 0.668674 0.0312975 13 6 8 4
14278 14061 217 11 0.499908 0.475062 0.0248459 15 4 15 2
14348 13991 357 9 0.399998 0.354214 0.0457839 14 5 13 5
14760 14576 184 8 0.399963 0.374672 0.0252905 7 12 7 12
14813 14503 310 6 0.499915 0.46221 0.0377052 15 4 11 4
15890 14899 991 0 0.699982 0.550039 0.149943 16 3 12 3
16385 16286 99 14 0.69999 0.688767 0.0112234 13 6 9 3
16531 16245 286 13 0.599898 0.564444 0.035454 12 7 8 6
16881 16705 176 7 0.49998 0.477774 0.0222059 16 3 14 3
17025 16890 135 4 0.699935 0.68339 0.016545 12 7 9 4
17101 16798 303 19 0.299989 0.260932 0.0390575 10 9 10 9
17251 17059 192 3 0.799922 0.773933 0.0259897 16 3 10 2
17358 17035 323 12 0.499979 0.461342 0.0386375 13 6 12 5
17797 16697 1100 10 0.499832 0.363294 0.136539 12 7 11 7
18032 17858 174 18 0.599999 0.576782 0.0232173 14 5 11 5
18538 18297 241 5 0.499942 0.470949 0.0289923 15 4 13 4
18742 18430 312 2 0.599795 0.5606 0.0391955 13 6 10 3
19433 19205 228 8 0.799926 0.771746 0.0281799 12 7 8 3
19649 19318 331 17 0.599984 0.558605 0.0413792 12 7 12 6
20090 19702 388 15 0.399972 0.349845 0.0501274 16 3 14 3
20201 20060 141 14 0.699973 0.67983 0.0201438 10 9 10 9
20690 20571 119 1 0.399947 0.384285 0.0156618 13 7 13 6
20988 20722 266 13 0.699962 0.665531 0.0344312 14 5 12 5
21166 21006 160 9 0.499933 0.481616 0.0183169 15 4 13 4
21184 20991 193 6 0.499993 0.467565 0.0324282 15 4 13 4
21388 21100 288 16 0.299985 0.261007 0.0389784 15 4 15 4
21468 21255 213 11 0.399946 0.371421 0.0285244 14 5 14 5
21674 21452 222 7 0.699985 0.670307 0.0296773 14 5 12 4
22523 22188 335 3 0.499936 0.46021 0.0397257 16 3 15 3
23144 22763 381 10 0.699997 0.648763 0.0512338 13 6 13 4
23242 23107 135 4 0.399788 0.382635 0.0171527 16 3 16 3
23268 22988 280 2 0.69992 0.664948 0.0349726 19 0 14 0
23442 23324 118 19 0.599849 0.584642 0.0152074 9 10 9 8
23495 23307 188 0 0.299973 0.272632 0.0273406 11 8 11 7
23876 23777 99 18 0.499909 0.486206 0.0137022 10 9 9 9
23878 23797 81 12 0.469152 0.45965 0.00950158 11 8 11 7
24864 24451 413 8 0.499851 0.444754 0.0550968 14 5 11 5
25098 24784 314 5 0.499942 0.45523 0.0447126 12 7 12 7
26091 26038 53 15 0.599912 0.593178 0.00673343 13 6 12 6
26299 25844 455 6 0.699771 0.641245 0.0585258 14 5 9 4
26776 26549 227 14 0.399956 0.370028 0.0299283 12 7 12 6
27292 26973 319 17 0.29999 0.262932 0.0370574 14 5 14 5
27334 27281 53 11 0.599906 0.591916 0.00799037 17 2 14 2
27391 27107 284 13 0.399993 0.362707 0.0372862 14 5 14 4
27439 26288 1151 1 0.59997 0.411194 0.188776 13 7 11 4
28074 27900 174 2 0.599789 0.579714 0.0200746 19 0 17 0
28317 27927 390 7 0.399955 0.350152 0.0498027 15 4 13 4
28606 28480 126 16 0.499991 0.483589 0.016402 12 7 12 7
28828 28474 354 12 0.699928 0.655929 0.0439992 14 5 10 3
29011 28894 117 9 0.299939 0.283685 0.0162539 15 4 15 4
29214 29159 55 10 0.39995 0.391652 0.00829733 10 9 10 9
29262 29156 106 19 0.499974 0.484899 0.0150756 12 7 11 6
29461 29139 322 18 0.599924 0.563193 0.0367314 14 5 13 4
