1553 1492 61 19 0.799969 0.790262 0.00970656 12 1 12 1
1594 1468 126 12 0.799953 0.785256 0.0146974 13 4 12 2
1602 1471 131 5 0.799939 0.780292 0.0196474 13 0 13 0
1612 1559 53 16 0.79999 0.79377 0.00621959 11 0 11 0
1700 1453 247 3 0.799937 0.770802 0.0291357 9 0 9 0
1705 1510 195 9 0.799922 0.774742 0.0251803 12 1 12 1
2371 2318 53 1 0.69997 0.693518 0.00645226 12 5 12 5
2390 2337 53 0 0.69994 0.691535 0.00840502 13 2 13 2
2396 2258 138 6 0.699913 0.681542 0.0183712 16 2 16 2
2426 2315 111 8 0.699954 0.684799 0.0151557 18 0 18 0
2553 2376 177 14 0.699926 0.677062 0.0228642 13 2 13 2
3348 3003 345 4 0.599996 0.55918 0.0408156 12 5 12 5
3476 3173 303 15 0.599905 0.558867 0.0410378 16 3 16 3
3485 3096 389 13 0.599924 0.549755 0.0501686 15 3 15 3
3812 3707 105 11 0.499904 0.485504 0.0144001 16 0 16 0
4302 4033 269 16 0.7998 0.764446 0.0353536 18 1 15 1
4757 4666 91 18 0.399961 0.386749 0.0132116 15 4 15 4
4790 4723 67 2 0.399972 0.388904 0.0110676 15 4 15 4
4934 4748 186 7 0.399965 0.376323 0.0236421 17 2 18 3
5522 5416 106 17 0.299988 0.28482 0.0151683 12 7 12 7
5873 5503 370 10 0.299916 0.248707 0.0512097 17 2 17 2
5896 5748 148 12 0.599986 0.581448 0.0185377 17 4 13 1
6151 5831 320 9 0.59993 0.559383 0.0405466 13 5 13 5
6662 6443 219 19 0.499969 0.47333 0.0266396 14 5 14 5
7003 6857 146 8 0.599897 0.579759 0.0201381 15 4 13 4
7014 6680 334 3 0.499976 0.457927 0.0420488 13 4 13 4
7314 7193 121 14 0.599981 0.583344 0.0166375 16 3 12 3
7571 7297 274 5 0.399984 0.36272 0.0372641 18 1 18 1
7936 7532 404 6 0.499984 0.452124 0.0478593 14 5 11 5
7957 7595 362 0 0.499784 0.454126 0.0456574 12 7 11 7
8046 7751 295 13 0.699893 0.662455 0.037438 13 6 9 5
8720 8433 287 1 0.399999 0.362159 0.0378393 8 11 8 9
9417 9090 327 4 0.499926 0.461313 0.0386129 8 11 8 10
9474 9199 275 12 0.79994 0.762767 0.0371729 17 3 8 2
9543 9210 333 16 0.49997 0.461585 0.0383856 14 5 13 5
10213 10116 97 15 0.399955 0.387269 0.0126859 12 7 12 7
11339 11228 111 9 0.59998 0.585187 0.0147934 16 2 16 1
11578 11372 206 10 0.699914 0.673327 0.0265878 15 4 13 4
11759 11545 214 11 0.299952 0.269949 0.0300024 12 6 12 6
11834 11664 170 3 0.699946 0.68086 0.0190866 15 2 12 1
12176 11832 344 5 0.799958 0.758757 0.0412012 17 2 12 2
12264 11967 297 18 0.399909 0.364332 0.0355763 16 3 15 3
12335 12109 226 17 0.499908 0.47126 0.0286477 11 8 9 7
12375 12154 221 2 0.399899 0.370874 0.0290253 12 7 11 7
12410 12253 157 7 0.399922 0.380821 0.0191008 16 3 15 3
12483 12032 451 12 0.799925 0.738886 0.061039 18 3 11 2
12983 12821 162 19 0.499903 0.479132 0.0207701 14 5 14 5
13238 12952 286 14 0.4999 0.461301 0.0385984 17 2 14 2
13677 13471 206 13 0.499902 0.473251 0.0266513 15 4 14 4
13967 13760 207 1 0.699826 0.675186 0.0246398 12 7 11 7
14654 14378 276 8 0.299969 0.266678 0.0332908 17 2 17 2
15500 15137 363 15 0.699899 0.65507 0.044829 12 7 8 3
15853 15769 84 0 0.299987 0.290756 0.00923111 11 8 11 8
15937 15796 141 12 0.699991 0.682191 0.0177996 16 5 5 3
16006 15730 276 6 0.299944 0.266635 0.0333087 13 6 13 6
16450 16192 258 3 0.59992 0.568178 0.0317417 15 3 12 1
16777 16595 182 2 0.799966 0.778794 0.0211717 17 2 11 1
17082 16960 122 1 0.799901 0.783732 0.0161694 12 7 7 3
17541 17277 264 4 0.299776 0.268264 0.0315115 14 5 13 5
17550 17473 77 16 0.299911 0.289017 0.010894 17 2 17 2
17911 17740 171 17 0.599938 0.57931 0.0206277 15 4 14 3
18191 17809 382 10 0.399886 0.349885 0.0500009 13 6 11 5
18205 18139 66 7 0.599988 0.589844 0.0101439 12 7 11 5
18884 18629 255 9 0.299895 0.267374 0.0325205 13 6 12 6
19137 18882 255 5 0.299941 0.267448 0.0324938 16 3 16 3
19285 19050 235 13 0.599939 0.565448 0.0344908 17 2 14 1
19310 19170 140 19 0.499969 0.479236 0.0207326 11 8 10 7
19452 19399 53 15 0.699881 0.691605 0.00827633 12 7 5 4
19609 19535 74 11 0.399955 0.389466 0.0104892 12 7 12 6
19631 19578 53 18 0.399946 0.391314 0.00863209 10 9 10 9
19643 19383 260 14 0.499954 0.464467 0.035487 8 11 7 11
19721 19598 123 12 0.699961 0.682741 0.01722 15 6 8 4
20593 20451 142 0 0.799989 0.783039 0.0169497 12 7 7 3
21155 20770 385 8 0.599975 0.552252 0.0477234 16 3 12 3
21204 20905 299 2 0.599938 0.563476 0.0364621 17 2 13 2
21395 21146 249 1 0.599961 0.570081 0.0298794 14 5 14 4
22442 22354 88 15 0.799929 0.788759 0.0111708 14 5 9 2
22592 22292 300 3 0.499965 0.461313 0.0386525 13 6 11 6
23119 23065 54 16 0.699866 0.692123 0.00774269 17 2 11 1
23411 23149 262 6 0.499912 0.46809 0.0318214 16 3 14 2
23685 23502 183 13 0.699911 0.677813 0.0220976 14 5 12 4
24141 24019 122 10 0.599986 0.584898 0.0150874 17 2 15 2
24728 24340 388 17 0.399956 0.347286 0.0526695 16 3 16 3
24737 24651 86 0 0.599913 0.58346 0.0164527 13 6 11 6
24960 24773 187 4 0.49981 0.475373 0.0244366 13 6 13 5
24968 24772 196 7 0.399893 0.373694 0.0261993 14 5 13 5
25255 25036 219 12 0.499928 0.474121 0.0258068 17 4 16 2
25529 25349 180 5 0.599905 0.577884 0.0220202 17 2 15 1
25551 25300 251 18 0.599988 0.569378 0.0306103 18 1 15 1
26205 25984 221 9 0.499975 0.471451 0.0285236 16 3 16 3
26320 26102 218 11 0.499968 0.474173 0.0257946 15 4 14 2
26414 26304 110 2 0.599974 0.587476 0.0124986 16 3 14 3
26489 26273 216 19 0.399981 0.372073 0.0279083 13 6 13 6
27106 27027 79 1 0.499908 0.487415 0.0124933 14 5 13 4
27302 27021 281 8 0.49994 0.464102 0.0358388 17 2 15 2
27396 27155 241 3 0.699821 0.667989 0.0318322 12 7 11 5
27877 27497 380 14 0.299928 0.25367 0.0462578 15 4 15 4
28335 28055 280 15 0.399984 0.36628 0.0337033 12 7 12 7
28373 28181 192 18 0.899914 0.876854 0.0230598 18 1 7 1
29855 29588 267 4 0.69998 0.666281 0.0336995 14 5 12 4
