884 720 164 4 0.899984 0.877611 0.0223733 10 0 10 0
886 687 199 11 0.899912 0.87441 0.0255023 11 0 11 0
899 767 132 18 0.899897 0.881324 0.0185726 8 1 8 1
930 774 156 0 0.899977 0.879061 0.0209162 9 1 9 1
2440 2232 208 3 0.699918 0.675594 0.0243237 14 2 14 2
2444 2221 223 13 0.699954 0.671381 0.0285727 15 1 15 1
2481 2209 272 19 0.699868 0.662282 0.0375869 16 0 16 0
2544 2301 243 14 0.699925 0.666282 0.0336429 15 2 15 2
2618 2408 210 7 0.699949 0.671761 0.0281879 15 0 15 0
2660 2279 381 12 0.699946 0.652823 0.0471231 17 1 17 1
2694 2376 318 1 0.699906 0.66055 0.0393559 16 1 16 1
3174 3065 109 8 0.599959 0.585979 0.0139805 15 1 15 1
3194 3137 57 6 0.599956 0.593472 0.00648486 14 5 14 5
3222 3084 138 17 0.599972 0.583479 0.0164926 13 2 13 2
3258 2997 261 10 0.599985 0.568692 0.0312937 17 1 17 1
3289 3204 85 5 0.599899 0.589135 0.0107648 12 2 12 2
4093 4029 64 2 0.49994 0.491852 0.00808769 10 8 10 8
4109 3953 156 16 0.499935 0.480709 0.0192264 14 3 14 3
4160 3859 301 11 0.699972 0.659859 0.0401133 11 7 11 7
4896 4603 293 4 0.599922 0.564771 0.0351514 12 6 10 6
4920 4728 192 9 0.399995 0.377607 0.0223873 12 7 12 7
5031 4778 253 15 0.399936 0.367168 0.0327681 14 5 14 5
5664 5406 258 18 0.499904 0.467316 0.0325886 13 6 13 6
6318 6209 109 3 0.699891 0.686684 0.0132064 13 6 11 4
7101 7048 53 0 0.29992 0.293043 0.00687744 16 3 15 3
7152 6897 255 13 0.599953 0.571138 0.028815 17 2 14 2
7274 7071 203 19 0.599985 0.576458 0.0235269 14 3 11 3
7331 6991 340 7 0.599977 0.55886 0.0411167 15 4 14 4
7705 7424 281 10 0.699943 0.667109 0.0328332 16 3 13 3
7956 7903 53 12 0.499931 0.494107 0.00582465 14 5 13 5
8264 8009 255 14 0.499976 0.466123 0.0338533 14 5 14 5
8377 8186 191 17 0.599981 0.576837 0.0231433 14 5 13 5
8407 8090 317 6 0.599912 0.559801 0.0401106 17 2 14 2
9026 8735 291 8 0.499949 0.462979 0.0369695 15 4 14 4
9240 8954 286 1 0.39999 0.361513 0.0384774 13 6 11 6
9311 9141 170 4 0.699915 0.675587 0.0243275 12 7 9 5
9732 9407 325 2 0.599945 0.558416 0.0415291 13 6 13 5
9939 9847 92 5 0.3999 0.388592 0.0113074 13 6 13 6
9987 9427 560 16 0.599821 0.511656 0.0881647 14 5 13 5
10011 9822 189 9 0.699923 0.673329 0.0265944 12 7 8 6
10170 9970 200 3 0.699971 0.675445 0.0245262 17 2 12 1
11368 11315 53 11 0.299888 0.292938 0.0069496 12 7 12 7
11806 11572 234 7 0.699992 0.670911 0.029081 13 6 10 5
11970 11854 116 18 0.499805 0.485368 0.0144378 11 8 10 8
12727 12543 184 17 0.699916 0.67881 0.021106 15 4 10 4
12855 12292 563 0 0.699938 0.631084 0.0688535 16 3 14 1
12884 12476 408 15 0.399997 0.345556 0.0544404 15 4 15 4
12960 12898 62 13 0.499893 0.491446 0.00844709 14 5 14 5
13205 13061 144 3 0.799939 0.78333 0.016609 18 1 10 1
13439 13117 322 12 0.599982 0.562643 0.0373398 15 4 14 4
13578 13166 412 10 0.499943 0.443265 0.0566777 14 5 13 5
13625 13401 224 1 0.799852 0.770861 0.0289911 13 6 9 4
13779 13631 148 8 0.699987 0.678256 0.0217313 14 5 11 4
13933 13801 132 19 0.399901 0.382218 0.0176832 14 5 14 5
14830 14534 296 9 0.6 0.560795 0.0392053 10 9 7 8
15983 15522 461 4 0.399967 0.343084 0.0568833 14 5 14 5
16115 15919 196 6 0.299968 0.275938 0.0240303 15 4 14 3
16428 16039 389 12 0.899907 0.847442 0.052465 18 1 11 0
16469 16323 146 7 0.599805 0.576131 0.0236744 13 6 13 6
16488 16148 340 1 0.799944 0.753912 0.0460322 12 7 9 3
16577 16476 101 3 0.699988 0.685683 0.0143054 17 2 13 2
16611 16154 457 14 0.299966 0.234665 0.0653011 15 4 15 4
17115 16750 365 0 0.699948 0.653062 0.046886 14 5 10 5
17176 16859 317 16 0.399962 0.359719 0.0402432 14 5 13 5
17344 17200 144 5 0.399897 0.379929 0.0199686 12 7 12 7
17474 17392 82 11 0.599953 0.587011 0.0129421 15 4 15 3
17526 17214 312 2 0.299977 0.257616 0.042361 16 3 16 3
17919 17536 383 8 0.699935 0.652598 0.0473366 14 5 9 5
18019 17922 97 17 0.499977 0.486408 0.0135687 11 8 11 8
18149 17816 333 15 0.69991 0.65921 0.0407001 14 5 13 5
18714 18070 644 18 0.499975 0.423132 0.0768431 12 7 12 4
19064 18969 95 13 0.499807 0.482322 0.0174851 7 12 7 11
19881 19751 130 9 0.599892 0.580407 0.0194848 10 9 7 7
20437 20327 110 12 0.599944 0.585004 0.0149393 14 5 13 5
21475 21164 311 19 0.399943 0.362082 0.0378604 12 7 11 7
21598 21545 53 10 0.299926 0.294116 0.00581002 13 6 13 6
21750 21539 211 1 0.499935 0.475765 0.0241703 16 3 12 3
21902 21755 147 0 0.599988 0.58027 0.0197182 15 4 13 2
22529 22362 167 14 0.699912 0.677804 0.0221079 13 6 7 4
22578 22525 53 3 0.399839 0.392394 0.00744521 15 4 14 4
23266 22979 287 16 0.599923 0.565322 0.0346003 17 2 14 1
23295 22997 298 6 0.499993 0.464872 0.0351206 19 0 16 0
23357 23061 296 5 0.599935 0.564546 0.0353893 13 6 11 4
23464 23403 61 18 0.699925 0.691901 0.00802454 12 7 12 6
23805 23480 325 4 0.399989 0.357743 0.0422454 17 2 17 2
23822 23518 304 15 0.499925 0.463231 0.0366934 13 6 12 6
24025 23971 54 11 0.399964 0.392264 0.00769976 14 5 14 5
24118 23748 370 7 0.299903 0.255426 0.0444773 15 4 15 3
24808 24545 263 12 0.699985 0.669122 0.0308628 15 4 9 2
25365 25183 182 13 0.499913 0.47225 0.0276631 11 8 11 8
25449 24950 499 8 0.299961 0.227386 0.072575 14 5 12 5
25661 25419 242 2 0.399931 0.370008 0.0299226 9 10 8 10
25690 25458 232 14 0.799961 0.771031 0.0289304 14 5 7 4
25861 25772 89 17 0.29991 0.286733 0.0131769 14 5 14 5
27697 27241 456 19 0.599826 0.54416 0.0556658 10 9 9 7
27796 27743 53 10 0.599967 0.592578 0.00738912 17 2 12 0
28073 27207 866 9 0.299901 0.19838 0.10152 14 5 14 4
28822 28769 53 16 0.573699 0.567123 0.00657622 15 4 6 4
28920 28787 133 1 0.399989 0.38056 0.0194286 15 4 10 3
29159 28456 703 0 0.399891 0.307308 0.0925828 15 4 14 4
29370 29198 172 15 0.599929 0.576761 0.0231685 14 5 13 5
29744 29391 353 12 0.599994 0.557733 0.0422606 15 4 11 3
29776 29552 224 7 0.69999 0.668013 0.0319768 13 6 12 4
