813 729 84 10 0.89988 0.886414 0.0134658 7 0 7 0
861 682 179 6 0.899952 0.876477 0.0234756 6 0 6 0
909 779 130 8 0.899945 0.881826 0.0181199 8 5 8 1
933 768 165 3 0.899933 0.875892 0.0240413 8 0 8 0
986 675 311 14 0.89996 0.860385 0.0395754 7 0 7 0
1555 1414 141 5 0.799902 0.781623 0.0182791 10 2 10 2
1585 1458 127 12 0.799994 0.785664 0.0143301 9 2 9 2
1674 1549 125 2 0.799948 0.78261 0.017338 14 1 14 1
1778 1535 243 4 0.799912 0.769042 0.0308699 10 1 10 1
2486 2374 112 9 0.699962 0.68581 0.014152 13 4 13 3
2503 2381 122 17 0.699958 0.68243 0.0175282 15 3 15 3
2691 2275 416 7 0.699897 0.645377 0.0545205 12 1 12 1
2740 2467 273 0 0.699987 0.668478 0.0315089 10 6 10 6
3193 3004 189 3 0.799936 0.778176 0.0217602 14 2 14 2
3229 3109 120 19 0.599896 0.586578 0.0133185 14 4 14 4
3283 2988 295 6 0.799903 0.762327 0.0375766 15 2 11 2
3591 3155 436 15 0.599949 0.546297 0.0536514 15 2 15 2
3958 3863 95 11 0.49994 0.486706 0.0132338 13 4 13 4
4015 3926 89 1 0.49991 0.487469 0.0124413 16 1 16 1
4569 4395 174 10 0.599883 0.576815 0.0230688 12 5 12 5
5071 4772 299 13 0.399947 0.361652 0.038295 17 4 16 3
5158 4687 471 16 0.399935 0.345624 0.0543109 14 5 14 5
5421 5265 156 8 0.49983 0.48064 0.0191896 18 0 18 0
5662 5353 309 18 0.299917 0.264065 0.0358521 14 5 14 5
5724 5513 211 14 0.4999 0.476187 0.0237125 16 3 16 3
5843 5676 167 5 0.599925 0.580446 0.0194791 18 1 16 1
5867 5698 169 12 0.599923 0.576079 0.0238444 10 9 10 9
6012 5692 320 0 0.799926 0.762099 0.0378274 17 1 11 1
6648 6306 342 17 0.69998 0.653174 0.0468057 15 4 10 2
7042 6756 286 4 0.499985 0.463424 0.0365615 9 10 9 10
8072 7732 340 11 0.799953 0.753549 0.0464042 16 3 9 2
8431 8210 221 2 0.299903 0.265386 0.0345169 12 7 11 7
8669 8467 202 9 0.399892 0.373581 0.0263111 14 5 14 5
8816 8722 94 15 0.599762 0.587983 0.0117787 17 2 15 2
8996 8943 53 19 0.499769 0.49026 0.0095091 15 4 14 4
9178 9000 178 7 0.4 0.378273 0.0217269 16 3 16 3
9873 9810 63 6 0.290478 0.284008 0.00647034 9 10 8 9
10075 9721 354 3 0.299943 0.257526 0.0424164 15 4 15 4
10457 10354 103 14 0.699979 0.687285 0.0126946 17 2 12 1
10566 10240 326 16 0.699931 0.659642 0.0402895 15 4 14 3
10626 10333 293 18 0.799928 0.767466 0.032462 16 3 10 2
11035 10838 197 13 0.599912 0.571835 0.0280769 15 6 13 5
11083 10730 353 12 0.599891 0.554425 0.0454658 15 4 13 3
11657 11498 159 11 0.699988 0.679853 0.020135 11 8 9 8
11762 11640 122 1 0.299966 0.281916 0.0180494 13 6 13 6
11867 11560 307 5 0.49999 0.458049 0.041941 13 6 13 6
12116 11861 255 10 0.3 0.268857 0.0311428 12 7 11 7
12193 11800 393 0 0.399806 0.349006 0.0507991 13 6 13 6
12299 12198 101 15 0.79994 0.788839 0.0111011 16 3 4 1
13411 13272 139 14 0.799963 0.781631 0.0183323 18 1 3 0
13535 13174 361 8 0.299797 0.256346 0.0434503 15 4 12 4
13661 13334 327 4 0.499957 0.460459 0.0394982 12 7 8 6
13867 13691 176 17 0.299931 0.276156 0.0237741 15 4 15 4
14524 14319 205 19 0.599944 0.573008 0.0269358 12 7 11 7
15518 15158 360 9 0.499772 0.443836 0.0559353 10 9 9 6
16034 15807 227 7 0.499946 0.470145 0.0298012 16 3 14 3
16424 16121 303 12 0.599931 0.563971 0.0359598 12 7 11 6
16487 16080 407 13 0.599892 0.547133 0.0527588 12 9 11 6
16622 16458 164 18 0.399957 0.377579 0.0223775 13 6 13 5
16955 16802 153 6 0.499923 0.481298 0.0186246 15 4 13 2
17169 16808 361 16 0.399959 0.357383 0.0425762 12 7 12 7
17546 17127 419 15 0.499963 0.444567 0.0553956 16 3 15 3
18162 17927 235 3 0.399988 0.371056 0.0289319 14 5 14 4
18276 16334 1942 2 0.399991 0.138731 0.261261 13 6 13 6
18314 18261 53 4 0.699943 0.692386 0.00755668 10 9 7 5
18824 18578 246 11 0.29999 0.270092 0.0298978 16 3 16 3
19332 19173 159 14 0.399946 0.381342 0.0186041 15 4 14 4
19637 19511 126 19 0.5999 0.584059 0.0158408 13 6 12 4
19920 19614 306 0 0.399934 0.365322 0.0346119 12 7 11 7
20114 19849 265 5 0.299991 0.269175 0.0308163 14 5 14 5
20320 19970 350 10 0.39989 0.356753 0.0431374 12 7 12 4
20337 20260 77 9 0.69999 0.688584 0.0114059 14 5 9 3
20568 20316 252 1 0.299931 0.270265 0.0296658 14 5 14 5
21360 21007 353 17 0.499916 0.453506 0.0464108 13 6 11 6
21955 21665 290 13 0.599978 0.562841 0.0371369 13 8 10 6
22327 22165 162 8 0.299895 0.279527 0.0203672 12 7 12 7
22396 22259 137 7 0.499914 0.481398 0.0185162 14 5 13 5
22575 22247 328 12 0.499916 0.455982 0.0439342 11 8 11 7
22866 22762 104 4 0.599903 0.586147 0.0137554 12 7 12 6
23396 23107 289 16 0.599922 0.563492 0.0364297 12 7 10 6
24026 23667 359 15 0.499901 0.458059 0.0418426 14 5 11 3
24231 24088 143 18 0.399885 0.379424 0.0204604 13 6 12 6
24697 24350 347 14 0.699901 0.655788 0.0441128 18 1 14 1
25066 24662 404 6 0.299973 0.248086 0.0518868 17 2 17 2
25339 25014 325 11 0.59997 0.558361 0.0416091 15 4 10 4
25654 25542 112 3 0.399906 0.385572 0.0143341 13 6 13 6
25812 25581 231 9 0.499892 0.469628 0.0302638 12 7 12 7
25983 25781 202 2 0.499936 0.476203 0.0237326 15 4 15 4
26216 26053 163 17 0.699943 0.676829 0.0231142 15 4 13 2
26790 26618 172 0 0.499958 0.479568 0.0203902 12 7 11 7
27217 26929 288 10 0.499928 0.465319 0.0346086 12 7 12 7
27280 26970 310 19 0.299924 0.263629 0.0362952 13 6 12 6
28340 27928 412 5 0.399978 0.343724 0.0562536 11 8 11 8
28707 28370 337 1 0.399916 0.360012 0.0399041 14 5 14 5
28718 28574 144 4 0.499975 0.48117 0.0188051 15 4 14 4
29495 29442 53 13 0.299922 0.294104 0.0058174 14 7 13 6
29964 29821 143 3 0.799913 0.782289 0.0176236 16 3 11 1
