Time: Decision time: Time difference: ID: Decision charge: Docking charge: Charge difference: 
Time: Decision time: Time difference: ID: Decision charge: Docking charge: Charge difference: 
828 733 95 6 0.899906 0.88571 0.0141962
835 765 70 7 0.899993 0.891053 0.00894015
915 781 134 9 0.899966 0.88384 0.0161268
1633 1580 53 1 0.799915 0.791839 0.00807612
2526 2468 58 4 0.699981 0.691874 0.00810698
2607 2374 233 5 0.69991 0.671296 0.0286139
2783 2484 299 3 0.699896 0.66373 0.0361664
2936 2883 53 6 0.799763 0.790813 0.00895003
3615 3321 294 8 0.599922 0.563588 0.0363344
4785 4566 219 7 0.599894 0.575648 0.0242461
4820 4723 97 9 0.599942 0.587878 0.0120635
4979 4760 219 5 0.899972 0.871594 0.0283784
5239 4962 277 0 0.399903 0.367003 0.0329
5958 5743 215 2 0.299771 0.272569 0.0272021
6760 6690 70 1 0.499907 0.492087 0.00781978
7367 7199 168 5 0.799903 0.781116 0.0187869
8246 8153 93 9 0.799997 0.788418 0.0115787
8842 8754 88 4 0.399948 0.387648 0.0123003
9152 9097 55 3 0.399956 0.392377 0.00757912
9949 9885 64 7 0.599904 0.589644 0.01026
9956 9620 336 6 0.299913 0.257215 0.0426989
10533 10362 171 0 0.699901 0.679926 0.0199751
11338 11285 53 8 0.299863 0.291829 0.00803419
11712 11644 68 9 0.699906 0.690444 0.00946217
11967 11626 341 5 0.599981 0.557488 0.0424931
12586 12326 260 2 0.599943 0.566349 0.0335942
13865 13792 73 4 0.7 0.69125 0.00874958
14134 13847 287 1 0.399901 0.366328 0.0335732
14967 14911 56 7 0.599975 0.592567 0.00740786
15076 15016 60 8 0.899953 0.891404 0.00854929
15210 15157 53 0 0.599961 0.59312 0.00684024
15218 15027 191 3 0.599953 0.578519 0.0214345
15858 15562 296 6 0.699912 0.66377 0.0361424
17274 17088 186 5 0.599923 0.574843 0.0250806
17749 17695 54 2 0.599922 0.591946 0.00797658
17799 17585 214 1 0.899941 0.875281 0.0246602
18157 17978 179 9 0.399994 0.376985 0.023009
18634 18537 97 0 0.799861 0.787186 0.0126756
18949 18559 390 3 0.799812 0.748089 0.0517229
19976 19737 239 6 0.699932 0.672362 0.0275697
20198 19960 238 4 0.399892 0.36936 0.0305318
20643 20314 329 8 0.399956 0.360757 0.0391986
20838 20701 137 5 0.799958 0.783262 0.0166965
20846 20686 160 7 0.499947 0.479592 0.0203545
21052 20844 208 1 0.699932 0.676451 0.0234814
22917 22558 359 3 0.699972 0.656991 0.0429803
23429 23199 230 1 0.899966 0.872248 0.0277186
23540 23241 299 9 0.699966 0.666119 0.0338466
23673 23405 268 5 0.799994 0.766181 0.0338138
24082 23718 364 6 0.69989 0.657838 0.0420525
24563 24455 108 0 0.399962 0.386801 0.0131615
24805 24635 170 7 0.799957 0.778355 0.0216013
25438 25308 130 2 0.299949 0.283746 0.0162028
26361 26080 281 4 0.599941 0.567636 0.0323055
26750 26414 336 1 0.699953 0.657048 0.0429055
26772 26584 188 9 0.799928 0.774519 0.0254086
26801 26582 219 8 0.599935 0.573596 0.0263391
27924 27655 269 3 0.59991 0.568959 0.030951
28400 28181 219 7 0.699987 0.672302 0.0276857
29074 28791 283 6 0.599772 0.567879 0.0318926
29968 29735 233 1 0.799958 0.774337 0.0256211
