Time: Decision time: Time difference: ID: Decision charge: Docking charge: Charge difference: 
735 682 53 5 0.89997 0.893026 0.0069444
850 797 53 7 0.899977 0.892393 0.0075842
927 829 98 9 0.899955 0.88324 0.0167158
1743 1550 193 6 0.799967 0.7744 0.0255671
1880 1592 288 1 0.799984 0.763721 0.0362628
1933 1614 319 3 0.7999 0.760896 0.0390039
3397 3160 237 4 0.599967 0.573579 0.0263875
3625 3485 140 6 0.899991 0.8846 0.0153911
4039 3889 150 9 0.699833 0.682644 0.0171888
4049 3701 348 7 0.699793 0.659656 0.040137
4078 4025 53 0 0.499891 0.491852 0.00803878
4207 3997 210 2 0.499999 0.474264 0.0257354
4391 4042 349 8 0.499931 0.457766 0.0421644
4706 4423 283 5 0.599962 0.565987 0.0339745
7515 7455 60 6 0.59993 0.590754 0.00917602
7532 7292 240 5 0.899932 0.867425 0.0325066
7833 7780 53 3 0.399907 0.392323 0.00758352
8010 7799 211 0 0.799894 0.774485 0.0254083
8126 7801 325 1 0.399869 0.362982 0.0368874
8621 8464 157 4 0.599766 0.580082 0.0196836
9128 8822 306 7 0.599826 0.564189 0.0356368
9807 9666 141 2 0.599923 0.581218 0.0187051
11164 11109 55 9 0.299816 0.291628 0.00818776
11264 11167 97 3 0.899964 0.889109 0.0108556
11671 11443 228 5 0.599983 0.573253 0.0267304
11811 11609 202 8 0.399931 0.377561 0.0223703
12468 12303 165 0 0.599975 0.580266 0.0197089
12553 12437 116 1 0.799901 0.787068 0.0128329
13112 12813 299 4 0.69999 0.664696 0.0352941
14329 14232 97 6 0.399914 0.388604 0.0113102
15117 15026 91 7 0.49999 0.487727 0.0122628
15267 15126 141 5 0.8 0.782106 0.0178942
15874 15655 219 9 0.799929 0.772336 0.0275929
15938 15881 57 3 0.499927 0.488029 0.0118974
16297 15917 380 0 0.799983 0.753866 0.0461164
17021 16967 54 4 0.699971 0.693291 0.00668008
17600 17357 243 2 0.29991 0.27072 0.0291902
18585 18416 169 1 0.399932 0.378894 0.0210379
18879 18602 277 5 0.699916 0.66734 0.0325768
19228 18848 380 7 0.799999 0.755887 0.0441116
19540 19232 308 9 0.699946 0.66212 0.0378257
20019 19644 375 3 0.799894 0.754553 0.0453409
20469 20079 390 8 0.299946 0.250459 0.0494864
21986 21632 354 4 0.599965 0.554556 0.0454089
22423 22291 132 0 0.39996 0.383163 0.0167974
22868 22602 266 9 0.799959 0.767377 0.0325815
22874 22554 320 6 0.299944 0.260322 0.0396218
22922 22678 244 1 0.79991 0.767497 0.0324133
22978 22671 307 3 0.799984 0.760566 0.0394175
24773 24719 54 1 0.899962 0.890999 0.00896312
24948 24685 263 9 0.899999 0.867711 0.0322886
25356 25180 176 7 0.39996 0.377513 0.0224464
25444 25219 225 5 0.399942 0.369464 0.0304778
25887 25560 327 2 0.399921 0.356953 0.0429678
26991 26060 931 8 0.699966 0.535298 0.164668
27527 27169 358 9 0.799915 0.756352 0.0435631
27662 27597 65 6 0.799984 0.790374 0.00961059
28263 28186 77 3 0.499919 0.491279 0.00864003
29033 28749 284 4 0.399906 0.365796 0.0341094
29599 29257 342 1 0.499959 0.457826 0.0421325
