Time: Decision time: Time difference: ID: Decision charge: Docking charge: Charge difference: 
796 719 77 3 0.899981 0.890416 0.00956469
1836 1606 230 5 0.799972 0.772227 0.0277448
2594 2424 170 8 0.699975 0.679882 0.0200929
3398 3223 175 2 0.599927 0.580056 0.0198716
3487 3294 193 7 0.599936 0.577648 0.0222874
3592 3247 345 1 0.599902 0.559367 0.0405353
4145 4092 53 0 0.499985 0.493801 0.00618387
4335 4098 237 6 0.499972 0.469838 0.0301339
4347 4075 272 9 0.499951 0.468748 0.031203
4495 4375 120 3 0.599949 0.58403 0.0159193
5096 4833 263 4 0.399976 0.369815 0.0301606
5372 5317 55 5 0.699992 0.692714 0.00727826
7289 7015 274 3 0.899891 0.867522 0.0323683
7687 7355 332 9 0.899769 0.860574 0.0391953
8344 8147 197 6 0.799891 0.777617 0.0222738
8539 8435 104 2 0.599891 0.585848 0.0140432
8694 8534 160 7 0.599969 0.579435 0.0205338
8782 8538 244 4 0.899967 0.872128 0.0278395
10067 9760 307 8 0.299941 0.26377 0.0361716
10433 10331 102 1 0.399903 0.385667 0.0142353
10853 10723 130 5 0.499982 0.482152 0.0178299
11403 11275 128 0 0.399913 0.383512 0.0164009
11980 11752 228 6 0.699902 0.67247 0.0274321
12807 12669 138 4 0.599864 0.581916 0.0179486
12875 12729 146 2 0.699986 0.683081 0.0169049
13593 13327 266 9 0.399924 0.369616 0.0303082
13859 13687 172 3 0.299904 0.276811 0.0230936
15762 15626 136 8 0.69991 0.68468 0.0152302
15868 15779 89 6 0.699947 0.687704 0.0122434
16280 16135 145 4 0.799972 0.782048 0.0179247
16381 16242 139 7 0.29999 0.281735 0.0182549
16606 16330 276 5 0.599928 0.56462 0.0353082
16749 16627 122 2 0.699925 0.683675 0.0162498
18026 17883 143 1 0.399987 0.383925 0.0160624
18106 17941 165 0 0.499905 0.48016 0.0197449
19545 19247 298 3 0.699963 0.66465 0.0353134
20387 20028 359 5 0.799781 0.758374 0.0414074
20399 20304 95 8 0.599898 0.588026 0.0118713
20437 20323 114 9 0.499956 0.485875 0.0140814
20656 20435 221 6 0.599991 0.570638 0.0293533
21435 21319 116 4 0.499981 0.486258 0.0137233
21551 21427 124 2 0.599994 0.585164 0.0148299
21915 21825 90 7 0.699922 0.687539 0.0123825
23387 23061 326 1 0.699945 0.657269 0.0426756
23781 23602 179 0 0.599938 0.5791 0.0208387
24321 24176 145 9 0.799822 0.782479 0.0173427
24700 24512 188 8 0.699896 0.676373 0.0235234
26042 25816 226 3 0.399967 0.372528 0.0274396
26265 25995 270 4 0.699958 0.669866 0.0300922
26899 26506 393 7 0.599986 0.551331 0.0486547
27451 27162 289 5 0.29992 0.266422 0.0334982
28190 28096 94 6 0.299967 0.287738 0.0122292
28532 28109 423 1 0.599814 0.546795 0.053019
29096 28780 316 0 0.599934 0.562771 0.0371634
29236 29031 205 2 0.299919 0.276313 0.0236067
29416 29311 105 8 0.599939 0.58591 0.0140284
29665 29375 290 9 0.499946 0.464911 0.0350354
