Time: Decision time: Time difference: ID: Decision charge: Docking charge: Charge difference: 
822 769 53 2 0.899928 0.892205 0.00772336
830 762 68 5 0.899983 0.891019 0.00896439
892 773 119 6 0.899909 0.881861 0.0180481
922 805 117 1 0.899825 0.883238 0.0165866
1803 1571 232 7 0.799951 0.77085 0.0291007
2659 2475 184 8 0.699896 0.678019 0.0218774
2680 2353 327 9 0.699902 0.660886 0.0390159
2824 2469 355 3 0.699915 0.656573 0.043342
3334 3238 96 0 0.599992 0.586825 0.0131667
3502 3231 271 4 0.599904 0.566222 0.0336826
4921 4668 253 6 0.599936 0.569444 0.0304921
5605 5375 230 5 0.499945 0.471397 0.028548
5650 5584 66 8 0.799953 0.792446 0.00750657
6022 5702 320 9 0.8 0.763298 0.0367015
6100 5891 209 3 0.799932 0.773915 0.0260169
6528 6394 134 1 0.399909 0.384973 0.0149366
6939 6882 57 2 0.299945 0.291835 0.00810985
7097 6984 113 4 0.799792 0.781666 0.0181255
7840 7713 127 7 0.399907 0.384736 0.015171
8052 7855 197 3 0.899976 0.877285 0.0226913
8249 8164 85 8 0.799904 0.790203 0.00970155
9740 9684 56 4 0.799944 0.792238 0.00770592
9798 9463 335 5 0.799912 0.759289 0.0406229
10069 10014 55 0 0.399894 0.391816 0.00807792
10348 10157 191 3 0.799917 0.774902 0.0250154
11090 10806 284 6 0.499794 0.46718 0.0326144
11870 11595 275 8 0.699997 0.667171 0.0328258
12694 12447 247 1 0.59991 0.568119 0.0317902
12717 12478 239 5 0.799969 0.772356 0.0276125
13135 12935 200 9 0.299924 0.277336 0.0225883
13385 13084 301 4 0.699962 0.660536 0.0394262
13424 13126 298 2 0.599971 0.565549 0.0344217
14252 14107 145 6 0.899978 0.881631 0.0183475
14794 14485 309 5 0.899918 0.86529 0.0346271
15462 15326 136 7 0.399999 0.382937 0.0170614
15553 15355 198 3 0.499928 0.475106 0.024822
15966 15911 55 0 0.599995 0.591278 0.00871751
17713 17420 293 8 0.49998 0.466781 0.0331993
18189 18108 81 6 0.599951 0.588806 0.0111446
18491 18189 302 4 0.599903 0.559879 0.0400233
18584 18520 64 2 0.599777 0.590435 0.00934167
18706 18653 53 5 0.599955 0.591438 0.00851718
20133 20080 53 1 0.299964 0.29299 0.00697383
21420 21297 123 7 0.59992 0.583981 0.0159397
21466 21133 333 9 0.399918 0.358203 0.0417153
21680 21623 57 8 0.787102 0.780481 0.00662139
22097 21823 274 0 0.49994 0.468126 0.0318138
22121 21925 196 3 0.49995 0.477875 0.0220746
23021 22831 190 4 0.699973 0.677399 0.0225744
23682 23629 53 2 0.599946 0.591738 0.00820863
23739 23686 53 5 0.599854 0.591902 0.00795203
24768 24640 128 1 0.799914 0.784073 0.0158408
25746 25678 68 6 0.29989 0.290038 0.00985152
25968 25900 68 8 0.599958 0.591255 0.00870328
26100 25747 353 9 0.799819 0.756222 0.0435966
26281 25927 354 3 0.799987 0.757216 0.0427709
28184 27849 335 2 0.699992 0.662292 0.0377002
28455 28394 61 4 0.499963 0.490695 0.00926725
28486 28135 351 3 0.899968 0.858447 0.0415208
28827 28727 100 5 0.599964 0.588464 0.0115005
28993 28924 69 7 0.299849 0.289336 0.0105138
29261 29021 240 1 0.59999 0.572304 0.0276858
