Time: Decision time: Time difference: ID: Decision charge: Docking charge: Charge difference: 
795 741 54 2 0.899934 0.892479 0.00745503
986 781 205 9 0.899953 0.870398 0.0295551
1581 1528 53 0 0.799971 0.793207 0.00676325
2336 2282 54 4 0.699923 0.693992 0.00593111
2499 2363 136 7 0.699973 0.683236 0.0167365
2704 2383 321 8 0.699905 0.662213 0.0376914
2761 2413 348 6 0.699945 0.658203 0.0417413
3419 3244 175 3 0.599917 0.577209 0.0227086
4056 3723 333 2 0.699932 0.659373 0.0405599
4180 4126 54 5 0.499986 0.493087 0.00689966
5155 4845 310 9 0.599932 0.559407 0.0405251
5832 5776 56 1 0.299899 0.291691 0.00820821
6022 5746 276 0 0.599931 0.566637 0.0332946
6444 6331 113 2 0.899953 0.886367 0.013586
6598 6241 357 7 0.699969 0.65946 0.0405089
6960 6676 284 6 0.699915 0.665497 0.0344179
7707 7432 275 8 0.599953 0.56788 0.0320732
7967 7728 239 4 0.499935 0.470352 0.0295831
8958 8657 301 0 0.89999 0.865414 0.0345761
9581 9442 139 5 0.599936 0.581928 0.0180073
9792 9479 313 9 0.699891 0.66275 0.0371406
10428 10097 331 3 0.399953 0.360992 0.0389603
10781 10543 238 7 0.699956 0.667197 0.0327594
11105 11050 55 2 0.499929 0.491772 0.00815736
12227 11958 269 0 0.699924 0.668188 0.0317357
12281 11919 362 8 0.699896 0.656115 0.0437815
13213 13015 198 7 0.899962 0.873594 0.0263682
14092 13910 182 3 0.899902 0.877198 0.0227035
14199 14146 53 6 0.299853 0.291426 0.00842737
14537 14206 331 4 0.499941 0.459954 0.0399866
14792 14573 219 7 0.89998 0.872969 0.0270111
14843 14549 294 1 0.299916 0.267161 0.0327549
16626 16487 139 2 0.599987 0.584595 0.0153925
17253 17010 243 5 0.299928 0.269429 0.0304991
17307 16981 326 9 0.299973 0.255701 0.0442718
17849 17796 53 7 0.699938 0.692338 0.0076005
17947 17874 73 8 0.499903 0.491565 0.00833836
18669 18396 273 0 0.399937 0.367069 0.0328675
19542 19246 296 4 0.699921 0.663907 0.0360139
19853 19560 293 6 0.699965 0.664716 0.0352498
20461 20263 198 3 0.299927 0.273775 0.0261516
21299 21167 132 1 0.599915 0.585404 0.0145111
21854 21616 238 7 0.699986 0.670596 0.02939
21926 21732 194 4 0.899962 0.876042 0.0239205
24022 23726 296 9 0.599956 0.56704 0.032916
24177 24033 144 7 0.899996 0.884164 0.0158311
24355 24196 159 2 0.299913 0.279223 0.0206899
24369 24225 144 8 0.499987 0.480166 0.0198212
25514 25232 282 5 0.399971 0.367412 0.0325591
25671 25458 213 1 0.699992 0.676608 0.0233835
25793 25740 53 4 0.59999 0.59373 0.00626012
26460 26225 235 0 0.399977 0.371527 0.0284498
27326 27104 222 6 0.299908 0.272418 0.0274891
28815 28665 150 7 0.499966 0.481337 0.0186289
29195 28987 208 2 0.799832 0.775734 0.0240981
29709 29221 488 3 0.299893 0.24256 0.0573335
