Time: Decision time: Time difference: ID: Decision charge: Docking charge: Charge difference: 
875 732 143 9 0.899917 0.883771 0.0161461
899 768 131 1 0.899957 0.883921 0.0160361
1671 1615 56 6 0.799991 0.792316 0.00767581
1858 1618 240 8 0.799778 0.768917 0.0308609
1895 1575 320 5 0.799929 0.75883 0.0410995
2592 2419 173 3 0.699938 0.679436 0.0205022
2832 2479 353 0 0.699914 0.657344 0.0425704
3077 2938 139 1 0.799956 0.784026 0.0159301
4946 4575 371 9 0.599913 0.554624 0.0452882
4948 4819 129 4 0.399961 0.384997 0.0149638
5034 4732 302 3 0.899966 0.862857 0.0371085
5529 5408 121 5 0.699949 0.683424 0.0165244
5853 5763 90 2 0.299977 0.287003 0.0129746
5859 5806 53 7 0.299971 0.293375 0.00659567
5973 5860 113 0 0.799922 0.784985 0.0149368
7834 7594 240 9 0.899931 0.870615 0.0293163
8042 7777 265 8 0.399929 0.366537 0.0333918
8559 8341 218 6 0.299897 0.272611 0.0272863
9469 9293 176 5 0.699946 0.67931 0.0206363
9719 9561 158 7 0.899918 0.87974 0.0201777
9952 9775 177 3 0.499987 0.477288 0.0226987
9997 9717 280 1 0.299998 0.265801 0.0341978
11128 10953 175 0 0.499957 0.476418 0.0235381
12465 12130 335 2 0.599986 0.560015 0.0399704
12726 12469 257 4 0.399925 0.369522 0.0304039
13125 12760 365 7 0.699958 0.65619 0.0437683
13457 13403 54 9 0.399903 0.391981 0.00792187
14150 14000 150 8 0.599986 0.581297 0.0186884
15575 15436 139 3 0.599911 0.582476 0.0174347
15942 15685 257 6 0.499978 0.465428 0.0345494
16639 16564 75 5 0.299955 0.289712 0.0102429
16845 16618 227 0 0.599909 0.570752 0.0291562
17380 17136 244 1 0.499914 0.470799 0.029115
17637 17553 84 2 0.599921 0.587526 0.0123951
18411 18355 56 8 0.699844 0.690846 0.00899773
18828 18775 53 7 0.4999 0.491727 0.00817266
18993 18658 335 4 0.599992 0.562089 0.0379028
20658 20514 144 8 0.899856 0.883666 0.0161905
20726 20556 170 6 0.699999 0.679308 0.0206915
21160 20903 257 9 0.399941 0.369679 0.0302619
21640 21417 223 3 0.499853 0.472892 0.0269609
22862 22804 58 0 0.499907 0.49159 0.00831767
22889 22799 90 8 0.799815 0.787156 0.0126595
23368 23268 100 4 0.699938 0.685595 0.014343
23599 23347 252 7 0.699908 0.668463 0.0314451
24711 24596 115 1 0.39997 0.383173 0.0167969
24888 24636 252 3 0.899922 0.869935 0.0299867
24888 24604 284 5 0.399879 0.366249 0.0336298
25436 25179 257 2 0.299997 0.26817 0.0318266
26487 26294 193 3 0.899791 0.877479 0.0223115
27485 27123 362 8 0.599973 0.557485 0.0424878
27559 27433 126 0 0.699965 0.684175 0.0157909
28022 27903 119 6 0.299979 0.284445 0.0155337
28393 28325 68 7 0.599924 0.590586 0.00933815
28802 28735 67 9 0.399988 0.391056 0.00893203
29007 28655 352 3 0.799973 0.758002 0.0419705
29345 29194 151 5 0.799913 0.781971 0.017942
29768 29608 160 4 0.399821 0.379386 0.0204355
