Time: Decision time: Time difference: ID: Decision charge: Docking charge: Charge difference: 
775 693 82 2 0.899864 0.888324 0.01154
811 758 53 3 0.899894 0.892586 0.00730829
1815 1554 261 6 0.799919 0.765747 0.0341714
2180 2007 173 2 0.899842 0.878081 0.021761
2343 2031 312 3 0.899916 0.863213 0.0367036
2440 2343 97 8 0.699902 0.686488 0.0134145
2536 2446 90 5 0.699944 0.688335 0.0116091
2709 2360 349 7 0.699829 0.656992 0.042837
3637 3353 284 9 0.599984 0.566688 0.0332961
3648 3313 335 0 0.599831 0.560838 0.0389931
4729 4564 165 8 0.899996 0.879689 0.0203064
5218 4868 350 1 0.3999 0.359647 0.0402527
5408 5127 281 2 0.699944 0.667941 0.0320034
5769 5406 363 3 0.69993 0.659455 0.0404747
6054 5688 366 4 0.299775 0.255597 0.0441781
6180 6028 152 6 0.599956 0.583245 0.0167111
7184 7109 75 5 0.599908 0.589723 0.0101856
8470 8296 174 7 0.499972 0.477687 0.0222854
8771 8567 204 8 0.599932 0.574547 0.0253854
8877 8747 130 0 0.599908 0.583015 0.0168933
9926 9519 407 6 0.799814 0.751656 0.0481581
10335 10142 193 2 0.599994 0.574413 0.0255811
10603 10463 140 9 0.399977 0.380622 0.0193546
11397 11295 102 3 0.499957 0.485607 0.0143506
11816 11574 242 4 0.69989 0.671584 0.0283056
12334 12023 311 1 0.499986 0.462532 0.0374542
12379 12158 221 8 0.799972 0.771157 0.0288157
13306 13081 225 5 0.499893 0.471973 0.0279198
13352 13052 300 0 0.699954 0.66513 0.0348243
14105 13988 117 4 0.899789 0.884728 0.0150614
14264 13945 319 7 0.599985 0.563669 0.0363164
14791 14519 272 2 0.699923 0.668734 0.0311889
15851 15646 205 9 0.7 0.673267 0.026733
16161 15926 235 6 0.399968 0.372479 0.0274899
16391 16275 116 5 0.899957 0.887206 0.0127511
16610 16361 249 0 0.799964 0.769812 0.0301521
17228 16961 267 2 0.899926 0.869433 0.0304926
18199 17857 342 1 0.599965 0.559702 0.0402638
18224 17845 379 4 0.599984 0.552694 0.0472903
18528 18475 53 3 0.399903 0.394088 0.00581487
18620 18392 228 8 0.399956 0.372035 0.0279211
18751 18521 230 7 0.699985 0.671779 0.0282055
20513 20195 318 5 0.599993 0.562301 0.0376925
21057 20952 105 0 0.599948 0.587223 0.0127252
21262 21008 254 6 0.69994 0.669946 0.0299939
21874 21750 124 7 0.799996 0.784439 0.0155571
21925 21872 53 2 0.499823 0.492051 0.00777129
22000 21706 294 4 0.7999 0.766078 0.0338219
22974 22687 287 3 0.799895 0.763568 0.0363268
23363 23010 353 9 0.299914 0.257077 0.042837
24228 23987 241 5 0.799928 0.771069 0.0288589
24401 24119 282 1 0.499957 0.465294 0.0346632
25028 24661 367 4 0.799801 0.756122 0.0436786
25403 25226 177 0 0.699957 0.677356 0.0226009
25634 25441 193 8 0.499991 0.4769 0.0230909
25741 25641 100 3 0.799994 0.7879 0.0120942
26840 26787 53 7 0.499874 0.491731 0.00814267
27395 27325 70 2 0.59997 0.589828 0.0101416
27670 27584 86 5 0.699896 0.688229 0.0116672
28186 28089 97 9 0.799952 0.787329 0.0126229
28506 28311 195 1 0.799997 0.778301 0.0216956
28675 28498 177 6 0.299971 0.278507 0.0214638
