Time: Decision time: Time difference: ID: Decision charge: Docking charge: Charge difference: 
789 729 60 1 0.89998 0.893085 0.00689483
809 755 54 3 0.899948 0.893048 0.00689994
880 796 84 5 0.89988 0.889759 0.0101209
1920 1550 370 7 0.799898 0.754822 0.0450755
2409 2125 284 5 0.899857 0.86667 0.0331866
3364 3226 138 2 0.599993 0.583089 0.0169042
3530 3272 258 6 0.599814 0.568687 0.0311269
4268 4101 167 4 0.499821 0.477405 0.0224161
4408 4040 368 8 0.499951 0.455967 0.0439838
4605 4464 141 1 0.599917 0.579428 0.0204895
4812 4755 57 9 0.394829 0.387203 0.00762597
4993 4820 173 0 0.399984 0.377945 0.0220386
5522 5388 134 3 0.499911 0.48296 0.0169502
6673 6303 370 7 0.599827 0.555811 0.0440167
7887 7736 151 6 0.699933 0.680964 0.0189687
8048 7845 203 5 0.399944 0.376272 0.0236716
8428 8310 118 8 0.799834 0.783682 0.0161518
9382 9175 207 2 0.49996 0.476976 0.0229837
9785 9677 108 4 0.599938 0.588067 0.0118711
10068 9786 282 9 0.699812 0.666704 0.0331082
10353 10244 109 1 0.499954 0.485608 0.0143462
10415 10166 249 3 0.699904 0.669859 0.0300446
11174 10845 329 6 0.799952 0.760916 0.0390363
11178 10999 179 7 0.699918 0.676013 0.0239047
13343 13290 53 0 0.299948 0.292817 0.00713098
13492 13186 306 2 0.799903 0.761714 0.0381898
13621 13423 198 3 0.799961 0.777058 0.0229028
13733 13455 278 8 0.499939 0.46618 0.0337592
15016 14727 289 4 0.599922 0.564599 0.0353231
15631 15433 198 6 0.599951 0.575624 0.0243275
15724 15559 165 1 0.599984 0.579122 0.0208622
15888 15534 354 5 0.399842 0.355625 0.0442166
16583 16410 173 9 0.399899 0.380081 0.019818
17076 17018 58 3 0.699986 0.69063 0.00935521
18072 17856 216 2 0.599947 0.573182 0.0267651
18390 18312 78 7 0.299957 0.289192 0.0107652
19070 18743 327 0 0.699938 0.661514 0.0384236
19427 19148 279 1 0.799962 0.766388 0.0335738
20312 20100 212 4 0.599999 0.573878 0.0261205
20996 20943 53 8 0.399923 0.393464 0.00645876
21914 21586 328 6 0.499947 0.459499 0.0404478
22932 22870 62 1 0.69995 0.693091 0.00685896
23008 22720 288 5 0.499918 0.464623 0.0352952
23280 23103 177 2 0.599939 0.577625 0.0223133
23600 23253 347 3 0.39995 0.359721 0.0402288
25069 24795 274 9 0.299944 0.266381 0.0335639
26601 26235 366 0 0.299902 0.256193 0.0437086
27129 27076 53 4 0.399998 0.394176 0.00582111
27130 26801 329 8 0.599904 0.559751 0.0401532
27306 27115 191 7 0.299924 0.275921 0.0240027
28459 28305 154 6 0.499988 0.483057 0.0169311
28556 28338 218 2 0.599957 0.572631 0.027326
28842 28575 267 5 0.599948 0.569627 0.0303213
