Time: Decision time: Time difference: ID: Decision charge: Docking charge: Charge difference: 
Time: Decision time: Time difference: ID: Decision charge: Docking charge: Charge difference: 
866 813 53 4 0.899948 0.891984 0.007964
1841 1616 225 3 0.799933 0.772097 0.0278357
2529 2476 53 7 0.699887 0.692661 0.00722637
2541 2484 57 1 0.699895 0.691488 0.00840732
2679 2391 288 9 0.699918 0.664817 0.0351012
3418 3235 183 8 0.599983 0.576731 0.0232521
3862 3773 89 4 0.699994 0.688766 0.0112275
4108 3998 110 2 0.499902 0.485646 0.0142558
4159 3933 226 0 0.499924 0.474229 0.0256953
4250 4072 178 6 0.499918 0.478967 0.0209509
4968 4594 374 7 0.899903 0.854179 0.0457237
5830 5670 160 5 0.299951 0.281162 0.0187895
6242 6149 93 3 0.599805 0.587469 0.0123363
7326 7265 61 7 0.799906 0.791926 0.00797924
7373 7258 115 6 0.899949 0.883703 0.0162459
7482 7148 334 1 0.599975 0.561193 0.0387821
8011 7679 332 8 0.699896 0.662488 0.0374079
9008 8740 268 2 0.699912 0.66654 0.033372
9123 9050 73 9 0.399979 0.389832 0.0101478
9763 9678 85 0 0.599931 0.589715 0.0102161
10435 10382 53 3 0.69997 0.693544 0.0064257
11204 10973 231 4 0.299906 0.272309 0.0275972
11521 11291 230 5 0.699921 0.670094 0.0298267
12450 12362 88 7 0.499903 0.487234 0.0126695
12960 12634 326 1 0.599878 0.561589 0.0382887
13837 13642 195 6 0.299925 0.275509 0.0244165
14614 14556 58 2 0.499963 0.493303 0.00665994
15095 14769 326 0 0.599975 0.560641 0.0393344
15183 14933 250 9 0.599962 0.571376 0.0285855
15292 14959 333 3 0.599875 0.561575 0.0383003
15422 15199 223 8 0.299963 0.271378 0.028585
16292 16163 129 5 0.599991 0.584368 0.015623
16940 16713 227 4 0.699971 0.671721 0.0282502
19286 18934 352 1 0.4999 0.458256 0.0416433
19377 19268 109 8 0.899921 0.886221 0.0137002
19504 19419 85 0 0.699976 0.68916 0.010816
19508 19446 62 9 0.69988 0.691091 0.00878832
20304 20031 273 2 0.599914 0.567293 0.0326211
20600 20437 163 3 0.599944 0.580173 0.0197704
20662 20380 282 7 0.299891 0.265579 0.0343123
21021 20931 90 6 0.499946 0.488623 0.0113228
21857 21667 190 4 0.599768 0.574456 0.0253122
23870 23817 53 2 0.799965 0.792529 0.00743655
24170 23798 372 5 0.299928 0.252305 0.0476228
24404 24106 298 9 0.599972 0.564153 0.0358185
24870 24754 116 6 0.799908 0.785821 0.0140874
24877 24771 106 1 0.599983 0.584593 0.0153894
25086 24910 176 0 0.499908 0.480694 0.0192144
25412 25274 138 4 0.799996 0.784433 0.0155636
25662 25609 53 8 0.299894 0.293649 0.00624502
26508 26414 94 2 0.799981 0.788916 0.0110654
27623 27334 289 3 0.399935 0.365555 0.0343806
27685 27435 250 6 0.799778 0.766912 0.0328665
28849 28628 221 9 0.699969 0.672744 0.027225
28896 28668 228 7 0.399902 0.372578 0.0273239
28970 28888 82 0 0.799914 0.790902 0.00901111
29363 28993 370 2 0.799983 0.752538 0.0474457
