Time: Decision time: Time difference: ID: Decision charge: Docking charge: Charge difference: 
845 792 53 0 0.899909 0.892531 0.0073784
1601 1485 116 6 0.799797 0.785881 0.0139165
1682 1585 97 5 0.799927 0.787721 0.012206
1801 1582 219 8 0.79992 0.773026 0.0268942
1904 1548 356 7 0.799935 0.75741 0.0425257
2620 2336 284 1 0.69994 0.663169 0.0367709
3407 3298 109 9 0.599966 0.587256 0.0127101
3480 3278 202 3 0.599969 0.576243 0.0237262
4597 4538 59 0 0.599904 0.591855 0.00804953
4786 4393 393 8 0.799944 0.748445 0.0514994
5819 5651 168 4 0.299896 0.278895 0.0210007
5899 5643 256 1 0.799945 0.77033 0.029615
6029 5728 301 2 0.299904 0.26297 0.0369341
6177 6054 123 3 0.899916 0.883982 0.0159337
6365 6201 164 7 0.599948 0.578419 0.0215287
6839 6626 213 6 0.5 0.473873 0.026127
7130 6724 406 9 0.799923 0.751592 0.0483311
8168 7946 222 0 0.799942 0.773719 0.0262226
8515 8459 56 5 0.299965 0.291566 0.00839966
9416 9319 97 1 0.699868 0.685404 0.014464
9432 9142 290 3 0.699988 0.664913 0.0350743
9996 9717 279 7 0.799976 0.767772 0.0322039
10088 9840 248 9 0.799957 0.770014 0.0299431
11094 10851 243 8 0.399895 0.370128 0.0297673
11605 11552 53 0 0.699906 0.691948 0.00795742
12024 11803 221 7 0.899961 0.872632 0.0273288
12288 12143 145 4 0.59996 0.581688 0.0182724
12447 12392 55 2 0.599896 0.592234 0.00766181
12476 12314 162 6 0.599993 0.58063 0.0193626
14281 14053 228 1 0.599974 0.57274 0.0272339
14541 14488 53 0 0.799874 0.791458 0.00841571
14695 14391 304 9 0.599967 0.563595 0.0363718
15044 14861 183 5 0.599892 0.575322 0.0245701
15721 15652 69 3 0.39989 0.391538 0.00835227
15800 15735 65 2 0.799974 0.790459 0.00951535
15979 15894 85 7 0.599972 0.587595 0.0123765
16071 15706 365 4 0.79986 0.754896 0.0449635
18596 18543 53 8 0.399839 0.392571 0.00726704
18684 18525 159 7 0.899928 0.880161 0.0197671
18691 18487 204 5 0.799967 0.776435 0.0235313
18741 18688 53 0 0.59992 0.593374 0.00654618
18791 18520 271 1 0.699892 0.668475 0.0314165
19223 19170 53 6 0.399978 0.393754 0.00622462
20298 19964 334 2 0.599956 0.561751 0.0382055
20544 20428 116 4 0.599981 0.581681 0.0183002
21158 20856 302 7 0.799998 0.762843 0.0371543
22456 22402 54 9 0.299917 0.292802 0.00711491
23025 22728 297 8 0.799961 0.76357 0.0363908
23137 22900 237 0 0.699959 0.670534 0.0294258
23345 22985 360 5 0.599934 0.556558 0.0433765
24229 24061 168 3 0.299924 0.278139 0.0217853
24504 24187 317 6 0.699934 0.662192 0.0377427
24647 24373 274 1 0.499959 0.464879 0.0350804
25394 25322 72 0 0.899989 0.889584 0.0104057
25882 25664 218 8 0.799944 0.763684 0.03626
26566 26328 238 2 0.49992 0.471429 0.0284916
26640 26331 309 7 0.499858 0.465503 0.0343558
28245 28097 148 4 0.299933 0.281384 0.0185488
28670 28511 159 5 0.599932 0.581333 0.0185992
29380 29182 198 6 0.599915 0.573561 0.0263541
29807 29678 129 3 0.699932 0.684468 0.0154638
