4014 3950 64 0 0.499933 0.492361 0.00757215 9 0 9 0
4062 3982 80 1 0.499911 0.486737 0.013174 8 1 8 1
4084 4023 61 3 0.499947 0.491406 0.00854045 8 1 8 1
4102 3960 142 6 0.499944 0.481832 0.018112 9 0 9 0
4153 4064 89 5 0.4999 0.488706 0.0111943 9 0 9 0
4246 3975 271 4 0.499893 0.467102 0.0327912 8 1 8 1
4260 3944 316 7 0.499968 0.460889 0.0390792 9 0 9 0
4318 4067 251 8 0.499969 0.469146 0.0308233 9 0 9 0
4347 4035 312 2 0.499994 0.462335 0.0376591 9 0 9 0
4468 4090 378 9 0.499909 0.45554 0.0443693 6 3 6 3
10175 10065 110 6 0.499851 0.47951 0.0203408 9 0 9 0
10358 10088 270 0 0.499988 0.467424 0.032564 9 0 9 0
10371 10281 90 5 0.499789 0.487656 0.0121337 9 0 9 0
10558 10290 268 1 0.499905 0.469419 0.0304856 8 1 8 1
10631 10578 53 2 0.49984 0.491004 0.00883585 7 2 7 2
10636 10278 358 3 0.499931 0.455292 0.0446394 9 0 9 0
10709 10605 104 7 0.499979 0.486744 0.0132353 8 1 8 1
10725 10614 111 4 0.499932 0.486022 0.0139097 8 1 7 1
10990 10635 355 8 0.499961 0.460163 0.0397975 8 1 8 1
11048 10719 329 9 0.499987 0.461893 0.0380943 7 2 7 2
16795 16462 333 6 0.499946 0.46049 0.0394567 9 0 9 0
16921 16598 323 5 0.499909 0.463298 0.036611 9 0 9 0
16981 16843 138 7 0.499865 0.48325 0.0166148 9 0 8 0
16991 16850 141 0 0.499895 0.483491 0.0164042 8 1 8 1
17031 16853 178 2 0.499982 0.477821 0.0221617 8 1 8 1
17150 17016 134 3 0.499944 0.48229 0.0176539 7 2 7 2
17202 17019 183 4 0.499949 0.477857 0.0220918 8 1 8 1
17228 16916 312 1 0.499965 0.462514 0.0374503 9 0 9 0
17491 17207 284 9 0.499895 0.463841 0.0360531 7 2 7 2
17505 17339 166 8 0.499898 0.479856 0.0200419 7 2 7 2
23286 23194 92 5 0.499789 0.487701 0.0120877 9 0 9 0
23363 23073 290 6 0.499979 0.465288 0.0346907 9 0 9 0
23414 23189 225 7 0.499917 0.473004 0.0269131 9 0 9 0
23491 23136 355 0 0.499848 0.457633 0.0422152 8 1 8 1
23517 23279 238 2 0.499957 0.466809 0.0331471 9 0 9 0
23536 23381 155 4 0.5 0.481661 0.0183391 8 1 7 1
23679 23386 293 3 0.499915 0.466283 0.0336319 8 1 7 1
23840 23554 286 1 0.499918 0.464315 0.0356022 8 1 8 1
24099 23781 318 8 0.499969 0.461647 0.0383222 5 4 5 4
24191 23870 321 9 0.499986 0.461374 0.0386113 7 2 7 2
29549 29496 53 5 0.499878 0.49259 0.00728784 8 1 8 1
29576 29198 378 7 0.499941 0.455747 0.0441944 9 0 8 0
29827 29774 53 2 0.499987 0.49381 0.00617721 9 0 9 0
29938 29885 53 3 0.499894 0.492881 0.00701322 8 1 8 1
29944 29800 144 0 0.499963 0.483148 0.0168151 9 0 9 0
29962 29822 140 4 0.499901 0.481705 0.0181953 8 1 8 1
