3908 3846 62 1 0.499938 0.491378 0.00855979 9 0 9 0
4061 4008 53 7 0.499936 0.494051 0.00588466 9 0 9 0
4202 4098 104 8 0.499984 0.488553 0.0114311 9 0 9 0
4214 4020 194 9 0.499969 0.478637 0.0213313 8 1 8 1
4266 3932 334 3 0.499951 0.458807 0.0411442 9 0 9 0
4317 4060 257 2 0.499898 0.470917 0.0289816 8 1 8 1
4321 3996 325 4 0.499892 0.461951 0.0379411 9 0 9 0
4336 4079 257 6 0.499906 0.469472 0.030434 9 0 9 0
4467 4139 328 5 0.499809 0.459386 0.0404239 8 1 8 1
4484 4160 324 0 0.499894 0.460877 0.0390173 6 3 6 3
10168 10058 110 7 0.499989 0.486879 0.01311 9 0 9 0
10383 10026 357 1 0.49991 0.455173 0.0447363 9 0 9 0
10544 10366 178 8 0.499987 0.474885 0.0251016 8 1 8 1
10703 10533 170 6 0.49991 0.47724 0.0226703 8 1 8 1
10757 10610 147 3 0.499969 0.481362 0.0186066 7 2 7 2
10771 10618 153 4 0.499964 0.482268 0.0176966 9 0 9 0
10807 10611 196 2 0.499902 0.473498 0.0264031 4 5 4 5
10817 10484 333 9 0.499954 0.459766 0.0401882 8 1 8 1
10850 10791 59 5 0.499982 0.492889 0.00709307 9 0 9 0
10984 10829 155 0 0.499914 0.480315 0.0195992 5 4 5 4
16461 16364 97 7 0.49993 0.487575 0.012355 9 0 9 0
16856 16730 126 1 0.499969 0.485772 0.0141974 9 0 9 0
17069 16817 252 8 0.499984 0.467298 0.0326853 7 2 7 2
17091 16969 122 2 0.499903 0.485437 0.0144665 8 1 8 1
17100 17026 74 5 0.49992 0.489203 0.0107166 7 2 7 2
17143 17054 89 4 0.499914 0.489173 0.0107413 9 0 9 0
17191 16997 194 6 0.499963 0.476654 0.0233087 9 0 9 0
17207 17154 53 9 0.499964 0.492858 0.0071056 5 4 5 4
17247 16913 334 3 0.499909 0.46096 0.0389489 9 0 9 0
17515 17262 253 0 0.499911 0.469809 0.0301022 7 2 7 2
22815 22657 158 7 0.499938 0.482567 0.0173711 9 0 9 0
23184 22990 194 1 0.499927 0.475824 0.0241028 9 0 9 0
23448 23334 114 9 0.499954 0.485492 0.0144622 9 0 9 0
23462 23409 53 6 0.499954 0.494069 0.00588484 7 2 7 2
23488 23267 221 8 0.499976 0.472464 0.027512 9 0 8 0
23496 23223 273 5 0.499902 0.468261 0.031641 9 0 8 0
23558 23266 292 2 0.499954 0.465715 0.034239 9 0 9 0
23684 23352 332 4 0.499981 0.46082 0.0391605 8 1 8 1
23839 23783 56 0 0.499954 0.493164 0.00678961 2 7 2 7
23923 23633 290 3 0.499986 0.463228 0.0367579 7 2 5 2
29302 28962 340 7 0.49991 0.459473 0.0404372 9 0 8 0
29541 29488 53 6 0.499969 0.491848 0.00812075 9 0 9 0
29711 29505 206 1 0.499929 0.476951 0.0229777 9 0 8 0
29713 29492 221 9 0.49999 0.475258 0.024732 9 0 9 0
29933 29871 62 2 0.499987 0.492307 0.00768095 7 2 7 2
