3986 3933 53 2 0.499988 0.492443 0.0075442 8 0 8 0
4069 3993 76 6 0.499941 0.489555 0.0103864 9 0 9 0
4081 4000 81 1 0.499939 0.488464 0.0114749 8 1 8 1
4083 3976 107 4 0.499935 0.485612 0.0143226 9 0 9 0
4110 4031 79 0 0.499991 0.488001 0.0119892 6 3 6 3
4119 3981 138 9 0.499857 0.482847 0.01701 8 1 8 1
4138 3938 200 8 0.499942 0.473684 0.026258 8 0 8 0
4139 4014 125 7 0.499965 0.482286 0.0176785 8 1 8 1
4197 4036 161 3 0.4999 0.478784 0.0211165 6 3 6 3
4200 3998 202 5 0.499993 0.475161 0.0248324 9 0 9 0
10125 10067 58 2 0.499907 0.492063 0.00784414 9 0 9 0
10356 10021 335 6 0.499924 0.461441 0.0384832 9 0 9 0
10524 10467 57 8 0.499926 0.491773 0.00815269 6 3 6 3
10545 10311 234 0 0.499941 0.474008 0.0259332 9 0 9 0
10545 10210 335 9 0.499934 0.461111 0.038823 8 1 8 1
10569 10354 215 4 0.499952 0.472233 0.0277192 9 0 9 0
10598 10263 335 1 0.499758 0.460651 0.0391076 8 1 8 1
10613 10355 258 3 0.499859 0.467729 0.0321298 7 2 7 2
10625 10408 217 5 0.499933 0.472911 0.0270226 7 2 7 2
10797 10466 331 7 0.499898 0.460627 0.0392706 8 1 8 1
16343 16240 103 2 0.499938 0.486559 0.0133785 9 0 8 0
16743 16690 53 6 0.499907 0.494078 0.00582928 9 0 9 0
16948 16684 264 8 0.499903 0.469917 0.029986 9 0 9 0
16992 16867 125 3 0.499893 0.485783 0.0141102 9 0 9 0
17030 16885 145 1 0.499891 0.482592 0.0172993 7 2 7 2
17045 16791 254 4 0.499978 0.46799 0.0319884 9 0 9 0
17077 16826 251 5 0.499953 0.470151 0.0298019 8 1 8 1
17175 16920 255 9 0.499843 0.468256 0.0315874 8 1 8 1
17184 16879 305 0 0.499998 0.463126 0.0368714 8 1 8 1
17470 17210 260 7 0.499914 0.469293 0.0306206 5 4 5 4
22888 22545 343 2 0.499899 0.460613 0.0392853 9 0 9 0
22994 22856 138 6 0.499975 0.482444 0.0175302 9 0 9 0
23303 23250 53 3 0.499879 0.49206 0.00781948 9 0 9 0
23330 23249 81 4 0.499903 0.488885 0.0110174 8 1 8 1
23480 23257 223 8 0.499911 0.472696 0.0272142 8 1 7 1
23551 23279 272 1 0.499975 0.46529 0.0346855 9 0 9 0
23570 23345 225 5 0.499907 0.470431 0.0294763 8 1 8 1
23594 23515 79 0 0.499994 0.487023 0.0129705 5 4 5 4
23786 23583 203 7 0.499944 0.47356 0.0263847 8 1 8 1
25246 23426 1820 9 0.499934 0.31614 0.183794 8 1 7 1
29268 29169 99 2 0.49989 0.486799 0.0130915 9 0 9 0
29560 29328 232 6 0.499966 0.471945 0.0280204 8 1 7 1
29735 29552 183 4 0.499919 0.476359 0.0235598 8 1 8 1
29778 29446 332 3 0.499961 0.452548 0.0474128 9 0 9 0
29797 29730 67 8 0.499902 0.489986 0.0099163 6 3 6 3
29914 29833 81 1 0.499946 0.488099 0.0118465 8 1 8 1
