4082 4013 69 0 0.499924 0.491364 0.0085606 9 0 9 0
4124 4071 53 4 0.49993 0.493379 0.00655141 8 1 8 1
4171 4055 116 6 0.499922 0.484798 0.0151234 8 1 8 1
4186 4120 66 2 0.499931 0.490694 0.00923695 8 0 8 0
4187 4002 185 1 0.499929 0.477526 0.0224034 9 0 9 0
4304 4145 159 7 0.499917 0.480135 0.0197816 6 2 6 2
4308 4039 269 5 0.499993 0.468774 0.0312187 9 0 9 0
4325 3977 348 8 0.499943 0.457972 0.0419707 9 0 9 0
4372 4054 318 3 0.49995 0.462141 0.0378094 9 0 9 0
4456 4118 338 9 0.499911 0.458126 0.0417848 9 0 9 0
10370 10221 149 4 0.499933 0.479812 0.0201204 9 0 7 0
10381 10323 58 2 0.49986 0.492736 0.00712382 7 2 7 2
10435 10309 126 1 0.4999 0.481668 0.018232 8 1 7 1
10480 10297 183 6 0.499964 0.478207 0.0217571 9 0 8 0
10551 10296 255 0 0.499954 0.470122 0.0298316 8 1 8 1
10690 10632 58 3 0.499864 0.492832 0.00703138 8 1 7 1
10712 10507 205 7 0.499985 0.473914 0.0260705 8 1 7 1
10777 10619 158 5 0.499988 0.48056 0.0194281 9 0 9 0
10926 10668 258 8 0.499981 0.46965 0.0303313 9 0 8 0
11046 10738 308 9 0.499919 0.463261 0.0366581 6 3 6 3
16755 16565 190 2 0.499806 0.477113 0.0226928 8 1 8 1
16772 16687 85 6 0.499983 0.488425 0.0115588 8 1 7 1
16775 16544 231 4 0.499985 0.470252 0.0297334 8 1 8 1
16941 16756 185 1 0.499949 0.479417 0.0205319 9 0 8 0
17180 16916 264 0 0.499994 0.466675 0.0333192 9 0 8 0
17184 16873 311 3 0.499879 0.461377 0.0385018 9 0 8 0
17292 17020 272 5 0.499904 0.466621 0.0332835 8 1 8 1
17360 17128 232 7 0.499948 0.473381 0.0265669 9 0 9 0
17468 17344 124 9 0.499904 0.484434 0.0154696 8 1 8 1
17528 17225 303 8 0.499976 0.464026 0.0359503 6 3 6 3
23179 22871 308 6 0.499994 0.46401 0.0359843 9 0 9 0
23187 23094 93 4 0.5 0.487576 0.012424 8 1 8 1
23240 22900 340 2 0.499847 0.459124 0.0407233 9 0 9 0
23456 23403 53 0 0.499799 0.49275 0.00704964 7 2 7 2
23497 23444 53 3 0.499908 0.493164 0.00674406 7 2 7 2
23612 23319 293 1 0.499979 0.464953 0.0350261 8 1 8 1
23652 23584 68 9 0.499959 0.492197 0.0077619 9 0 8 0
23811 23648 163 5 0.499997 0.481058 0.0189389 8 1 8 1
23937 23662 275 7 0.499952 0.469088 0.0308638 8 1 8 1
24178 23824 354 8 0.499914 0.456217 0.0436963 4 5 4 5
29406 29349 57 4 0.499938 0.491869 0.00806829 9 0 8 0
29613 29523 90 2 0.499933 0.487465 0.0124678 8 1 8 1
29747 29494 253 6 0.499958 0.470525 0.0294335 9 0 8 0
29779 29576 203 0 0.499979 0.477229 0.0227505 8 1 8 1
29839 29602 237 3 0.499952 0.472399 0.0275536 9 0 9 0
