4092 3962 130 0 0.499904 0.483993 0.0159117 9 0 9 0
4156 4022 134 5 0.499981 0.483523 0.0164576 9 0 9 0
4223 3874 349 8 0.499949 0.460336 0.0396125 9 0 9 0
4242 3988 254 1 0.499957 0.469577 0.0303803 9 0 9 0
4258 3956 302 9 0.49991 0.463533 0.0363765 9 0 9 0
4263 4040 223 7 0.499924 0.472412 0.0275121 7 2 7 2
4266 3949 317 2 0.499948 0.459547 0.0404009 9 0 9 0
4294 3968 326 4 0.499969 0.460906 0.0390624 7 2 7 2
4310 3992 318 6 0.499983 0.462301 0.0376829 7 2 7 2
4366 4101 265 3 0.499941 0.469521 0.0304193 7 2 7 2
10458 10343 115 0 0.499984 0.485109 0.0148751 8 1 8 1
10502 10449 53 7 0.499929 0.493627 0.00630218 9 0 9 0
10630 10577 53 3 0.499927 0.493198 0.0067292 8 1 8 1
10644 10582 62 4 0.499908 0.49124 0.00866804 7 2 7 1
10653 10383 270 5 0.499989 0.469284 0.0307047 9 0 9 0
10662 10558 104 9 0.499933 0.485537 0.0143965 7 2 7 2
10695 10642 53 6 0.499809 0.492374 0.00743455 7 2 7 2
10751 10479 272 8 0.499864 0.468023 0.0318411 9 0 9 0
10798 10517 281 1 0.499916 0.465056 0.0348595 9 0 8 0
10887 10535 352 2 0.499958 0.458069 0.0418889 8 1 7 1
16628 16550 78 0 0.499915 0.4904 0.00951563 9 0 9 0
16897 16728 169 9 0.499959 0.479533 0.0204256 9 0 9 0
16951 16742 209 7 0.499991 0.474681 0.0253103 7 2 7 2
16979 16750 229 3 0.499896 0.474004 0.0258923 9 0 9 0
17005 16862 143 4 0.499892 0.482208 0.0176834 7 2 7 2
17047 16851 196 5 0.499988 0.47604 0.023948 9 0 9 0
17071 16940 131 6 0.499861 0.481532 0.0183284 7 2 7 2
17230 17167 63 1 0.470118 0.462356 0.00776206 8 1 8 1
17285 17195 90 2 0.499967 0.488346 0.0116211 6 3 6 3
17333 17059 274 8 0.499947 0.467928 0.0320194 9 0 9 0
22990 22852 138 0 0.499926 0.484507 0.0154191 9 0 9 0
23220 23110 110 9 0.499959 0.485055 0.0149043 9 0 9 0
23224 23076 148 3 0.499983 0.481547 0.0184352 9 0 9 0
23255 23105 150 4 0.499915 0.479792 0.0201231 9 0 9 0
23327 23060 267 7 0.499975 0.46962 0.0303551 9 0 9 0
23397 23279 118 6 0.499939 0.486397 0.0135413 9 0 9 0
23495 23334 161 5 0.499928 0.479592 0.0203358 7 2 6 2
23699 23499 200 1 0.499987 0.477171 0.0228159 7 2 7 2
23814 23467 347 2 0.499938 0.46015 0.0397885 7 2 7 1
24054 23732 322 8 0.499958 0.462379 0.037579 6 3 6 3
29304 29181 123 0 0.499977 0.486456 0.0135211 9 0 9 0
29400 29317 83 3 0.5 0.490799 0.00920066 9 0 8 0
29707 29389 318 9 0.4999 0.464788 0.0351117 9 0 9 0
29786 29729 57 5 0.499991 0.49179 0.00820124 7 2 7 2
29808 29501 307 4 0.499916 0.463672 0.0362441 8 1 8 1
29836 29642 194 7 0.499898 0.47559 0.0243082 9 0 9 0
29914 29676 238 6 0.499988 0.47207 0.0279176 8 1 8 1
