4074 3959 115 5 0.499901 0.485518 0.0143834 8 0 8 0
4117 3996 121 8 0.499906 0.485603 0.0143025 8 1 8 1
4154 4015 139 7 0.499919 0.484476 0.0154428 9 0 9 0
4164 4047 117 3 0.499933 0.484677 0.0152569 8 1 8 1
4189 4104 85 4 0.499902 0.48997 0.00993238 8 1 8 1
4205 4014 191 9 0.499953 0.476019 0.0239338 9 0 9 0
4317 3967 350 2 0.499903 0.458928 0.0409752 9 0 9 0
4340 4028 312 1 0.499982 0.463047 0.0369346 8 1 8 1
4350 4098 252 6 0.499961 0.468719 0.0312424 8 1 8 1
4405 4162 243 0 0.499903 0.472134 0.0277691 7 1 7 1
10333 10278 55 8 0.499923 0.492682 0.00724003 9 0 9 0
10354 10298 56 3 0.499992 0.491753 0.00823852 9 0 9 0
10367 10183 184 5 0.499995 0.478141 0.0218539 9 0 9 0
10590 10328 262 7 0.499897 0.468885 0.0310123 9 0 9 0
10604 10466 138 9 0.49991 0.484251 0.0156596 8 1 8 1
10641 10364 277 4 0.499996 0.466394 0.0336014 9 0 9 0
10804 10535 269 6 0.499931 0.468552 0.0313794 9 0 9 0
10847 10678 169 1 0.499983 0.478004 0.0219786 6 3 6 3
10864 10684 180 0 0.49993 0.476728 0.0232017 7 2 7 2
11062 10702 360 2 0.499962 0.456213 0.0437493 7 2 7 2
16813 16460 353 8 0.499851 0.457534 0.0423172 9 0 8 0
16883 16617 266 5 0.499927 0.469613 0.0303145 8 1 8 1
16943 16644 299 3 0.49989 0.46462 0.0352702 8 1 6 1
17111 16936 175 4 0.499976 0.4769 0.0230763 8 1 8 1
17123 16926 197 7 0.499933 0.474824 0.0251092 8 1 7 1
17188 17101 87 1 0.499953 0.487732 0.012221 7 2 7 2
17288 16921 367 9 0.499955 0.452723 0.047232 9 0 9 0
17382 17140 242 0 0.499915 0.471765 0.0281496 7 2 6 2
17407 17128 279 6 0.499981 0.466097 0.0338835 9 0 8 0
17819 17496 323 2 0.499899 0.460575 0.0393239 5 4 4 4
23259 23181 78 5 0.499886 0.489031 0.0108548 9 0 9 0
23298 23005 293 8 0.49996 0.463259 0.0367017 9 0 8 0
23322 23260 62 3 0.499988 0.489693 0.0102956 7 2 7 2
23461 23401 60 7 0.499972 0.49119 0.0087824 8 1 8 1
23613 23353 260 4 0.499991 0.468763 0.0312281 9 0 9 0
23616 23288 328 1 0.499966 0.46193 0.0380357 9 0 9 0
23656 23587 69 0 0.499981 0.488326 0.0116551 6 3 6 3
23658 23605 53 9 0.499877 0.491597 0.00828003 6 3 6 3
23762 23643 119 6 0.499958 0.484493 0.0154657 7 2 7 2
24317 24117 200 2 0.499945 0.476017 0.0239284 7 2 7 2
29536 29450 86 3 0.499951 0.48837 0.0115819 9 0 9 0
29578 29358 220 5 0.499972 0.471027 0.0289449 9 0 9 0
29883 29611 272 7 0.499989 0.467246 0.0327426 8 1 8 1
29938 29757 181 9 0.499999 0.477066 0.0229322 8 1 8 1
29943 29641 302 8 0.499913 0.463073 0.03684 8 1 8 1
