4020 3770 250 0 0.499993 0.470786 0.029207 9 0 9 0
4024 3969 55 2 0.49987 0.491617 0.00825389 9 0 9 0
4110 4039 71 7 0.499931 0.491689 0.00824123 8 1 8 1
4197 4092 105 1 0.499921 0.485577 0.0143443 8 0 8 0
4268 3938 330 9 0.499959 0.460539 0.0394202 8 0 8 0
4289 4000 289 6 0.499972 0.464223 0.0357491 8 0 8 0
4353 4077 276 5 0.499935 0.467061 0.0328746 7 1 7 1
4359 4035 324 4 0.499866 0.459412 0.0404534 7 2 7 2
4383 4024 359 3 0.499969 0.457081 0.0428883 9 0 9 0
4442 4102 340 8 0.499941 0.458899 0.0410422 8 1 8 1
10235 10150 85 7 0.499892 0.48808 0.0118126 9 0 9 0
10422 10219 203 2 0.499912 0.474855 0.0250571 9 0 8 0
10601 10335 266 0 0.49993 0.465995 0.0339352 9 0 8 0
10665 10377 288 1 0.499913 0.464129 0.035784 8 1 8 1
10770 10679 91 8 0.499938 0.487835 0.0121033 7 2 7 2
10782 10601 181 4 0.499896 0.47657 0.0233258 7 2 7 2
10861 10666 195 6 0.499943 0.473615 0.0263275 8 1 8 1
10896 10649 247 9 0.499897 0.469764 0.0301333 7 2 7 2
11001 10837 164 5 0.499956 0.481034 0.0189223 8 1 8 1
11021 10705 316 3 0.499965 0.461356 0.0386088 9 0 9 0
16730 16402 328 7 0.499975 0.461852 0.0381231 9 0 9 0
16897 16742 155 2 0.499918 0.479353 0.020565 8 1 8 1
17024 16941 83 0 0.499922 0.488634 0.0112881 7 2 7 2
17148 17085 63 6 0.499942 0.49053 0.00941241 9 0 9 0
17279 17073 206 1 0.499981 0.474042 0.0259381 8 1 8 1
17331 16994 337 8 0.499913 0.459359 0.0405538 7 2 6 2
17379 17307 72 3 0.499803 0.489469 0.0103345 5 4 5 4
17405 17198 207 9 0.499938 0.472765 0.0271724 6 3 6 3
17412 17108 304 4 0.499934 0.462396 0.0375379 8 1 8 1
17485 17269 216 5 0.499954 0.472355 0.0275994 7 2 6 2
23239 22929 310 7 0.499983 0.463797 0.0361862 9 0 9 0
23345 23163 182 0 0.499904 0.477303 0.0226014 9 0 9 0
23365 23092 273 2 0.499935 0.466343 0.0335919 8 1 8 1
23641 23588 53 1 0.49987 0.491866 0.00800316 9 0 9 0
23684 23566 118 3 0.49998 0.48675 0.0132298 8 1 8 1
23705 23623 82 8 0.499942 0.490324 0.00961738 7 2 7 2
23731 23343 388 6 0.49996 0.449366 0.0505941 7 2 7 2
23829 23726 103 4 0.499965 0.486851 0.0131136 9 0 9 0
23906 23652 254 5 0.499905 0.46879 0.0311158 8 1 8 1
23923 23665 258 9 0.499976 0.469507 0.0304691 8 1 8 1
29637 29511 126 7 0.499773 0.482766 0.0170068 9 0 9 0
29801 29507 294 0 0.499807 0.46729 0.032517 9 0 9 0
29888 29663 225 2 0.499973 0.472997 0.0269753 7 2 7 2
29909 29843 66 3 0.49989 0.490189 0.0097008 7 2 7 2
