3940 3887 53 5 0.499985 0.492461 0.00752333 9 0 9 0
3970 3917 53 7 0.499898 0.494073 0.00582425 8 1 8 1
4067 3981 86 6 0.499995 0.487791 0.0122042 8 1 8 1
4100 4027 73 8 0.499943 0.489578 0.0103653 9 0 9 0
4133 4062 71 3 0.499943 0.492086 0.00785641 7 2 7 2
4164 3983 181 4 0.499933 0.476551 0.0233827 9 0 9 0
4246 3920 326 2 0.499936 0.461793 0.038143 9 0 9 0
4314 4083 231 0 0.499892 0.472871 0.0270207 9 0 9 0
4385 4071 314 9 0.499928 0.462182 0.0377463 9 0 9 0
4436 4180 256 1 0.499768 0.467718 0.0320498 9 0 9 0
10252 10089 163 5 0.499934 0.479186 0.0207476 9 0 9 0
10284 9940 344 7 0.499923 0.456816 0.0431074 9 0 9 0
10335 10250 85 8 0.499956 0.490324 0.00963184 8 1 8 1
10395 10288 107 3 0.499811 0.487523 0.0122882 7 2 7 2
10401 10317 84 6 0.499982 0.489398 0.0105836 8 1 8 1
10456 10403 53 4 0.499949 0.492927 0.00702168 5 4 4 4
10780 10614 166 2 0.499996 0.479394 0.0206018 6 3 6 3
10790 10581 209 0 0.499905 0.474052 0.0258525 7 2 7 2
11032 10750 282 9 0.499993 0.467414 0.0325789 8 1 8 1
11066 10711 355 1 0.499931 0.458763 0.0411678 8 1 8 1
16432 16325 107 5 0.499945 0.488073 0.0118724 9 0 9 0
16555 16502 53 7 0.499998 0.494111 0.00588688 9 0 9 0
16718 16614 104 6 0.499778 0.485999 0.0137786 7 2 7 2
16730 16391 339 3 0.49997 0.461087 0.0388822 9 0 9 0
16786 16550 236 8 0.499943 0.472891 0.0270519 9 0 9 0
16940 16605 335 4 0.499758 0.461949 0.0378093 8 1 8 1
17176 17057 119 0 0.49998 0.485553 0.0144268 9 0 9 0
17481 17107 374 2 0.499875 0.457325 0.0425507 8 1 8 1
17566 17428 138 1 0.499981 0.482161 0.0178203 2 7 2 7
17596 17291 305 9 0.499906 0.461034 0.0388713 6 3 6 3
22828 22643 185 5 0.499939 0.474979 0.0249592 7 2 7 2
23050 22997 53 4 0.499852 0.493014 0.00683729 7 2 7 2
23063 22763 300 7 0.499989 0.465192 0.0347963 9 0 9 0
23148 23041 107 8 0.499969 0.488208 0.0117611 9 0 9 0
23191 22996 195 6 0.499975 0.476987 0.0229884 9 0 9 0
23214 23015 199 3 0.499952 0.474968 0.0249845 7 2 7 2
23397 23252 145 0 0.499904 0.480944 0.0189604 5 4 5 4
23931 23751 180 1 0.499903 0.478622 0.0212817 9 0 9 0
24125 23820 305 2 0.499994 0.46256 0.037434 8 1 8 1
24288 23982 306 9 0.499979 0.464419 0.0355593 8 1 8 1
29171 28912 259 5 0.49996 0.46995 0.0300093 9 0 9 0
29535 29364 171 7 0.499937 0.481072 0.0188648 8 1 7 1
29592 29228 364 4 0.499983 0.457625 0.0423577 9 0 9 0
29659 29352 307 8 0.499962 0.465126 0.0348354 9 0 9 0
29735 29437 298 3 0.49989 0.464953 0.0349368 8 1 8 1
29801 29475 326 6 0.499895 0.460587 0.039308 9 0 9 0
29842 29686 156 0 0.499962 0.482811 0.0171511 6 3 6 3
