4100 4047 53 8 0.49993 0.492605 0.00732503 9 0 9 0
4112 4058 54 6 0.499892 0.492215 0.00767738 8 1 8 1
4126 3921 205 5 0.499946 0.47557 0.0243758 9 0 9 0
4191 4132 59 1 0.499926 0.492213 0.00771385 7 2 7 2
4218 3944 274 2 0.499917 0.467826 0.0320917 8 1 8 1
4247 3986 261 0 0.499892 0.466837 0.0330544 9 0 9 0
4382 4108 274 3 0.499915 0.466642 0.0332725 9 0 9 0
4382 4031 351 4 0.499885 0.457841 0.0420438 7 2 7 2
4407 4071 336 7 0.4999 0.460285 0.0396152 9 0 8 0
4457 4075 382 9 0.499832 0.454813 0.045019 9 0 9 0
10425 10254 171 1 0.499962 0.480876 0.0190855 7 2 7 2
10460 10122 338 6 0.499921 0.459079 0.0408421 9 0 9 0
10591 10358 233 8 0.499911 0.468946 0.0309658 9 0 9 0
10622 10286 336 2 0.499947 0.462223 0.0377238 8 1 7 1
10735 10610 125 3 0.499939 0.483043 0.0168956 7 2 4 2
10758 10430 328 5 0.499952 0.461495 0.0384566 8 1 7 1
10794 10424 370 0 0.499916 0.456735 0.0431805 7 2 6 2
11015 10737 278 4 0.499973 0.466367 0.0336065 7 2 7 2
11056 10794 262 9 0.49999 0.466294 0.0336959 5 4 5 4
12883 10641 2242 7 0.499897 0.274553 0.225344 8 1 8 1
16672 16619 53 1 0.499781 0.492929 0.00685138 9 0 9 0
16865 16760 105 6 0.499939 0.486444 0.0134948 8 1 8 1
17143 16880 263 8 0.499901 0.47047 0.0294311 9 0 9 0
17148 17007 141 0 0.49991 0.484019 0.0158909 9 0 8 0
17291 16949 342 2 0.499938 0.459902 0.0400369 8 1 8 1
17319 16966 353 3 0.499976 0.456191 0.043785 9 0 8 0
17333 17256 77 4 0.499896 0.487364 0.0125315 7 2 7 2
17355 16975 380 5 0.499918 0.451018 0.0488997 6 3 6 3
17553 17155 398 9 0.499935 0.451468 0.0484672 9 0 9 0
20324 20050 274 7 0.499992 0.467329 0.032663 8 1 8 1
22961 22902 59 1 0.499923 0.491414 0.0085091 9 0 9 0
23366 23119 247 4 0.49995 0.470255 0.0296952 8 1 8 1
23391 23313 78 8 0.499905 0.491334 0.00857111 9 0 9 0
23415 23165 250 6 0.499939 0.471801 0.0281381 9 0 9 0
23419 23366 53 0 0.499881 0.492346 0.00753501 6 3 6 3
23733 23632 101 2 0.499896 0.487977 0.0119193 8 1 7 1
23816 23592 224 5 0.499917 0.472728 0.0271895 6 3 6 3
23837 23561 276 3 0.499945 0.466825 0.0331196 9 0 9 0
24048 23819 229 9 0.4999 0.471703 0.0281975 8 1 8 1
27033 26734 299 7 0.499962 0.4642 0.0357622 5 4 5 4
29567 29159 408 1 0.499918 0.447782 0.0521361 9 0 8 0
29614 29560 54 4 0.499908 0.492967 0.00694084 7 2 7 2
29840 29646 194 6 0.499972 0.476353 0.0236182 6 3 6 3
29864 29547 317 8 0.499914 0.461299 0.0386152 9 0 9 0
29954 29636 318 0 0.499976 0.459254 0.0407223 8 1 8 0
