4014 3868 146 9 0.4999 0.483817 0.016083 9 0 9 0
4099 4046 53 1 0.499914 0.492136 0.00777791 7 2 7 2
4102 3982 120 0 0.499968 0.485215 0.0147529 9 0 9 0
4162 4019 143 4 0.499918 0.480805 0.0191136 9 0 9 0
4198 4067 131 2 0.499924 0.482497 0.0174275 6 3 6 3
4269 3984 285 6 0.49992 0.468089 0.0318316 9 0 9 0
4374 4018 356 5 0.499993 0.455379 0.0446143 9 0 9 0
4411 4131 280 3 0.499981 0.464713 0.0352683 8 1 8 1
4419 4079 340 7 0.499909 0.46001 0.0398997 9 0 8 0
4473 4087 386 8 0.499995 0.452415 0.0475792 8 1 8 1
10430 10113 317 9 0.499931 0.463897 0.036034 9 0 9 0
10447 10188 259 1 0.499948 0.468218 0.0317301 9 0 9 0
10595 10455 140 2 0.49998 0.483155 0.0168252 8 1 7 1
10618 10267 351 0 0.499905 0.459046 0.040859 9 0 9 0
10782 10478 304 4 0.499832 0.464874 0.0349587 8 1 8 1
10842 10525 317 6 0.499954 0.461364 0.0385899 9 0 8 0
10857 10801 56 5 0.499965 0.492551 0.0074145 6 3 6 3
10900 10757 143 3 0.49999 0.482316 0.0176743 8 1 8 1
10955 10804 151 8 0.499938 0.479582 0.0203561 4 5 4 5
11037 10802 235 7 0.499971 0.470711 0.0292604 6 3 6 3
16750 16697 53 2 0.499902 0.493362 0.00654017 9 0 9 0
16954 16710 244 9 0.499994 0.471913 0.0280805 9 0 7 0
17008 16930 78 5 0.499982 0.488544 0.0114381 8 1 8 1
17022 16708 314 1 0.499998 0.461971 0.0380268 9 0 9 0
17094 17013 81 6 0.499941 0.49104 0.00890111 8 1 8 1
17201 17015 186 0 0.499941 0.475714 0.0242266 9 0 7 0
17208 17113 95 8 0.499964 0.487048 0.0129157 6 3 5 3
17212 17021 191 3 0.499939 0.476488 0.0234517 7 2 7 2
17311 17061 250 4 0.499907 0.468838 0.0310688 5 4 5 3
17555 17389 166 7 0.499954 0.479271 0.0206828 8 1 6 0
23163 22883 280 2 0.499946 0.464362 0.0355842 9 0 9 0
23265 23042 223 9 0.499893 0.474661 0.025232 9 0 8 0
23343 23189 154 1 0.499898 0.48116 0.0187383 8 1 8 1
23424 23257 167 6 0.49995 0.478717 0.0212329 8 1 7 1
23514 23070 444 5 0.499954 0.450228 0.0497268 9 0 9 0
23639 23405 234 8 0.499986 0.472882 0.0271038 9 0 7 0
23816 23534 282 0 0.499953 0.466509 0.033444 7 2 7 2
23816 23693 123 4 0.499966 0.484726 0.0152397 6 3 6 3
23921 23568 353 3 0.499982 0.458565 0.0414172 7 2 6 2
23963 23673 290 7 0.499899 0.463886 0.0360131 6 3 5 3
29655 29500 155 2 0.499954 0.48127 0.0186846 9 0 9 0
29687 29633 54 1 0.499932 0.491932 0.0079996 8 1 8 1
29766 29637 129 6 0.499997 0.48399 0.0160067 9 0 8 0
29844 29526 318 9 0.499937 0.461534 0.0384037 9 0 7 0
