834 781 53 10 0.899954 0.893283 0.00667034 9 0 9 0
910 772 138 12 0.899907 0.880912 0.0189953 12 0 12 0
1052 771 281 5 0.899929 0.864132 0.0357967 11 0 11 0
1739 1500 239 4 0.799909 0.771371 0.0285379 11 1 11 1
3194 3018 176 12 0.799979 0.78051 0.019469 12 1 9 1
3455 3114 341 8 0.599915 0.557379 0.0425363 11 3 11 3
3458 3051 407 9 0.599995 0.544379 0.0556158 13 0 13 0
3631 3195 436 5 0.799956 0.742445 0.0575112 12 2 10 2
3941 3680 261 2 0.499899 0.466431 0.0334677 11 2 11 2
4167 3953 214 14 0.499938 0.475091 0.0248475 12 2 12 2
4242 4010 232 7 0.499945 0.470754 0.0291909 10 4 10 4
4653 4445 208 10 0.599918 0.576335 0.0235827 12 2 11 2
4975 4649 326 11 0.399982 0.362251 0.0377306 10 4 10 4
5000 4709 291 3 0.39992 0.366911 0.0330083 11 3 11 3
5008 4651 357 6 0.399964 0.354349 0.0456148 9 5 9 5
5644 5466 178 13 0.299908 0.277483 0.0224244 11 3 11 3
5699 5510 189 0 0.299921 0.277311 0.0226096 10 4 10 4
6046 5541 505 1 0.29992 0.237731 0.062189 7 7 7 7
7111 6717 394 4 0.499982 0.451933 0.0480482 8 6 8 6
8378 8013 365 5 0.599922 0.555833 0.0440883 10 4 8 4
8569 8214 355 12 0.499932 0.456842 0.0430898 12 2 10 2
8945 8629 316 9 0.599987 0.558503 0.0414839 11 3 11 3
9359 8699 660 14 0.699953 0.61013 0.0898227 12 2 8 2
9573 9413 160 8 0.499914 0.479722 0.0201913 10 4 7 4
9725 9672 53 10 0.59995 0.592274 0.00767576 12 2 10 2
10361 10261 100 2 0.499915 0.488503 0.011412 11 3 9 3
11413 11357 56 7 0.399995 0.393343 0.00665193 13 1 13 1
11889 11776 113 14 0.899854 0.8818 0.0180543 13 1 9 0
12116 11845 271 13 0.59992 0.569401 0.0305193 13 1 12 0
12794 12510 284 11 0.399953 0.36629 0.0336625 12 2 12 2
12827 12579 248 4 0.599908 0.570933 0.0289756 12 2 9 1
12860 12568 292 3 0.399999 0.364081 0.0359172 10 4 9 4
12957 12619 338 6 0.399907 0.359971 0.0399358 12 2 12 2
13477 13369 108 1 0.49995 0.484578 0.0153715 10 4 9 4
13720 13367 353 5 0.599983 0.557435 0.0425482 7 7 7 7
14742 14448 294 0 0.299956 0.26077 0.0391856 12 2 11 2
15124 15041 83 8 0.599934 0.587117 0.0128171 12 2 9 2
15557 15483 74 10 0.499971 0.491439 0.00853143 10 4 9 3
15647 15533 114 13 0.799884 0.78446 0.0154238 13 1 6 1
15847 15717 130 2 0.599973 0.581457 0.0185154 11 3 9 3
16464 16411 53 9 0.299983 0.29117 0.00881283 7 7 6 7
16491 16438 53 12 0.299908 0.291319 0.00858926 10 4 9 4
17313 17120 193 3 0.799938 0.777075 0.0228633 10 4 8 3
18445 18085 360 14 0.299865 0.259546 0.0403191 10 4 10 4
18626 18435 191 10 0.899994 0.877723 0.0222705 12 2 7 1
18703 18383 320 2 0.899943 0.86082 0.0391235 11 3 8 0
18844 18679 165 11 0.599993 0.579471 0.0205225 10 4 9 4
18923 18702 221 4 0.499925 0.47111 0.0288149 10 4 8 3
18970 18796 174 1 0.599955 0.577636 0.022319 10 4 10 3
19829 19776 53 6 0.499872 0.493082 0.00679031 10 4 7 4
19843 19715 128 7 0.29992 0.282583 0.0173366 11 3 11 3
19868 19550 318 5 0.499917 0.458813 0.0411042 8 6 7 6
21414 21138 276 0 0.599986 0.567158 0.0328276 10 4 9 4
21426 21373 53 13 0.3999 0.393916 0.00598464 11 3 7 3
22594 22397 197 10 0.599972 0.573979 0.0259927 10 4 8 4
22807 22567 240 8 0.299913 0.272548 0.027365 7 7 7 7
23228 23155 73 1 0.699873 0.688859 0.0110139 10 4 8 3
23374 23108 266 3 0.399915 0.367497 0.0324184 11 3 10 3
24035 23698 337 5 0.799909 0.757165 0.0427439 11 3 10 2
24706 24356 350 4 0.599915 0.556002 0.0439123 9 5 7 4
25346 25008 338 2 0.299795 0.256418 0.0433769 12 2 12 2
25464 25162 302 12 0.299904 0.2616 0.0383038 7 7 7 7
25465 25183 282 9 0.299955 0.265977 0.0339773 7 7 6 7
26104 26020 84 7 0.599842 0.586695 0.0131471 12 2 11 2
26321 26238 83 11 0.299962 0.288924 0.0110373 7 7 7 7
27179 27062 117 13 0.599926 0.584652 0.0152736 11 3 9 1
27197 26993 204 14 0.299965 0.271169 0.0287967 10 4 9 4
27800 27636 164 6 0.29999 0.277363 0.0226271 8 6 8 6
28439 28131 308 0 0.399945 0.362216 0.0377285 11 3 10 3
29381 29299 82 10 0.399973 0.390094 0.00987839 10 4 10 3
29930 29875 55 8 0.499896 0.491538 0.0083587 9 5 9 5
