1606 1529 77 10 0.799982 0.788032 0.0119498 10 0 10 0
1666 1522 144 11 0.799965 0.779429 0.0205363 6 0 6 0
1732 1573 159 5 0.799972 0.780046 0.0199262 9 0 9 0
1783 1554 229 6 0.799915 0.769165 0.0307507 10 0 10 0
2343 2290 53 2 0.699993 0.69133 0.00866349 10 2 10 2
2414 2357 57 8 0.699983 0.693447 0.00653606 12 1 12 1
2455 2339 116 7 0.699949 0.685416 0.0145324 10 4 10 3
2486 2290 196 12 0.699946 0.676407 0.0235389 12 1 12 1
2543 2290 253 14 0.699954 0.671371 0.0285831 10 3 10 3
3270 3128 142 0 0.599986 0.580863 0.0191236 13 0 13 0
3391 3134 257 3 0.599912 0.56848 0.0314318 9 4 9 4
3997 3929 68 9 0.499967 0.490918 0.00904917 13 0 12 0
5256 4905 351 13 0.399991 0.35453 0.0454608 8 5 8 5
5769 5494 275 4 0.299956 0.265716 0.0342402 10 4 10 4
5853 5670 183 10 0.599939 0.577299 0.02264 13 0 13 0
5932 5832 100 5 0.599943 0.587729 0.012214 10 3 10 3
5965 5653 312 1 0.299951 0.260123 0.0398283 10 4 10 4
6583 6224 359 12 0.699846 0.655968 0.0438783 9 4 8 4
6893 6826 67 2 0.599967 0.592139 0.00782856 10 3 10 3
7353 7050 303 14 0.599999 0.564833 0.0351653 11 3 9 3
7706 7618 88 6 0.399972 0.38562 0.0143525 8 6 8 6
7835 7652 183 8 0.499958 0.477147 0.0228105 10 4 9 4
8295 8095 200 11 0.299989 0.275335 0.0246538 8 6 8 6
9690 9395 295 9 0.599962 0.564705 0.035257 13 2 10 2
9829 9478 351 7 0.299942 0.256883 0.0430593 11 4 11 3
10948 10797 151 3 0.299813 0.279214 0.0205982 11 3 11 3
10981 10857 124 5 0.599991 0.583221 0.0167702 10 4 8 4
10984 10636 348 0 0.299921 0.256238 0.0436831 12 2 12 2
11729 11624 105 14 0.699808 0.68679 0.013018 14 0 8 0
11787 11584 203 10 0.499901 0.477173 0.0227274 9 5 9 5
12052 11857 195 2 0.59997 0.575718 0.0242519 10 4 10 3
12452 12088 364 12 0.499853 0.455606 0.0442475 13 1 13 1
12891 12719 172 6 0.699938 0.681124 0.0188146 8 6 5 4
13026 12772 254 13 0.399933 0.370907 0.0290261 10 4 9 4
13384 13195 189 8 0.599956 0.57635 0.0236057 6 8 6 8
13440 13047 393 1 0.499958 0.449326 0.050632 7 7 7 7
14429 14034 395 9 0.699975 0.649599 0.0503766 10 5 5 4
14783 14455 328 4 0.299974 0.260389 0.0395849 10 4 10 3
15656 15371 285 3 0.79999 0.763399 0.0365908 13 1 6 1
16708 16330 378 12 0.799983 0.748565 0.0514174 10 4 8 3
16722 16628 94 6 0.699931 0.687886 0.0120457 9 5 9 3
16729 16282 447 2 0.699768 0.638932 0.0608352 9 5 7 5
17213 16988 225 11 0.299906 0.274473 0.0254325 9 5 8 5
17364 17038 326 7 0.499945 0.459141 0.0408037 10 5 9 3
17408 17243 165 10 0.6 0.578608 0.0213918 9 5 9 5
18745 18438 307 5 0.299833 0.258441 0.041392 9 5 9 4
18913 18729 184 14 0.299937 0.276454 0.0234833 9 5 9 5
19827 19674 153 0 0.299915 0.278247 0.0216677 10 4 10 4
20189 19931 258 8 0.399919 0.368312 0.0316065 10 4 10 4
20326 20203 123 12 0.699933 0.681603 0.0183306 11 3 8 2
20467 20414 53 13 0.399959 0.39229 0.00766886 11 3 11 1
20927 20614 313 1 0.399986 0.358285 0.0417015 11 3 11 3
21682 21476 206 9 0.299947 0.275708 0.0242385 13 2 12 2
22556 22255 301 3 0.299922 0.259874 0.0400481 10 4 9 4
23060 23003 57 6 0.391996 0.38396 0.00803639 9 5 8 5
23396 23130 266 2 0.399999 0.36588 0.0341198 13 1 13 1
23749 23532 217 4 0.299953 0.272554 0.0273992 7 7 6 7
23855 23639 216 7 0.499991 0.4744 0.0255907 11 4 11 3
24460 24087 373 12 0.699908 0.652225 0.0476834 10 4 10 3
24651 24283 368 14 0.699935 0.655048 0.0448868 10 4 9 4
24969 24792 177 10 0.29989 0.276562 0.0233284 12 2 12 2
25395 25262 133 8 0.699905 0.683064 0.0168406 10 4 8 3
26231 25961 270 11 0.299925 0.268406 0.0315187 9 5 8 3
26331 26096 235 1 0.699921 0.671408 0.0285127 9 5 8 5
27681 27572 109 12 0.799898 0.786134 0.0137645 9 5 7 4
27811 27577 234 5 0.299975 0.272288 0.0276878 7 7 7 7
27934 27632 302 14 0.799909 0.761545 0.0383638 13 1 11 0
28057 27688 369 0 0.399979 0.354375 0.0456035 12 2 12 2
28060 27831 229 9 0.599956 0.569691 0.0302644 13 2 10 2
28925 28698 227 13 0.299913 0.270662 0.0292514 12 2 11 2
29094 28909 185 3 0.599986 0.576119 0.0238675 9 5 9 4
29529 29251 278 7 0.599898 0.566059 0.0338391 11 4 10 3
29600 29343 257 2 0.599895 0.56716 0.0327354 10 4 8 4
