1026 714 312 5 0.89995 0.862394 0.0375567 7 0 7 0
1653 1503 150 12 0.799995 0.78134 0.0186553 10 0 10 0
1681 1589 92 9 0.799993 0.788484 0.0115085 11 0 11 0
1798 1571 227 7 0.799903 0.771576 0.0283267 11 1 12 1
2436 2308 128 2 0.699897 0.682699 0.0171981 12 1 12 1
2452 2379 73 13 0.69328 0.684386 0.00889339 10 3 10 3
2467 2243 224 0 0.699999 0.671922 0.0280776 11 1 11 1
2603 2356 247 3 0.699895 0.668671 0.0312236 10 1 10 1
2937 2859 78 8 0.599953 0.588872 0.0110808 9 3 9 3
3544 3188 356 11 0.599936 0.554825 0.0451116 13 0 13 0
4209 4110 99 4 0.499847 0.487224 0.012623 11 2 11 2
4890 4768 122 6 0.399854 0.382516 0.0173376 10 4 10 4
4897 4829 68 1 0.399987 0.391872 0.00811501 11 3 11 3
5270 5153 117 7 0.699953 0.684726 0.0152266 11 3 9 3
5715 5587 128 10 0.299998 0.282606 0.0173916 10 5 9 5
5764 5635 129 14 0.299904 0.281281 0.0186226 10 4 10 4
5853 5800 53 9 0.599895 0.592726 0.00716968 11 3 11 3
6110 5785 325 5 0.499979 0.460397 0.039582 11 2 10 2
6815 6608 207 12 0.49999 0.474663 0.0253265 12 2 8 2
7039 6986 53 13 0.599826 0.593043 0.00678269 9 5 8 4
7965 7806 159 2 0.499853 0.481861 0.0179926 8 5 7 5
8270 7959 311 0 0.499925 0.460429 0.0394954 10 4 8 4
8687 8634 53 11 0.599927 0.593981 0.00594511 10 4 9 4
8806 8753 53 8 0.499881 0.493794 0.0060863 11 3 9 3
9847 9641 206 3 0.299905 0.275389 0.0245154 12 2 12 2
9934 9800 134 7 0.599925 0.584766 0.0151595 9 5 9 5
9944 9586 358 4 0.599774 0.556305 0.0434696 11 3 11 3
11625 11457 168 1 0.499946 0.481211 0.0187358 8 6 7 6
11863 11503 360 6 0.499946 0.455098 0.0448476 10 4 10 4
11986 11919 67 10 0.599951 0.590889 0.00906274 12 3 9 2
12028 11626 402 9 0.499953 0.449125 0.0508279 10 4 10 4
12191 11952 239 13 0.59993 0.569669 0.0302612 9 5 9 5
12513 12375 138 5 0.49997 0.48361 0.0163599 9 5 8 4
13207 12905 302 0 0.699932 0.661317 0.0386143 9 5 8 4
13341 13098 243 12 0.499974 0.46875 0.0312235 11 3 9 3
13697 13364 333 2 0.599958 0.560401 0.0395573 9 5 8 5
13902 13636 266 14 0.399935 0.367402 0.0325336 11 3 8 3
15194 14995 199 4 0.59996 0.573407 0.0265532 10 4 8 3
16036 15758 278 7 0.499968 0.467094 0.0328735 11 3 11 3
16121 16068 53 3 0.599928 0.592308 0.00761985 9 5 8 5
16244 16137 107 11 0.299916 0.285158 0.0147581 10 4 10 4
16659 16605 54 6 0.69999 0.691608 0.00838249 12 2 9 2
16690 16583 107 8 0.299942 0.285726 0.0142155 9 5 9 5
17172 16869 303 10 0.599973 0.561029 0.0389434 11 4 9 4
17515 17181 334 13 0.599948 0.557957 0.0419909 12 2 11 2
18173 17849 324 5 0.599968 0.561496 0.0384715 12 2 10 2
18396 18305 91 9 0.499891 0.48639 0.0135009 8 6 7 6
19037 18697 340 0 0.499979 0.459794 0.0401856 10 4 10 4
19182 18876 306 2 0.599905 0.56261 0.0372947 9 5 9 3
19674 19495 179 1 0.299953 0.276049 0.023904 10 4 10 4
19808 19647 161 12 0.499948 0.476788 0.0231602 9 5 7 5
20308 20172 136 4 0.599937 0.584799 0.0151387 10 4 9 4
21637 21496 141 14 0.399969 0.384066 0.0159031 12 2 11 2
21877 21819 58 3 0.499957 0.491769 0.00818787 8 6 8 6
21878 21496 382 10 0.699916 0.653635 0.0462807 14 1 9 1
22525 22367 158 7 0.499871 0.479417 0.0204535 11 3 10 3
22998 22648 350 2 0.79996 0.757553 0.0424068 9 5 6 2
23254 22939 315 6 0.399902 0.362155 0.0377466 11 3 10 3
23384 22976 408 9 0.69992 0.645994 0.0539261 12 2 8 2
24237 24085 152 5 0.49994 0.483166 0.0167747 12 2 11 1
24456 24242 214 13 0.399951 0.36905 0.0309008 13 1 13 1
24458 24095 363 11 0.399962 0.354666 0.045296 10 4 10 4
24653 24547 106 0 0.599959 0.58418 0.015779 10 4 9 4
24702 24402 300 8 0.399958 0.3626 0.0373578 10 4 9 3
25419 25252 167 12 0.599912 0.578421 0.0214909 11 3 11 2
25664 25305 359 4 0.599928 0.555798 0.0441295 9 5 8 4
26927 26608 319 1 0.49995 0.460247 0.0397033 12 2 10 2
27404 27209 195 3 0.599991 0.573186 0.0268052 11 3 9 2
27413 27345 68 9 0.699948 0.689993 0.00995541 11 3 9 3
27564 27503 61 10 0.499926 0.491877 0.00804865 10 5 7 5
27832 27426 406 14 0.599972 0.546241 0.0537308 13 1 11 1
28086 27989 97 7 0.599951 0.586703 0.0132481 8 6 6 6
28806 28639 167 2 0.399923 0.37862 0.0213037 7 7 7 6
29046 28735 311 12 0.799981 0.762127 0.0378546 14 0 9 0
29282 29200 82 6 0.599875 0.588238 0.0116368 7 7 7 7
