875 745 130 2 0.899954 0.884947 0.0150072 7 0 7 0
1621 1495 126 13 0.799912 0.782531 0.0173802 13 0 13 0
1691 1576 115 0 0.799937 0.785652 0.0142841 11 1 11 1
1742 1533 209 4 0.79991 0.772221 0.0276882 11 0 11 0
2491 2397 94 12 0.699917 0.689272 0.0106451 10 0 10 0
2510 2370 140 5 0.699955 0.68064 0.0193147 11 2 11 2
2550 2305 245 1 0.699942 0.671663 0.0282793 13 0 13 0
2727 2417 310 8 0.699917 0.659325 0.0405921 12 0 12 0
3278 3088 190 11 0.599995 0.57627 0.023725 10 2 10 2
3387 3185 202 6 0.599824 0.576424 0.0234 13 1 13 1
3420 3079 341 14 0.599768 0.561214 0.0385539 10 3 10 3
3974 3894 80 9 0.499939 0.490535 0.00940357 8 6 8 6
4111 3957 154 3 0.499895 0.481417 0.0184776 9 5 9 5
4811 4549 262 2 0.599968 0.565156 0.0348117 9 4 9 4
4906 4782 124 10 0.399977 0.384415 0.0155621 10 4 10 4
4987 4772 215 7 0.399992 0.374461 0.0255313 10 4 10 4
5144 4848 296 13 0.699921 0.665126 0.0347946 9 5 6 5
6242 6062 180 4 0.59992 0.578031 0.0218897 13 1 8 1
6508 6214 294 12 0.699997 0.665204 0.0347928 12 2 11 2
6688 6389 299 1 0.699941 0.66204 0.037901 11 3 7 3
6807 6661 146 0 0.499893 0.481369 0.0185246 11 3 9 3
6902 6628 274 8 0.699998 0.666532 0.0334659 11 3 8 3
8228 7870 358 5 0.499959 0.456184 0.0437758 10 4 9 4
8607 8329 278 6 0.599915 0.565681 0.0342339 12 2 9 2
9383 9272 111 14 0.499919 0.485577 0.0143419 11 3 10 3
9411 9332 79 9 0.599967 0.58955 0.0104176 11 3 11 3
9638 9581 57 3 0.599965 0.593198 0.00676733 10 4 10 4
10023 9967 56 11 0.399968 0.391161 0.00880707 10 4 10 4
10225 10121 104 7 0.699904 0.685198 0.0147056 10 4 8 3
11367 11251 116 12 0.599952 0.584087 0.0158645 10 4 10 4
11555 11288 267 4 0.599988 0.565935 0.0340526 12 2 10 2
11703 11406 297 0 0.699907 0.664064 0.0358431 12 2 10 2
12453 12394 59 2 0.299988 0.291016 0.00897242 12 2 12 2
12562 12173 389 13 0.299996 0.251604 0.0483926 11 3 11 3
13105 12868 237 6 0.699904 0.668745 0.0311594 12 2 10 2
13185 13050 135 10 0.299964 0.282385 0.0175789 13 1 13 1
13656 13303 353 8 0.399948 0.356672 0.0432755 12 2 12 2
13943 13678 265 1 0.299907 0.269573 0.0303347 13 1 13 1
14556 14428 128 9 0.599934 0.584606 0.0153274 11 3 6 3
15502 15349 153 5 0.399995 0.378933 0.0210615 13 1 12 1
15866 15813 53 11 0.599883 0.5928 0.00708307 11 3 9 3
17191 17036 155 3 0.299964 0.280581 0.0193829 10 4 10 4
17263 17121 142 7 0.299946 0.279369 0.0205771 8 6 8 6
17568 17257 311 14 0.299988 0.260996 0.0389926 10 4 10 4
18062 17949 113 0 0.399962 0.381619 0.0183429 11 3 11 3
18770 18651 119 8 0.69991 0.685069 0.014841 12 2 11 2
18902 18695 207 12 0.299905 0.272733 0.0271725 10 4 10 4
18937 18806 131 4 0.299958 0.284214 0.0157448 10 4 10 4
19387 19334 53 1 0.69994 0.690769 0.00917151 13 1 9 1
19527 19426 101 2 0.499884 0.481234 0.0186505 13 1 13 1
20341 20244 97 6 0.299947 0.28283 0.0171174 5 9 5 9
20341 18889 1452 13 0.599926 0.44835 0.151576 13 1 11 1
22031 21929 102 10 0.299984 0.287679 0.0123049 11 3 10 3
22079 22026 53 5 0.497757 0.488452 0.00930547 11 3 8 3
22111 21665 446 11 0.499891 0.433084 0.066807 8 6 8 6
22270 22028 242 9 0.299907 0.269862 0.0300451 9 5 9 5
23735 23437 298 3 0.599998 0.563834 0.0361646 11 3 10 3
23974 23882 92 14 0.59987 0.58735 0.0125208 9 5 6 5
24653 24309 344 7 0.499913 0.456357 0.0435555 12 2 12 2
25358 25200 158 12 0.599919 0.582547 0.0173711 11 3 10 3
25450 25305 145 8 0.299813 0.279627 0.0201865 11 3 10 3
26043 25684 359 6 0.699998 0.65397 0.0460273 8 6 7 4
26078 25888 190 13 0.599927 0.576868 0.0230591 11 3 9 3
26099 25776 323 2 0.499979 0.460475 0.0395041 13 1 12 1
26211 26152 59 0 0.299897 0.291146 0.00875187 10 4 10 4
26692 26365 327 1 0.29999 0.259667 0.0403232 11 3 11 3
27019 26844 175 4 0.399961 0.379246 0.0207145 13 1 13 1
27959 27778 181 9 0.699891 0.677481 0.0224091 10 4 8 4
28332 28219 113 10 0.599897 0.586327 0.0135704 11 3 10 3
28730 28470 260 11 0.49997 0.469225 0.0307444 6 8 6 8
