1529 1458 71 12 0.799971 0.791825 0.00814623 11 0 11 0
1618 1563 55 2 0.799895 0.792142 0.00775268 11 0 11 0
2420 2321 99 8 0.699852 0.687917 0.0119349 14 0 14 0
2468 2375 93 1 0.699988 0.68901 0.0109772 11 1 11 1
2560 2478 82 14 0.669306 0.659299 0.0100071 12 0 12 0
2610 2415 195 13 0.699945 0.675401 0.0245439 13 1 13 1
2786 2403 383 3 0.699844 0.650705 0.0491387 10 2 10 2
3336 3203 133 9 0.599832 0.581461 0.0183708 14 1 13 1
3461 3142 319 4 0.599973 0.562477 0.0374958 13 1 13 1
4062 3901 161 5 0.499903 0.482074 0.0178284 9 5 9 5
4137 3959 178 11 0.499964 0.478783 0.0211812 10 2 10 2
4226 3999 227 7 0.499921 0.472987 0.0269343 13 1 13 1
4316 3992 324 6 0.499968 0.461588 0.0383805 11 3 11 3
5103 4917 186 0 0.399942 0.374986 0.0249556 7 7 7 7
5116 4782 334 10 0.399955 0.359487 0.0404682 10 4 10 4
7406 7147 259 12 0.399928 0.366872 0.0330552 10 4 9 4
7565 7461 104 3 0.599894 0.587098 0.012796 11 3 9 3
7693 7358 335 2 0.399982 0.358343 0.0416383 11 3 11 3
7744 7656 88 8 0.499944 0.488888 0.0110563 12 2 10 2
8144 7831 313 1 0.49996 0.461222 0.0387382 12 2 11 2
8334 8022 312 14 0.499833 0.459851 0.0399815 9 3 7 3
8524 8222 302 9 0.599936 0.564359 0.0355771 11 4 9 4
9605 9505 100 7 0.599941 0.58756 0.0123805 12 2 9 2
9751 9657 94 13 0.299986 0.285962 0.0140243 9 5 8 5
11068 10902 166 4 0.299969 0.278283 0.0216859 9 5 9 5
11307 11177 130 11 0.39997 0.38399 0.0159798 11 3 10 3
12078 11751 327 5 0.299926 0.262359 0.0375669 12 2 12 2
12346 12155 191 6 0.299908 0.276672 0.0232359 8 6 8 6
13614 13368 246 10 0.299953 0.271269 0.028684 10 4 10 4
13634 13371 263 0 0.299929 0.265973 0.0339568 11 3 11 2
13792 13484 308 9 0.599921 0.564277 0.0356446 14 1 12 0
13995 13738 257 8 0.499977 0.46831 0.0316665 11 3 10 3
14515 14067 448 3 0.399806 0.342765 0.0570404 9 5 9 5
14582 14304 278 2 0.499893 0.465988 0.0339046 10 4 10 4
15116 14822 294 12 0.399927 0.361472 0.038455 8 6 7 5
16072 16015 57 1 0.299999 0.291034 0.0089648 8 6 8 6
16746 16334 412 14 0.299975 0.24643 0.0535452 9 5 7 5
17413 17039 374 7 0.299825 0.250354 0.0494709 10 4 10 4
17864 17530 334 13 0.399981 0.358906 0.0410754 11 3 11 3
18609 18372 237 5 0.599942 0.56967 0.0302718 9 5 9 5
19084 18809 275 4 0.399999 0.365843 0.0341568 10 4 10 4
19311 18946 365 9 0.599922 0.55702 0.0429019 13 2 10 2
19685 19601 84 3 0.699926 0.68802 0.011906 11 3 10 3
19772 19396 376 6 0.499995 0.453317 0.046678 12 2 12 2
19906 19617 289 11 0.29989 0.265489 0.0344019 8 6 7 6
20103 19861 242 0 0.599967 0.569146 0.0308206 9 5 7 5
21173 21090 83 8 0.399932 0.386626 0.0133067 11 3 10 2
21212 20829 383 10 0.499907 0.452832 0.0470747 8 6 8 5
21773 21686 87 2 0.39989 0.386902 0.0129881 7 7 6 7
22155 22069 86 14 0.699922 0.688314 0.0116084 7 7 4 4
22944 22682 262 12 0.39992 0.368552 0.0313688 11 3 11 3
23357 23045 312 1 0.499939 0.461484 0.0384546 11 3 8 3
24473 24174 299 4 0.699865 0.661365 0.0385 11 3 9 1
24537 24238 299 3 0.599958 0.56464 0.0353176 12 2 11 1
24876 24630 246 13 0.49994 0.470312 0.0296282 10 4 9 4
25664 25294 370 5 0.399925 0.353708 0.046217 12 2 11 2
25990 25894 96 9 0.399916 0.38804 0.0118763 12 3 11 3
26635 26306 329 7 0.299967 0.259844 0.040123 12 2 12 2
26710 26629 81 14 0.599946 0.590668 0.00927819 10 4 10 4
27254 26901 353 8 0.59982 0.555177 0.0446433 11 3 11 3
27268 26957 311 11 0.49989 0.461907 0.0379838 10 4 10 4
27728 27482 246 10 0.499916 0.469873 0.0300431 9 5 9 5
27865 27577 288 0 0.299874 0.264167 0.0357062 7 7 7 7
27934 27694 240 6 0.299862 0.271204 0.0286577 10 4 10 4
27951 27605 346 2 0.599966 0.555983 0.0439822 10 4 9 2
29039 28890 149 1 0.59998 0.581681 0.0182996 10 4 7 4
29548 29416 132 12 0.499922 0.477159 0.0227628 9 5 8 4
29822 29589 233 3 0.59991 0.571999 0.027911 10 4 7 4
