870 767 103 8 0.899898 0.887273 0.0126249 9 0 9 0
1742 1568 174 5 0.799919 0.776815 0.0231044 9 0 9 0
1895 1496 399 2 0.799977 0.750578 0.049399 13 0 13 0
2600 2220 380 1 0.699913 0.655097 0.0448152 7 2 7 2
2643 2424 219 13 0.699895 0.671068 0.0288272 11 2 11 2
2677 2403 274 7 0.699904 0.666835 0.0330697 13 1 13 1
2908 2822 86 8 0.799886 0.787783 0.0121029 11 2 8 2
3219 3108 111 9 0.599998 0.584739 0.0152591 10 3 10 3
3246 3104 142 12 0.599905 0.580945 0.0189595 11 3 11 3
3362 3149 213 6 0.599979 0.573265 0.0267133 10 2 10 2
3449 3100 349 10 0.599985 0.559739 0.0402456 12 1 12 1
4071 3909 162 4 0.499972 0.479141 0.0208308 9 4 9 4
4200 3971 229 3 0.499923 0.469577 0.0303461 9 5 9 5
4355 4069 286 0 0.499993 0.466157 0.0338359 10 4 10 4
4768 4634 134 11 0.39989 0.38047 0.0194198 7 6 7 6
5363 5103 260 5 0.699949 0.668344 0.0316059 9 5 9 5
5933 5542 391 14 0.299911 0.249446 0.0504644 9 5 9 5
6825 6521 304 1 0.699999 0.659986 0.0400133 9 5 9 5
7488 7249 239 13 0.599994 0.567117 0.0328773 11 2 9 2
7540 7216 324 7 0.599932 0.563146 0.0367867 13 1 11 1
8393 8328 65 6 0.599902 0.590502 0.00940059 12 2 11 2
8431 8120 311 9 0.599898 0.563185 0.0367133 12 2 11 2
8886 8676 210 4 0.699979 0.674955 0.0250238 11 3 11 3
8953 8544 409 2 0.299826 0.248498 0.051328 11 3 11 3
9311 9013 298 12 0.499919 0.46596 0.0339591 11 4 9 4
9580 9510 70 8 0.299862 0.290663 0.00919838 14 0 13 0
9614 9260 354 10 0.499947 0.456183 0.0437637 11 3 11 3
10779 10570 209 11 0.599985 0.575511 0.0244738 12 2 11 2
10892 10653 239 14 0.799911 0.769271 0.0306395 11 3 6 2
11642 11410 232 0 0.399945 0.36887 0.0310746 10 4 9 3
11997 11796 201 7 0.699972 0.67456 0.0254119 11 3 8 3
12174 12068 106 3 0.299977 0.286505 0.0134714 10 4 9 4
12470 12348 122 5 0.299937 0.28556 0.0143769 11 3 11 3
13353 13288 65 6 0.599947 0.59027 0.00967674 11 3 9 3
13868 13511 357 9 0.599862 0.556632 0.04323 10 4 9 4
13992 13867 125 1 0.29993 0.283907 0.0160232 9 5 9 5
14375 14317 58 4 0.49998 0.491827 0.00815309 12 2 11 2
14978 14719 259 12 0.599971 0.569259 0.0307126 11 4 9 4
15001 14920 81 11 0.699933 0.687334 0.0125996 12 2 10 2
15227 14876 351 13 0.299966 0.257934 0.0420323 13 1 13 1
15664 15307 357 2 0.599993 0.554595 0.0453981 10 4 9 2
16174 15881 293 10 0.499975 0.463988 0.0359875 9 5 9 5
16999 16704 295 14 0.399909 0.362145 0.0377636 12 2 12 2
17593 17391 202 7 0.499969 0.474257 0.0257116 8 6 7 5
17807 17415 392 0 0.599999 0.550804 0.049195 10 4 10 3
18419 18147 272 8 0.299929 0.266536 0.0333925 10 4 10 4
18804 18484 320 1 0.799872 0.760213 0.0396592 11 3 8 2
19750 19569 181 4 0.599941 0.575706 0.0242345 11 3 11 3
20105 19739 366 9 0.499958 0.455354 0.0446045 11 3 11 2
20607 20465 142 14 0.899928 0.88068 0.0192478 14 0 6 0
20904 20849 55 3 0.299917 0.293181 0.00673645 12 2 12 2
20904 20723 181 13 0.699888 0.678017 0.0218716 12 2 10 2
21033 20737 296 6 0.299986 0.263634 0.0363514 11 3 10 3
21104 20872 232 10 0.69998 0.669707 0.0302732 10 4 8 3
21264 21124 140 5 0.299892 0.281666 0.0182252 9 5 9 4
21792 21489 303 12 0.399993 0.365142 0.0348502 11 4 9 4
22055 21751 304 11 0.299998 0.263143 0.0368545 9 5 9 5
23293 23173 120 2 0.299954 0.283842 0.0161118 11 3 11 3
24762 24546 216 0 0.39999 0.373296 0.0266935 12 2 12 2
25116 24959 157 10 0.699896 0.679523 0.0203722 13 1 11 1
25722 25517 205 7 0.299972 0.275058 0.0249138 12 2 12 2
25798 25508 290 1 0.29997 0.2648 0.0351691 12 2 12 2
25800 25610 190 9 0.59997 0.577743 0.0222264 11 3 10 3
25986 25597 389 4 0.499997 0.449116 0.0508809 13 1 13 1
26042 25913 129 14 0.399908 0.38435 0.0155574 13 1 12 1
26432 26175 257 8 0.399894 0.367815 0.0320789 12 2 11 2
27162 27006 156 3 0.599982 0.57858 0.021402 9 5 9 5
27457 27341 116 6 0.599786 0.585322 0.0144649 11 3 10 3
28102 27907 195 2 0.799945 0.775511 0.0244338 13 1 6 1
28296 27977 319 13 0.29992 0.261129 0.0387906 10 4 10 4
28690 28419 271 11 0.599997 0.566776 0.0332217 6 8 6 7
29287 29113 174 5 0.399972 0.378218 0.0217533 13 1 13 1
29551 29421 130 12 0.399958 0.383833 0.0161243 10 5 9 4
