1711 1478 233 1 0.799924 0.773009 0.0269144 9 2 9 1
1804 1433 371 8 0.799854 0.753564 0.0462894 12 0 12 0
2530 2320 210 13 0.699862 0.670358 0.0295039 10 1 10 1
2621 2387 234 14 0.699891 0.66964 0.0302508 12 0 12 0
2637 2368 269 12 0.699937 0.666807 0.0331295 10 1 10 1
3203 3104 99 10 0.599861 0.58304 0.0168206 12 2 12 2
3366 3192 174 7 0.599906 0.578489 0.0214168 11 2 11 2
3404 3120 284 4 0.599978 0.564805 0.0351734 12 1 12 1
3510 3202 308 9 0.59996 0.563063 0.0368966 9 4 8 4
4970 4772 198 2 0.399935 0.375994 0.0239412 11 3 11 3
5109 4775 334 6 0.399957 0.36038 0.0395769 11 3 11 3
5116 4723 393 5 0.399967 0.350257 0.04971 11 3 11 3
5728 5588 140 3 0.299929 0.283752 0.0161768 10 3 10 3
5777 5653 124 11 0.299912 0.285588 0.0143241 10 4 10 4
5805 5472 333 0 0.299984 0.259833 0.0401511 8 6 8 6
6815 6758 57 1 0.499997 0.491491 0.00850646 5 9 5 9
7850 7797 53 8 0.399998 0.394099 0.00589947 10 4 10 4
8509 8272 237 10 0.599943 0.570866 0.0290776 11 3 9 2
9069 8910 159 13 0.399896 0.378562 0.0213339 7 7 7 7
9243 9023 220 14 0.399929 0.373022 0.026907 13 1 12 1
9451 9224 227 7 0.49992 0.470932 0.0289875 11 3 10 3
10103 9859 244 12 0.299812 0.268556 0.0312559 10 4 10 4
10351 10105 246 4 0.399934 0.369337 0.0305969 10 4 10 4
11060 11007 53 9 0.299919 0.292325 0.00759439 12 3 11 3
11217 11005 212 5 0.599979 0.5752 0.0247786 11 3 8 3
11672 11341 331 1 0.699771 0.661735 0.0380357 9 5 7 3
11793 11133 660 8 0.899911 0.825273 0.0746371 11 3 4 0
12243 11945 298 11 0.599935 0.560463 0.0394717 8 6 7 6
12870 12697 173 10 0.699978 0.676939 0.0230394 9 5 7 5
12986 12752 234 3 0.499971 0.470528 0.0294432 9 5 8 5
13087 12916 171 0 0.499915 0.477868 0.0220465 10 4 10 4
13522 13469 53 6 0.299863 0.291398 0.0084652 8 6 8 6
13646 13287 359 2 0.299939 0.255351 0.0445876 10 4 10 4
15091 14771 320 12 0.799939 0.762186 0.0377537 12 2 8 0
15721 15438 283 4 0.699896 0.665499 0.0343972 10 4 9 2
15951 15746 205 7 0.499939 0.473843 0.0260963 10 4 8 3
16546 16167 379 5 0.599837 0.550356 0.0494812 9 5 9 5
16796 16457 339 13 0.399977 0.361875 0.0381017 10 4 10 4
17706 17525 181 14 0.299953 0.274414 0.0255393 10 4 10 4
17857 17507 350 2 0.899913 0.859805 0.0401074 11 3 4 0
17937 17657 280 0 0.699906 0.660391 0.0395148 12 2 9 2
18329 18164 165 11 0.49992 0.481788 0.0181319 10 4 10 4
18488 18409 79 3 0.599923 0.591242 0.00868111 10 4 9 4
18557 18200 357 8 0.299926 0.257536 0.0423899 6 8 6 8
19032 18649 383 1 0.299927 0.251906 0.0480209 8 6 8 5
19190 19106 84 10 0.399946 0.388705 0.0112407 9 5 9 5
20067 19729 338 9 0.299887 0.259846 0.0400408 9 6 8 6
20867 20553 314 6 0.499953 0.4573 0.0426531 11 3 11 3
21284 21023 261 12 0.399902 0.368847 0.0310546 7 7 7 6
21604 21377 227 7 0.599942 0.571035 0.028907 12 2 10 1
21889 21659 230 5 0.599903 0.568262 0.0316412 10 4 9 4
22241 21915 326 13 0.699984 0.660982 0.0390024 11 3 6 1
22484 22111 373 11 0.799977 0.752916 0.0470607 11 3 9 3
23059 22788 271 4 0.299983 0.266312 0.0336715 11 3 10 3
23406 23138 268 2 0.399933 0.36889 0.0310433 11 3 11 3
23611 23357 254 3 0.599931 0.566906 0.0330251 11 3 10 3
23718 23663 55 1 0.799806 0.791225 0.00858185 10 4 9 3
25294 24959 335 0 0.299892 0.259907 0.0399854 13 1 13 1
26126 26068 58 13 0.699907 0.692467 0.00744029 13 1 10 1
26202 26111 91 1 0.799942 0.789094 0.0108482 11 3 11 2
26344 26237 107 6 0.599979 0.584607 0.0153726 10 4 9 4
26660 26480 180 14 0.299856 0.277087 0.0227695 11 3 11 3
26705 26521 184 8 0.399958 0.377486 0.0224722 12 2 12 2
27534 27407 127 7 0.499969 0.483044 0.0169252 11 3 11 3
27687 27349 338 10 0.299982 0.258356 0.041626 11 3 10 3
27771 27617 154 2 0.799907 0.781071 0.0188355 10 4 7 3
27842 27549 293 11 0.49998 0.465267 0.0347128 11 3 11 3
27920 27828 92 9 0.399804 0.384911 0.0148934 9 6 7 5
29376 29323 53 4 0.599967 0.593954 0.00601289 12 2 11 2
29527 29432 95 3 0.499809 0.487765 0.0120437 11 3 7 3
29761 29369 392 5 0.299958 0.251797 0.0481606 9 5 9 5
29868 29658 210 12 0.299964 0.273106 0.0268587 8 6 8 6
