931 801 130 8 0.899826 0.882 0.0178254 8 0 8 0
1546 1493 53 11 0.799822 0.793839 0.00598309 11 0 11 0
2567 2244 323 1 0.699998 0.660574 0.0394237 13 1 13 1
2759 2386 373 14 0.699832 0.657032 0.0428003 9 0 9 0
3263 3099 164 4 0.599894 0.577938 0.0219562 13 1 13 1
3336 3082 254 2 0.599932 0.568199 0.0317326 13 0 13 0
3346 3139 207 10 0.599949 0.573206 0.0267429 13 1 13 1
4026 3888 138 13 0.499986 0.482385 0.0176014 12 2 12 2
4136 3955 181 0 0.5 0.477833 0.0221666 14 0 14 0
4218 3999 219 11 0.799915 0.767299 0.032616 10 3 9 3
4804 4613 191 3 0.399904 0.373573 0.026331 13 0 13 0
4859 4752 107 12 0.399918 0.385701 0.0142165 9 5 9 5
4972 4719 253 9 0.399976 0.363878 0.0360988 13 2 12 2
5699 5501 198 8 0.499891 0.476139 0.0237525 10 4 10 4
5718 5607 111 7 0.299894 0.284481 0.0154132 7 7 7 7
5830 5641 189 6 0.299893 0.277805 0.0220878 10 4 10 4
6000 5680 320 5 0.299926 0.26307 0.0368555 10 4 10 4
7596 7338 258 1 0.6 0.569003 0.0309973 8 6 8 6
8507 8316 191 14 0.499945 0.474994 0.0249511 9 4 8 4
8555 8334 221 4 0.599818 0.574401 0.0254166 9 5 6 5
8644 8369 275 2 0.599974 0.563124 0.0368505 9 4 7 4
9641 9259 382 11 0.499917 0.450825 0.049092 10 4 9 4
10123 9833 290 12 0.699976 0.663893 0.0360829 9 5 7 2
10337 10023 314 10 0.399975 0.363207 0.0367681 8 6 8 6
10989 10840 149 9 0.599975 0.581507 0.0184684 12 3 11 3
11494 11438 56 5 0.69988 0.691299 0.00858062 9 5 6 4
11614 11515 99 13 0.299991 0.288988 0.0110026 9 5 8 4
12319 11962 357 0 0.299951 0.256027 0.043924 10 4 10 4
12546 12244 302 3 0.3999 0.361258 0.0386421 8 6 8 6
12842 12762 80 7 0.499922 0.487709 0.0122136 10 4 10 3
12987 12880 107 8 0.399967 0.386894 0.0130739 9 5 9 5
13217 13139 78 14 0.699891 0.688712 0.0111791 8 6 8 5
13619 13566 53 4 0.599873 0.590783 0.00908976 6 8 6 7
14021 13968 53 12 0.699938 0.69248 0.00745816 9 5 8 4
14899 14539 360 6 0.29996 0.25727 0.0426909 9 5 9 4
15310 15226 84 11 0.599933 0.58825 0.0116825 9 5 6 5
15351 15130 221 1 0.299984 0.273549 0.0264348 8 6 8 6
16376 16112 264 2 0.299891 0.26683 0.0330611 9 5 9 5
16981 16677 304 9 0.499901 0.465083 0.0348175 12 3 10 3
17023 16784 239 5 0.499929 0.468771 0.0311583 13 1 12 1
17065 16872 193 14 0.69994 0.673951 0.0259894 9 5 8 4
17382 17113 269 10 0.499975 0.467283 0.0326928 11 3 10 3
17804 17707 97 13 0.59984 0.585738 0.0141015 11 3 10 2
17946 17755 191 0 0.699975 0.675469 0.0245058 8 6 7 5
18515 18172 343 7 0.599984 0.555991 0.043993 9 5 8 4
18605 18493 112 4 0.599969 0.57953 0.0204391 10 4 7 4
18881 18546 335 12 0.599898 0.559596 0.0403012 9 5 9 5
19529 19247 282 3 0.499983 0.466945 0.0330383 9 5 8 3
20457 20246 211 11 0.599959 0.569151 0.0308081 10 4 8 2
20517 20286 231 8 0.399984 0.366337 0.033647 9 5 9 5
21778 21653 125 1 0.59995 0.583125 0.0168251 10 4 10 4
21794 21620 174 14 0.599926 0.577088 0.0228388 14 0 13 0
21814 21537 277 12 0.899795 0.864957 0.0348388 11 3 5 0
21846 21746 100 2 0.699948 0.685592 0.0143554 12 2 9 2
22147 21935 212 4 0.799921 0.770966 0.028955 11 3 8 2
22657 22402 255 5 0.599916 0.570935 0.0289811 8 6 8 6
23147 22883 264 6 0.399987 0.368926 0.0310616 9 5 9 5
23467 23364 103 0 0.499836 0.484108 0.015728 8 6 8 6
23907 23552 355 13 0.499937 0.457087 0.0428502 11 3 11 3
24146 23859 287 11 0.799856 0.765271 0.0345857 13 1 8 1
24338 24171 167 3 0.699906 0.679054 0.0208526 10 4 9 3
24770 24507 263 10 0.399995 0.368301 0.0316934 13 1 13 1
25008 24740 268 9 0.299954 0.265615 0.0343399 10 5 9 5
25119 24921 198 12 0.699952 0.674709 0.0252434 11 3 10 3
25327 25123 204 7 0.399897 0.373847 0.0260501 10 4 10 4
25660 25501 159 4 0.699997 0.675991 0.0240056 10 4 8 4
25733 25575 158 8 0.699887 0.681113 0.0187744 11 3 9 3
27564 27197 367 2 0.49993 0.455883 0.0440479 12 2 11 2
27848 27603 245 1 0.49991 0.471865 0.0280454 11 3 10 3
28315 28144 171 6 0.69993 0.678113 0.0218169 14 0 11 0
28757 28374 383 14 0.399969 0.353154 0.0468142 10 4 10 4
28986 28582 404 5 0.499911 0.447459 0.0524519 12 2 11 2
29131 28971 160 3 0.59993 0.581644 0.018286 10 4 8 3
29426 29253 173 13 0.599958 0.579841 0.0201171 12 2 10 1
29872 29635 237 0 0.499851 0.470778 0.0290728 9 5 9 5
