1701 1549 152 13 0.8 0.781985 0.0180143 10 0 10 0
1777 1601 176 0 0.799882 0.776262 0.0236204 12 1 12 1
2463 2374 89 7 0.699936 0.687836 0.0120998 11 0 11 0
2473 2418 55 9 0.699957 0.692297 0.00765952 13 0 13 0
2582 2334 248 12 0.699951 0.67132 0.0286309 11 0 11 0
3222 3169 53 4 0.59979 0.593704 0.0060858 12 1 12 1
3248 3195 53 1 0.599837 0.592364 0.0074726 8 4 8 4
3253 3096 157 14 0.599892 0.58014 0.0197519 14 0 14 0
3402 3135 267 5 0.599952 0.56539 0.0345619 13 1 13 1
4099 3920 179 8 0.499995 0.476825 0.0231693 10 4 10 4
4139 3966 173 10 0.499948 0.477914 0.0220347 11 2 11 2
4230 3986 244 6 0.499942 0.469776 0.0301666 14 0 14 0
5025 4873 152 3 0.399901 0.379389 0.0205124 6 8 6 8
5946 5589 357 2 0.29992 0.25456 0.04536 12 2 12 2
5974 5741 233 11 0.2999 0.268906 0.0309947 10 4 10 4
6032 5979 53 0 0.599926 0.592351 0.00757482 10 3 6 3
6564 6470 94 12 0.69984 0.686929 0.0129112 8 5 7 5
6988 6854 134 5 0.799921 0.783516 0.0164053 13 1 4 0
7648 7482 166 13 0.399903 0.377203 0.0227005 9 5 9 5
9476 9398 78 8 0.599883 0.587294 0.0125896 12 2 8 2
9493 9293 200 9 0.299897 0.273568 0.0263285 10 4 10 4
9607 9460 147 7 0.299939 0.281542 0.0183967 11 3 11 3
10104 9867 237 4 0.399987 0.373064 0.0269226 12 2 12 2
10166 9852 314 1 0.399904 0.362215 0.0376889 9 5 8 4
10215 9916 299 14 0.399983 0.365879 0.0341047 10 4 10 4
10245 10137 108 3 0.699942 0.687004 0.0129381 10 4 8 0
11227 11110 117 5 0.599992 0.583776 0.0162155 12 2 9 2
11360 11277 83 6 0.399976 0.388 0.0119751 6 8 6 8
11459 11209 250 10 0.399892 0.368637 0.0312544 13 1 13 1
12666 12558 108 0 0.399917 0.384007 0.0159092 9 5 7 5
13046 12986 60 12 0.368417 0.361633 0.00678382 11 2 12 1
13252 13092 160 11 0.499978 0.480988 0.0189906 7 7 7 7
13953 13657 296 8 0.699983 0.662472 0.0375112 11 3 5 3
14689 14470 219 1 0.799915 0.772804 0.0271106 12 2 7 2
15011 14666 345 2 0.299891 0.253428 0.0464634 10 4 10 3
15130 14969 161 7 0.69992 0.680595 0.0193246 12 2 9 1
15214 15127 87 13 0.4 0.388239 0.0117611 11 3 10 3
15742 15585 157 3 0.499968 0.479595 0.0203727 11 3 10 2
16739 16494 245 10 0.699915 0.667486 0.032429 12 2 12 2
17201 16931 270 5 0.499999 0.465876 0.0341234 11 3 9 3
17304 16912 392 14 0.499944 0.444876 0.0550678 8 6 8 6
17713 17433 280 9 0.399984 0.362795 0.0371888 10 4 10 3
17869 17790 79 11 0.699913 0.690042 0.00987153 12 2 10 2
17870 17620 250 4 0.399957 0.371452 0.0285045 9 5 8 5
19107 18830 277 1 0.599819 0.564407 0.0354124 12 2 11 1
19539 19461 78 8 0.499861 0.489966 0.00989578 8 6 8 6
19709 19566 143 6 0.299956 0.280879 0.0190775 10 4 10 4
20620 20244 376 5 0.899989 0.852604 0.0473852 12 2 7 1
21089 21036 53 0 0.299888 0.292376 0.00751249 14 0 14 0
21365 21312 53 12 0.299877 0.293466 0.00641071 11 4 10 4
22243 21845 398 13 0.499873 0.450139 0.0497344 12 2 11 2
22255 22105 150 2 0.499954 0.480643 0.0193114 11 3 10 3
22360 22109 251 14 0.699911 0.667736 0.0321753 11 3 10 3
22375 22162 213 7 0.299918 0.273075 0.0268425 11 3 11 3
22433 22278 155 10 0.499922 0.481081 0.0188415 12 2 11 1
23094 22807 287 3 0.399965 0.364855 0.0351104 13 1 13 1
24653 24423 230 9 0.499902 0.469708 0.030194 7 7 7 6
24975 24802 173 11 0.299959 0.278182 0.0217767 10 4 9 4
25180 25033 147 1 0.499995 0.480952 0.0190433 9 5 7 5
26362 26133 229 4 0.299944 0.271174 0.0287707 10 4 10 4
26384 26144 240 5 0.399915 0.369857 0.0300575 11 3 11 3
26918 26740 178 6 0.499992 0.476404 0.023588 9 5 7 5
27634 27408 226 8 0.299965 0.270708 0.0292573 10 4 10 2
28055 27843 212 7 0.699957 0.672017 0.0279401 11 3 8 3
28371 28288 83 2 0.499893 0.489427 0.0104659 12 2 11 2
28415 28199 216 12 0.499979 0.473741 0.026238 11 4 10 3
28447 28102 345 0 0.49979 0.460865 0.0389255 13 1 11 1
29474 29269 205 9 0.699776 0.674639 0.0251377 11 3 8 2
29708 29492 216 13 0.399914 0.373111 0.0268028 9 5 9 5
29710 29439 271 10 0.399951 0.367691 0.0322605 9 5 9 5
29710 29556 154 14 0.299977 0.281081 0.0188958 12 2 12 2
