772 719 53 2 0.899934 0.892636 0.00729763 10 0 10 0
1659 1589 70 9 0.799969 0.79182 0.00814875 12 0 11 0
1886 1524 362 6 0.799935 0.751883 0.0480519 9 0 9 0
1899 1631 268 13 0.799987 0.765804 0.0341835 13 0 13 0
2013 1654 359 12 0.799863 0.755902 0.0439616 11 0 11 0
2674 2415 259 10 0.699797 0.667672 0.0321245 11 1 11 1
2691 2387 304 0 0.699934 0.662536 0.0373977 8 2 8 2
3304 3174 130 7 0.599891 0.584368 0.0155229 9 5 9 5
3329 3238 91 14 0.599917 0.588111 0.0118057 11 3 11 3
3351 3165 186 1 0.599997 0.578439 0.0215581 11 2 11 2
3379 3223 156 3 0.599915 0.581414 0.0185005 8 3 8 3
3523 3216 307 5 0.599959 0.563314 0.0366448 10 4 10 3
4252 3996 256 8 0.499935 0.46989 0.0300454 13 0 13 0
4355 4015 340 11 0.49992 0.457503 0.0424174 8 6 8 6
5147 4792 355 4 0.399995 0.357642 0.0423531 7 5 7 5
5270 4960 310 9 0.699896 0.661915 0.0379815 9 6 6 6
5438 5288 150 2 0.499897 0.48117 0.0187271 9 5 8 5
6293 6187 106 12 0.599812 0.585042 0.01477 11 3 9 3
6745 6553 192 14 0.799937 0.77501 0.0249269 11 3 7 2
7850 7797 53 13 0.399787 0.391058 0.00872941 8 6 8 6
7890 7763 127 5 0.69995 0.681214 0.0187356 12 3 11 1
8307 7951 356 10 0.499984 0.456752 0.0432318 12 2 10 2
8402 8089 313 0 0.499966 0.461331 0.0386348 11 2 10 2
8563 8267 296 3 0.599857 0.563955 0.0359022 12 1 9 1
8605 8552 53 6 0.299858 0.291997 0.0078612 13 1 13 1
10119 9766 353 7 0.399988 0.358708 0.0412801 11 3 11 3
10479 10121 358 14 0.699984 0.654858 0.0451253 13 1 8 1
10672 10505 167 8 0.499892 0.480631 0.0192609 12 2 10 2
10818 10745 73 9 0.499959 0.490715 0.00924362 11 4 10 4
10900 10573 327 11 0.499985 0.458443 0.0415422 8 6 8 6
11128 10768 360 1 0.299865 0.255399 0.0444664 9 5 9 5
11907 11611 296 2 0.499945 0.463921 0.0360243 9 5 7 5
12195 11963 232 13 0.799939 0.76924 0.0306992 10 4 5 2
12661 12564 97 4 0.399922 0.38568 0.0142423 9 5 9 5
13365 12967 398 10 0.699969 0.647864 0.0521047 9 5 6 5
13440 13258 182 5 0.499891 0.476539 0.0233517 12 3 11 2
13811 13676 135 12 0.299985 0.282163 0.0178216 8 6 8 6
14684 14505 179 3 0.499897 0.480104 0.0197924 12 2 11 2
16128 15857 271 7 0.59995 0.561184 0.038766 11 3 10 2
16160 16106 54 9 0.599971 0.592233 0.00773791 12 3 10 3
16580 16311 269 11 0.599921 0.566324 0.0335978 12 2 11 0
16594 16405 189 13 0.6 0.574248 0.0257519 13 1 12 1
16619 16263 356 0 0.299957 0.255025 0.0449324 12 2 12 2
16682 16442 240 6 0.399946 0.368454 0.0314917 9 5 9 5
16769 16653 116 14 0.399927 0.384954 0.0149727 10 4 10 4
17488 17199 289 10 0.699941 0.665186 0.0347547 8 6 7 6
17729 17663 66 4 0.699916 0.685912 0.0140034 7 7 6 6
18668 18449 219 8 0.299759 0.272147 0.0276117 8 6 8 6
19267 19118 149 2 0.399952 0.379006 0.020946 9 5 8 5
20050 19761 289 1 0.299946 0.265419 0.0345265 13 1 13 1
20095 19839 256 11 0.799969 0.766916 0.0330524 10 4 4 2
20601 20493 108 10 0.799944 0.787388 0.012555 11 3 10 2
20978 20787 191 12 0.499766 0.477051 0.0227156 11 3 10 3
21305 21014 291 3 0.499912 0.467137 0.0327754 11 3 8 1
21514 21376 138 5 0.299907 0.283349 0.0165584 10 5 9 4
21549 21369 180 4 0.699978 0.676754 0.0232238 7 7 7 6
22225 21924 301 9 0.499961 0.463187 0.0367736 13 2 11 2
22279 22038 241 0 0.699896 0.670675 0.0292217 14 0 9 0
22322 22016 306 7 0.499895 0.463789 0.0361062 8 6 7 6
24246 24097 149 6 0.399893 0.38259 0.0173033 9 5 8 4
24355 24045 310 13 0.299987 0.261579 0.0384078 11 3 11 3
25190 24902 288 8 0.599979 0.564375 0.0356041 12 2 12 2
25255 24899 356 14 0.299879 0.254888 0.0449914 11 3 11 3
25595 25333 262 4 0.699971 0.667793 0.0321778 9 5 6 2
25732 25370 362 7 0.899942 0.853148 0.0467939 9 5 5 1
26088 25859 229 2 0.49994 0.473098 0.0268429 8 6 8 6
26362 26049 313 11 0.399946 0.36456 0.035386 7 7 6 7
27355 27271 84 10 0.299912 0.286791 0.0131213 8 6 8 6
27726 27569 157 6 0.89996 0.879697 0.0202625 12 2 6 0
28038 27980 58 1 0.39993 0.393559 0.00637111 11 3 11 3
28041 27670 371 0 0.499893 0.456307 0.0435865 12 2 9 2
28271 28083 188 12 0.399894 0.376676 0.0232182 11 3 10 2
28560 28445 115 5 0.499927 0.485025 0.0149017 9 6 8 5
28690 28393 297 3 0.399935 0.36079 0.0391454 11 3 11 3
29538 29461 77 8 0.699934 0.689774 0.0101597 11 3 8 3
29772 29428 344 9 0.399953 0.356979 0.042974 14 1 12 1
