5767 5419 348 9 0.299978 0.257848 0.0421307 9 0 9 0
5792 5724 68 8 0.299919 0.291836 0.00808301 8 1 8 1
5799 5621 178 0 0.2999 0.277649 0.0222506 8 1 8 1
5827 5651 176 5 0.299943 0.277924 0.0220196 7 2 7 2
5837 5595 242 4 0.2999 0.271004 0.0288958 9 0 9 0
5878 5788 90 3 0.299966 0.287093 0.0128734 6 3 6 3
5880 5695 185 2 0.299914 0.278186 0.0217278 9 0 9 0
5894 5666 228 6 0.299938 0.2726 0.0273379 8 1 8 1
5941 5698 243 7 0.29982 0.27225 0.02757 7 2 6 2
5986 5696 290 1 0.299764 0.262574 0.0371904 9 0 9 0
14492 14402 90 8 0.299954 0.287684 0.0122699 9 0 9 0
14570 14514 56 3 0.299979 0.291595 0.00838448 7 2 7 2
14700 14463 237 5 0.299963 0.267444 0.0325194 8 1 8 1
14715 14553 162 4 0.299939 0.282127 0.0178111 9 0 9 0
14736 14680 56 7 0.299914 0.291245 0.008669 5 4 5 4
14786 14552 234 0 0.299924 0.272127 0.0277975 9 0 9 0
14788 14634 154 9 0.299929 0.28287 0.017059 7 2 7 2
14818 14765 53 1 0.299957 0.294117 0.00583969 6 3 6 3
14839 14560 279 6 0.299981 0.264445 0.035536 8 1 8 1
14879 14637 242 2 0.299981 0.271436 0.0285444 8 1 8 1
23242 23092 150 3 0.299988 0.279493 0.0204951 9 0 9 0
23371 23279 92 1 0.299893 0.286915 0.0129771 9 0 9 0
23409 23084 325 8 0.299909 0.262113 0.0377965 9 0 9 0
23510 23310 200 4 0.29989 0.274134 0.0257563 9 0 9 0
23540 23374 166 0 0.299928 0.279019 0.0209091 8 1 8 1
23561 23447 114 9 0.299818 0.282296 0.0175216 7 2 7 2
23572 23355 217 5 0.299905 0.273244 0.0266609 9 0 9 0
23601 23358 243 7 0.299931 0.270121 0.0298096 9 0 9 0
23775 23611 164 6 0.299903 0.278632 0.0212711 7 2 7 2
23865 23726 139 2 0.299956 0.283664 0.0162928 8 1 8 1
