5648 5595 53 0 0.299824 0.293693 0.00613137 9 0 9 0
5667 5614 53 1 0.29994 0.292567 0.00737323 8 1 8 1
5698 5527 171 3 0.299949 0.277521 0.0224279 9 0 9 0
5717 5618 99 6 0.299936 0.286393 0.0135429 7 2 7 2
5721 5629 92 2 0.299859 0.287763 0.0120956 7 2 7 2
5736 5526 210 7 0.3 0.27287 0.0271298 9 0 9 0
5746 5533 213 5 0.299932 0.271194 0.0287375 9 0 9 0
5898 5566 332 4 0.29996 0.260327 0.0396327 9 0 9 0
5959 5752 207 8 0.299898 0.274212 0.0256853 9 0 9 0
5995 5749 246 9 0.299961 0.271946 0.0280144 9 0 9 0
14414 14170 244 1 0.299898 0.270505 0.0293923 9 0 9 0
14481 14291 190 0 0.299895 0.276887 0.0230082 9 0 9 0
14565 14486 79 5 0.299974 0.288673 0.0113017 9 0 9 0
14613 14336 277 2 0.29998 0.266769 0.033211 9 0 9 0
14614 14465 149 3 0.299919 0.281773 0.0181451 9 0 9 0
14663 14444 219 6 0.299982 0.274535 0.0254468 9 0 9 0
14671 14370 301 7 0.299904 0.26489 0.0350135 8 1 8 1
14809 14510 299 8 0.299951 0.263208 0.0367439 9 0 9 0
14904 14565 339 4 0.299975 0.258771 0.041204 8 1 8 1
14917 14613 304 9 0.299907 0.264396 0.0355114 8 1 8 1
23316 23155 161 5 0.299896 0.280172 0.0197248 9 0 9 0
23321 22968 353 0 0.299904 0.258931 0.0409731 9 0 9 0
23431 23169 262 1 0.299928 0.270208 0.0297202 8 1 8 1
23439 23287 152 3 0.299945 0.28223 0.0177143 9 0 9 0
23600 23400 200 2 0.299965 0.274782 0.0251826 9 0 9 0
23632 23291 341 7 0.299813 0.257397 0.042416 8 1 8 1
23636 23513 123 4 0.299992 0.284316 0.0156758 8 1 8 1
23719 23624 95 8 0.299946 0.286917 0.0130291 7 2 7 2
23742 23385 357 6 0.299976 0.259118 0.0408581 8 1 8 1
23761 23658 103 9 0.299909 0.286079 0.0138295 6 3 6 3
