5732 5411 321 0 0.3 0.26135 0.0386497 9 0 9 0
5739 5571 168 9 0.299908 0.280093 0.0198142 9 0 9 0
5771 5702 69 4 0.299959 0.29 0.00995854 8 1 8 1
5806 5645 161 5 0.299914 0.281271 0.0186436 7 2 7 2
5833 5644 189 6 0.299922 0.278126 0.0217959 7 1 7 1
5836 5711 125 1 0.299918 0.283701 0.0162163 7 1 7 1
5843 5539 304 2 0.299969 0.264103 0.0358658 9 0 9 0
5862 5789 73 8 0.299899 0.291442 0.00845662 8 1 8 1
5867 5696 171 7 0.299959 0.276922 0.023037 6 3 6 3
5887 5619 268 3 0.29998 0.266445 0.0335348 8 1 8 1
14554 14314 240 1 0.299892 0.272409 0.027483 9 0 9 0
14580 14337 243 4 0.299964 0.269745 0.0302184 9 0 9 0
14623 14340 283 9 0.299924 0.266441 0.0334826 8 1 8 1
14702 14488 214 6 0.299956 0.27448 0.0254755 7 2 7 2
14785 14638 147 7 0.299924 0.281142 0.0187814 9 0 9 0
14786 14676 110 2 0.299911 0.286737 0.0131733 8 1 8 1
14807 14489 318 5 0.299991 0.261655 0.0383365 9 0 9 0
14854 14645 209 3 0.299964 0.273928 0.0260359 6 3 6 3
14869 14533 336 0 0.299767 0.259696 0.0400711 8 1 8 1
14898 14523 375 8 0.299918 0.254593 0.0453249 9 0 9 0
23370 23204 166 1 0.299958 0.281434 0.0185242 9 0 9 0
23396 23341 55 7 0.299883 0.291831 0.00805265 9 0 9 0
23483 23232 251 2 0.299968 0.270748 0.0292201 9 0 9 0
23531 23242 289 4 0.299938 0.265469 0.034469 9 0 9 0
23607 23361 246 9 0.299967 0.269195 0.0307715 9 0 9 0
23676 23539 137 3 0.299934 0.282351 0.0175832 7 2 7 2
23678 23625 53 8 0.299859 0.293431 0.00642784 6 3 6 3
23697 23403 294 6 0.299808 0.264125 0.0356831 9 0 9 0
23791 23633 158 5 0.299995 0.278214 0.0217814 7 2 7 2
23950 23659 291 0 0.299973 0.261781 0.0381921 7 2 7 2
