5653 5562 91 3 0.299945 0.287861 0.0120839 9 0 9 0
5758 5668 90 6 0.3 0.289242 0.0107576 9 0 9 0
5765 5629 136 9 0.299947 0.283499 0.0164488 8 1 8 1
5793 5518 275 1 0.299981 0.268977 0.0310039 9 0 9 0
5807 5600 207 7 0.299992 0.275075 0.0249164 9 0 9 0
5816 5727 89 8 0.299907 0.287741 0.012166 7 2 7 2
5898 5734 164 0 0.299858 0.279685 0.020173 7 2 7 2
5929 5655 274 4 0.299898 0.263225 0.0366727 9 0 9 0
6022 5757 265 5 0.299929 0.269234 0.0306954 9 0 9 0
6053 5726 327 2 0.299902 0.261583 0.0383186 9 0 9 0
14398 14342 56 3 0.299989 0.292579 0.00741026 9 0 9 0
14423 14370 53 8 0.299988 0.29386 0.00612736 9 0 9 0
14617 14410 207 6 0.299797 0.2725 0.0272972 9 0 9 0
14634 14526 108 7 0.29992 0.286126 0.0137944 8 1 8 1
14733 14662 71 5 0.299969 0.289115 0.0108535 8 1 8 1
14743 14508 235 9 0.299798 0.271987 0.0278115 9 0 9 0
14779 14542 237 1 0.299868 0.270997 0.0288707 8 1 8 1
14789 14471 318 0 0.299994 0.261855 0.0381386 9 0 9 0
14898 14738 160 4 0.299903 0.27879 0.0211135 8 1 8 1
15103 14768 335 2 0.299998 0.260611 0.0393862 8 1 8 1
23154 23015 139 8 0.299965 0.282049 0.017916 9 0 9 0
23277 23184 93 7 0.299991 0.286189 0.013802 8 1 8 1
23312 22975 337 3 0.299892 0.259173 0.040719 9 0 9 0
23460 23280 180 6 0.299978 0.276848 0.0231292 9 0 9 0
23551 23337 214 5 0.299915 0.27554 0.0243749 9 0 9 0
23567 23448 119 4 0.299945 0.283035 0.0169096 7 2 7 2
23625 23489 136 0 0.299983 0.281741 0.0182418 8 1 8 1
23726 23646 80 9 0.299953 0.287147 0.0128059 8 1 8 1
23852 23543 309 1 0.299892 0.262753 0.0371391 9 0 9 0
24222 23869 353 2 0.299976 0.256992 0.0429841 4 5 4 5
