5715 5599 116 2 0.29996 0.285524 0.0144365 9 0 9 0
5742 5622 120 0 0.299899 0.284919 0.0149803 9 0 9 0
5752 5683 69 6 0.299895 0.291576 0.0083182 8 1 8 1
5799 5728 71 3 0.299996 0.289666 0.0103298 8 1 8 1
5814 5686 128 8 0.299777 0.28371 0.0160675 7 2 7 2
5821 5680 141 7 0.299837 0.281027 0.0188097 8 1 7 1
5836 5565 271 5 0.29996 0.266522 0.0334378 9 0 9 0
5874 5696 178 4 0.299925 0.277791 0.0221344 5 4 5 4
5916 5675 241 9 0.299998 0.268484 0.0315135 8 1 8 1
6030 5795 235 1 0.299995 0.2708 0.0291953 8 1 8 1
14382 14327 55 6 0.299913 0.292101 0.00781186 9 0 9 0
14451 14199 252 8 0.299979 0.26924 0.0307386 9 0 9 0
14503 14362 141 2 0.299917 0.283717 0.0162003 7 2 7 2
14551 14323 228 0 0.299943 0.273846 0.026097 8 1 8 1
14580 14527 53 5 0.299924 0.292275 0.00764967 8 1 8 1
14650 14334 316 3 0.299911 0.262208 0.0377035 9 0 9 0
14736 14532 204 7 0.29984 0.275085 0.0247551 8 1 8 1
14763 14572 191 9 0.29994 0.275402 0.0245385 8 1 8 1
14854 14610 244 4 0.299936 0.273089 0.026847 9 0 9 0
15041 14723 318 1 0.299902 0.262758 0.0371442 7 2 7 2
22969 22837 132 6 0.299951 0.281957 0.0179946 9 0 9 0
23338 23201 137 8 0.299993 0.283182 0.0168102 8 1 8 1
23487 23156 331 2 0.299911 0.259707 0.0402032 9 0 8 0
23601 23468 133 3 0.299906 0.285124 0.0147814 7 2 7 2
23615 23323 292 0 0.299954 0.266143 0.0338105 9 0 9 0
23624 23304 320 5 0.299945 0.259221 0.0407235 9 0 9 0
23673 23564 109 4 0.29994 0.286474 0.0134663 8 1 8 1
23722 23427 295 7 0.299992 0.265672 0.0343192 8 1 8 1
23725 23535 190 9 0.299901 0.276587 0.0233132 8 1 7 1
23985 23790 195 1 0.299896 0.275967 0.023929 5 4 5 4
