5877 5636 241 0 0.299971 0.271605 0.0283652 9 0 9 0
5888 5825 63 7 0.299845 0.292099 0.00774568 6 3 6 3
5894 5755 139 6 0.299992 0.282279 0.0177123 9 0 9 0
5907 5705 202 4 0.299915 0.275473 0.0244412 9 0 9 0
5916 5790 126 9 0.299846 0.284693 0.0151532 7 2 7 2
5947 5694 253 1 0.3 0.26961 0.0303896 9 0 9 0
5966 5689 277 5 0.29991 0.268322 0.0315874 9 0 9 0
5975 5620 355 8 0.299895 0.257632 0.0422637 9 0 9 0
6011 5728 283 3 0.299925 0.266466 0.0334592 8 1 8 1
6068 5749 319 2 0.299876 0.263858 0.0360188 8 1 8 1
14535 14473 62 9 0.29694 0.290019 0.00692135 9 0 9 0
14638 14523 115 6 0.299921 0.285769 0.0141526 9 0 9 0
14731 14561 170 5 0.299904 0.28014 0.0197641 9 0 9 0
14788 14469 319 7 0.2999 0.263272 0.036628 9 0 9 0
14804 14695 109 8 0.299976 0.286705 0.0132712 7 2 7 2
14822 14493 329 0 0.299949 0.260629 0.0393195 9 0 9 0
14832 14584 248 4 0.29994 0.272669 0.0272711 9 0 9 0
14905 14767 138 3 0.299964 0.284194 0.0157692 8 1 8 1
14937 14635 302 1 0.299943 0.263108 0.0368357 9 0 9 0
15038 14735 303 2 0.299927 0.263724 0.0362038 8 1 8 1
23223 23101 122 9 0.299921 0.284698 0.015223 9 0 9 0
23456 23249 207 6 0.299992 0.27483 0.0251621 9 0 9 0
23470 23417 53 5 0.299884 0.291804 0.00808002 7 2 7 2
23473 23398 75 8 0.299998 0.288878 0.01112 7 2 7 2
23670 23546 124 4 0.299963 0.285009 0.0149539 9 0 9 0
23758 23531 227 3 0.299944 0.273471 0.0264734 9 0 9 0
23842 23525 317 7 0.299986 0.261299 0.0386872 8 1 8 1
23892 23721 171 2 0.299975 0.280307 0.0196675 7 2 7 1
23912 23724 188 1 0.299814 0.278523 0.0212913 8 1 8 1
23935 23672 263 0 0.299948 0.265747 0.034201 7 2 6 2
