5429 5368 61 5 0.299892 0.292564 0.00732752 9 0 9 0
5601 5548 53 2 0.299853 0.291885 0.00796786 9 0 9 0
5656 5447 209 6 0.299907 0.27241 0.0274963 9 0 9 0
5668 5555 113 7 0.299934 0.285349 0.0145852 8 1 8 1
5713 5640 73 3 0.299943 0.288628 0.0113152 5 4 5 4
5726 5632 94 9 0.299809 0.288029 0.0117801 7 2 7 2
5733 5579 154 4 0.299936 0.276579 0.023357 6 3 6 3
5769 5697 72 8 0.299936 0.289715 0.010221 7 2 7 2
5869 5575 294 0 0.299988 0.26272 0.0372682 8 1 8 1
6131 5820 311 1 0.299961 0.260145 0.039816 6 3 6 3
13907 13852 55 5 0.299859 0.291596 0.00826265 9 0 9 0
14257 14118 139 2 0.299958 0.282834 0.0171232 9 0 9 0
14437 14384 53 9 0.299858 0.291945 0.00791287 9 0 9 0
14567 14359 208 3 0.299896 0.27381 0.0260855 8 1 8 1
14568 14254 314 8 0.299944 0.26306 0.0368846 8 1 8 1
14573 14382 191 7 0.299986 0.274977 0.0250086 8 1 8 1
14583 14326 257 6 0.299969 0.270419 0.0295504 9 0 9 0
14637 14502 135 4 0.29991 0.281262 0.018648 7 2 7 2
14878 14686 192 0 0.299911 0.277261 0.0226496 8 1 8 1
15177 15037 140 1 0.299915 0.28264 0.0172753 5 4 5 4
22597 22445 152 5 0.299837 0.278019 0.0218177 9 0 9 0
23066 22799 267 2 0.299931 0.268207 0.0317235 9 0 9 0
23306 23214 92 3 0.299975 0.28888 0.011095 8 1 8 1
23330 23033 297 9 0.299968 0.262547 0.0374207 9 0 9 0
23420 23326 94 4 0.299896 0.285368 0.014528 6 3 6 3
23449 23226 223 7 0.299988 0.274599 0.0253883 7 2 7 2
23484 23214 270 6 0.299924 0.268152 0.0317724 8 1 8 1
23529 23260 269 8 0.299962 0.268899 0.0310627 8 1 8 1
23908 23626 282 0 0.299898 0.266524 0.033374 4 5 3 5
24005 23863 142 1 0.299927 0.28296 0.0169664 7 2 7 2
