5753 5624 129 8 0.299953 0.284826 0.0151265 9 0 9 0
5780 5635 145 2 0.299835 0.281396 0.0184385 9 0 9 0
5845 5666 179 7 0.299974 0.277543 0.0224307 8 1 8 1
5874 5728 146 3 0.29994 0.280305 0.0196358 9 0 9 0
5910 5700 210 4 0.299971 0.276368 0.0236027 7 2 7 2
5917 5637 280 9 0.299967 0.266405 0.0335618 9 0 9 0
5925 5644 281 5 0.299914 0.266013 0.0339002 8 1 8 1
5979 5642 337 1 0.299963 0.261432 0.038531 9 0 9 0
6009 5752 257 6 0.299974 0.269858 0.0301156 9 0 9 0
6043 5722 321 0 0.299966 0.260784 0.0391821 8 1 8 1
14424 14371 53 8 0.299855 0.292557 0.00729816 9 0 9 0
14584 14431 153 2 0.299942 0.283121 0.0168211 9 0 9 0
14715 14459 256 7 0.299951 0.270211 0.0297399 9 0 9 0
14716 14566 150 4 0.29994 0.280151 0.0197882 7 2 7 2
14764 14548 216 9 0.29994 0.271137 0.0288024 9 0 9 0
14837 14700 137 1 0.299886 0.281018 0.0188683 6 3 6 3
14853 14792 61 0 0.299988 0.293286 0.00670111 7 2 7 2
14898 14606 292 3 0.299985 0.263688 0.0362974 9 0 9 0
14907 14779 128 6 0.299998 0.28243 0.0175677 4 5 4 5
14936 14722 214 5 0.299968 0.270724 0.0292442 8 1 8 1
23218 23076 142 2 0.299965 0.284354 0.0156111 9 0 9 0
23310 23112 198 8 0.299823 0.275081 0.0247426 9 0 9 0
23575 23328 247 4 0.299996 0.269035 0.0309613 9 0 9 0
23626 23487 139 7 0.299936 0.282823 0.0171122 8 1 8 1
23637 23471 166 6 0.299908 0.278758 0.0211504 9 0 9 0
23641 23411 230 9 0.299941 0.271259 0.0286827 8 1 8 1
23781 23704 77 3 0.299913 0.288914 0.0109988 8 1 8 1
23785 23438 347 0 0.299826 0.258815 0.041011 9 0 9 0
23875 23801 74 5 0.299984 0.289801 0.0101827 8 1 8 1
23885 23533 352 1 0.299995 0.25532 0.044675 9 0 9 0
