5640 5536 104 6 0.299996 0.28726 0.0127368 9 0 9 0
5644 5547 97 1 0.296519 0.283217 0.0133012 9 0 9 0
5664 5522 142 8 0.299892 0.282733 0.0171583 9 0 9 0
5721 5607 114 9 0.299959 0.286098 0.0138614 9 0 9 0
5740 5523 217 2 0.299956 0.274342 0.0256142 9 0 9 0
5869 5672 197 5 0.299955 0.275871 0.0240847 9 0 9 0
5921 5617 304 0 0.299955 0.265672 0.0342823 9 0 9 0
5940 5739 201 7 0.299997 0.275814 0.0241824 9 0 9 0
5983 5617 366 4 0.299963 0.256825 0.0431382 9 0 9 0
5989 5741 248 3 0.299868 0.271191 0.0286769 9 0 9 0
14508 14239 269 6 0.299969 0.270388 0.0295811 9 0 9 0
14572 14445 127 2 0.299935 0.283993 0.0159428 9 0 9 0
14600 14384 216 1 0.299928 0.27208 0.0278481 9 0 9 0
14602 14305 297 8 0.299941 0.266221 0.0337199 9 0 9 0
14643 14590 53 3 0.2999 0.292856 0.00704368 8 1 8 1
14669 14599 70 0 0.299927 0.292236 0.00769111 7 2 7 2
14697 14454 243 9 0.2999 0.270365 0.0295349 9 0 9 0
14775 14688 87 7 0.299941 0.288708 0.011233 8 1 8 1
14839 14502 337 5 0.299988 0.260509 0.0394783 8 1 8 1
14920 14787 133 4 0.2998 0.283094 0.0167057 8 1 8 1
23441 23169 272 2 0.299969 0.268964 0.0310045 9 0 9 0
23447 23208 239 6 0.299974 0.271465 0.0285087 9 0 9 0
23489 23364 125 8 0.299993 0.284017 0.0159757 8 1 8 1
23554 23306 248 1 0.299926 0.270158 0.0297677 9 0 9 0
23637 23262 375 3 0.299962 0.255455 0.0445067 8 1 8 1
23658 23470 188 7 0.299918 0.27634 0.0235782 8 1 8 1
23679 23602 77 4 0.299996 0.287565 0.0124305 8 1 8 1
23687 23522 165 9 0.299988 0.280229 0.0197587 6 3 6 3
23715 23407 308 0 0.299998 0.263931 0.0360673 9 0 9 0
23866 23669 197 5 0.299872 0.274798 0.0250741 9 0 9 0
