5594 5534 60 2 0.29994 0.291553 0.00838683 9 0 9 0
5649 5558 91 8 0.299998 0.287046 0.0129526 9 0 9 0
5715 5551 164 5 0.299941 0.27902 0.0209208 9 0 9 0
5723 5670 53 6 0.299796 0.293829 0.00596714 8 1 8 1
5748 5564 184 9 0.29999 0.277851 0.0221388 9 0 9 0
5774 5593 181 1 0.299906 0.27699 0.0229158 8 1 8 1
5784 5636 148 3 0.299915 0.281228 0.0186874 7 2 7 2
5894 5662 232 7 0.29999 0.269912 0.0300786 6 3 6 3
5923 5600 323 4 0.299993 0.260907 0.0390859 9 0 9 0
5961 5586 375 0 0.299895 0.255439 0.044456 9 0 9 0
14205 14084 121 2 0.299973 0.284688 0.0152846 9 0 9 0
14525 14300 225 8 0.299935 0.274283 0.0256516 9 0 9 0
14568 14515 53 3 0.299909 0.291865 0.00804475 9 0 9 0
14570 14471 99 5 0.299959 0.289078 0.0108811 8 1 8 1
14649 14445 204 1 0.299981 0.276057 0.0239241 8 1 8 1
14672 14473 199 9 0.299984 0.274207 0.0257771 8 1 8 1
14697 14369 328 6 0.299983 0.25925 0.0407325 9 0 9 0
14702 14643 59 7 0.299939 0.291211 0.00872864 5 4 5 4
14791 14620 171 4 0.299936 0.277284 0.0226523 7 2 7 2
14967 14754 213 0 0.299951 0.271537 0.0284137 4 5 4 5
23067 22856 211 2 0.299781 0.27416 0.0256208 9 0 9 0
23355 23109 246 5 0.299904 0.271695 0.0282088 9 0 9 0
23413 23256 157 8 0.299925 0.282133 0.0177927 8 1 8 1
23514 23166 348 3 0.29996 0.259589 0.040371 8 1 8 1
23540 23291 249 7 0.299926 0.268562 0.0313635 8 1 8 1
23569 23495 74 6 0.299944 0.291813 0.00813111 8 1 8 1
23590 23413 177 9 0.299954 0.280062 0.0198919 9 0 9 0
23691 23421 270 4 0.299896 0.267985 0.0319113 8 1 8 1
23706 23442 264 1 0.299927 0.269811 0.0301164 7 2 7 2
23802 23669 133 0 0.299952 0.280968 0.0189832 6 3 6 3
