908 766 142 5 0.899957 0.881699 0.0182585 6 0 6 0
950 805 145 1 0.899936 0.881247 0.0186892 6 0 6 0
1734 1628 106 9 0.799931 0.785969 0.0139621 6 2 6 2
1783 1608 175 2 0.799987 0.777032 0.0229551 8 0 8 0
1890 1644 246 7 0.799911 0.771627 0.0282842 7 1 7 1
2414 2357 57 3 0.699936 0.693156 0.00677961 6 3 6 3
2495 2440 55 0 0.699954 0.692311 0.00764208 7 2 7 2
3256 3065 191 1 0.799969 0.776725 0.0232438 8 1 6 1
3351 3295 56 8 0.599936 0.592025 0.00791075 8 1 8 1
3644 3414 230 9 0.89996 0.87173 0.0282301 8 0 5 0
3649 3321 328 6 0.599985 0.558379 0.0416059 8 1 8 1
4659 4579 80 0 0.899906 0.889971 0.00993534 8 1 5 1
4723 4411 312 7 0.799995 0.763573 0.0364224 7 2 4 2
5082 4876 206 4 0.399954 0.374767 0.0251874 8 1 8 1
5570 5324 246 3 0.799956 0.764412 0.0355439 7 2 6 2
6253 6108 145 2 0.599999 0.581394 0.0186051 5 4 5 4
6776 6546 230 7 0.899916 0.872918 0.0269985 7 2 4 1
6839 6687 152 9 0.699919 0.682951 0.0169677 8 1 7 1
7060 6697 363 8 0.799818 0.756558 0.0432606 7 2 4 2
7195 7091 104 5 0.299928 0.286501 0.0134273 3 6 3 6
7521 7357 164 3 0.89995 0.879629 0.020321 8 1 3 0
8088 7874 214 6 0.699974 0.673853 0.0261207 4 5 4 5
9438 9229 209 1 0.399817 0.37217 0.0276467 6 3 6 3
9531 9154 377 0 0.499963 0.451614 0.0483494 6 3 6 3
10047 9722 325 8 0.799782 0.760848 0.0389341 6 3 6 3
10559 10430 129 2 0.699975 0.681793 0.0181819 7 2 7 2
10998 10915 83 5 0.899911 0.88816 0.011751 5 4 4 1
11304 11095 209 6 0.799986 0.775018 0.0249676 6 3 6 3
11386 11229 157 3 0.59992 0.582277 0.0176426 6 3 6 3
11780 11459 321 7 0.499993 0.461659 0.0383342 6 3 6 3
12551 12277 274 9 0.499908 0.467026 0.0328819 6 3 6 3
13161 12876 285 1 0.89992 0.861882 0.0380388 6 3 2 0
13421 13153 268 5 0.79994 0.770134 0.0298063 6 3 6 3
13516 13457 59 0 0.799952 0.791667 0.0082855 4 5 2 4
13740 13423 317 4 0.299926 0.262438 0.0374879 5 4 5 4
15598 15234 364 2 0.599958 0.552983 0.0469749 7 2 7 2
15719 15380 339 1 0.799992 0.760745 0.0392476 6 3 5 2
16533 16395 138 9 0.799967 0.78275 0.0172163 7 2 6 1
16803 16453 350 7 0.699832 0.659041 0.040791 8 1 7 1
17001 16872 129 8 0.299898 0.281334 0.0185645 5 4 5 4
17152 16870 282 5 0.699953 0.665181 0.034772 8 1 7 1
17185 16904 281 0 0.699944 0.668031 0.0319121 6 3 5 3
17500 17210 290 3 0.499971 0.462447 0.0375234 7 2 7 2
18190 18037 153 6 0.299917 0.281934 0.0179834 7 2 7 2
19437 19249 188 4 0.699975 0.678943 0.021032 7 2 6 2
20217 19896 321 9 0.699986 0.663817 0.036169 7 2 6 2
20328 20162 166 0 0.799927 0.77859 0.0213371 8 1 5 1
20685 20629 56 7 0.699987 0.691573 0.00841407 4 5 4 5
20996 20793 203 2 0.599959 0.574459 0.0254993 7 2 6 2
21077 20869 208 5 0.699904 0.673803 0.0261007 5 4 4 4
21830 21759 71 1 0.399864 0.388546 0.0113175 4 5 4 5
22884 22763 121 7 0.899998 0.884428 0.0155702 4 5 4 2
23007 22767 240 6 0.799899 0.769816 0.0300833 8 1 5 1
23522 23290 232 4 0.699972 0.673314 0.026658 6 3 5 3
23781 23728 53 0 0.699928 0.693057 0.00687059 6 3 6 3
25107 24933 174 5 0.699937 0.677235 0.0227013 4 5 3 5
25314 24968 346 8 0.399997 0.358567 0.0414302 9 0 9 0
25430 25295 135 2 0.699996 0.68408 0.0159159 7 2 6 0
25602 25549 53 3 0.299834 0.292381 0.00745327 6 3 6 3
25823 25627 196 4 0.899976 0.875163 0.0248131 6 3 3 2
26039 25853 186 7 0.699988 0.677434 0.022554 6 3 5 2
26071 25755 316 9 0.49998 0.464254 0.0357261 7 2 7 2
28004 27682 322 1 0.599897 0.563634 0.0362639 6 3 6 3
28041 27988 53 4 0.799895 0.791336 0.00855895 6 3 5 3
28428 28166 262 6 0.499949 0.468696 0.0312524 5 4 5 4
28764 28427 337 0 0.599986 0.561185 0.0388017 5 4 5 4
29013 28959 54 5 0.699924 0.691821 0.00810307 4 5 4 4
29218 29027 191 7 0.79999 0.778983 0.0210068 7 2 6 2
