828 733 95 6 0.899906 0.88571 0.0141962 5 0 5 0
835 765 70 7 0.899993 0.891053 0.00894015 5 0 5 0
837 783 54 2 0.899891 0.893542 0.00634911 5 0 5 0
1107 827 280 0 0.899925 0.867087 0.0328376 3 0 3 0
1712 1641 71 8 0.799969 0.789962 0.0100074 5 2 5 2
1792 1670 122 3 0.799968 0.783581 0.0163864 7 2 7 2
1850 1561 289 5 0.799968 0.76668 0.0332872 7 2 7 2
2378 2075 303 2 0.89994 0.864503 0.0354362 7 0 5 0
2774 2458 316 9 0.699992 0.661798 0.038194 3 5 3 5
3371 3288 83 0 0.799931 0.789411 0.0105198 6 1 6 1
3371 3251 120 4 0.599949 0.585238 0.0147117 6 3 6 3
4136 3738 398 6 0.699829 0.649753 0.0500768 6 3 6 3
4211 4108 103 1 0.499906 0.485861 0.0140455 6 3 6 3
5089 4983 106 8 0.699907 0.687877 0.0120295 6 3 5 3
5570 5350 220 2 0.699903 0.673682 0.026221 6 3 6 3
5670 5375 295 7 0.499901 0.463902 0.0359987 8 1 8 1
6157 5839 318 0 0.799993 0.759433 0.0405596 7 2 6 2
7077 7024 53 5 0.499834 0.492129 0.00770561 5 4 4 4
7432 7188 244 8 0.899978 0.869793 0.0301854 6 3 3 0
7873 7608 265 3 0.399951 0.36967 0.0302805 7 2 7 2
7996 7671 325 2 0.899926 0.861534 0.0383923 5 4 3 3
8998 8818 180 1 0.699923 0.677128 0.0227955 8 1 8 1
9022 8900 122 6 0.599938 0.586415 0.0135225 6 3 6 3
9289 9163 126 4 0.499954 0.484358 0.015596 5 4 5 4
9517 9136 381 9 0.399953 0.354332 0.0456209 7 2 7 2
9744 9409 335 2 0.899919 0.859719 0.0402 5 4 3 2
9879 9582 297 7 0.79997 0.761743 0.0382262 5 4 4 4
10801 10534 267 0 0.599974 0.564781 0.0351929 5 4 4 4
12267 11999 268 2 0.799905 0.764637 0.0352687 4 5 2 3
12278 12216 62 8 0.499868 0.490847 0.00902174 6 3 6 3
12312 12238 74 6 0.799905 0.788452 0.0114534 4 5 4 5
12335 11987 348 1 0.799914 0.758266 0.0416487 7 2 5 2
12731 12522 209 7 0.799931 0.775118 0.024813 6 3 5 2
12991 12938 53 3 0.699795 0.692216 0.00757945 7 2 7 2
14316 14263 53 0 0.799942 0.792442 0.00750014 6 3 6 3
14328 14068 260 2 0.899952 0.87001 0.0299422 8 1 6 1
14445 14146 299 5 0.399946 0.362835 0.0371106 8 1 8 1
14701 14496 205 7 0.89991 0.875067 0.0248432 6 3 4 2
14811 14598 213 9 0.6999 0.67389 0.0260099 5 4 5 4
15246 15132 114 1 0.799993 0.783616 0.0163768 7 2 5 2
15797 15666 131 6 0.699829 0.684004 0.0158255 6 3 6 2
16081 15902 179 3 0.799933 0.778205 0.0217283 6 3 5 3
16154 16012 142 8 0.799899 0.782819 0.0170802 5 4 3 2
16384 16323 61 4 0.399959 0.391796 0.00816298 3 6 3 6
16671 16548 123 2 0.799937 0.785833 0.0141034 7 2 6 2
17806 17753 53 1 0.799809 0.793137 0.00667184 8 1 8 1
17943 17679 264 0 0.699759 0.670389 0.02937 7 2 5 1
18090 17826 264 3 0.899921 0.867974 0.0319465 9 0 6 0
18191 17884 307 5 0.899956 0.865379 0.0345777 7 2 5 1
18725 18672 53 9 0.699825 0.692954 0.00687114 4 5 4 5
18769 18609 160 7 0.59992 0.578685 0.0212349 4 5 4 5
19690 19596 94 6 0.69999 0.685627 0.0143636 6 3 6 3
19848 19720 128 4 0.899991 0.884866 0.015125 5 4 4 1
20093 20037 56 2 0.699995 0.693479 0.00651599 7 2 6 2
20444 20391 53 8 0.599955 0.592492 0.0074627 7 2 7 2
20647 20305 342 1 0.799944 0.759905 0.0400391 9 0 7 0
21250 21158 92 3 0.699942 0.68898 0.0109616 8 1 6 1
21963 21608 355 9 0.7999 0.754487 0.0454134 7 2 5 2
22730 22578 152 0 0.599946 0.582647 0.0172989 8 1 8 1
22910 22816 94 4 0.699978 0.689647 0.0103311 7 2 7 2
22959 22818 141 5 0.49989 0.482646 0.017244 6 3 6 3
23524 23336 188 3 0.899925 0.877623 0.0223016 8 1 6 0
23854 23773 81 2 0.699978 0.687697 0.0122809 6 3 6 3
24066 23844 222 7 0.599961 0.57134 0.0286212 9 0 9 0
25261 25106 155 6 0.499943 0.479253 0.0206902 6 3 6 3
26609 26316 293 9 0.599981 0.566414 0.0335673 8 1 7 1
26797 26742 55 4 0.699948 0.692642 0.00730536 7 2 6 2
26923 26772 151 2 0.799959 0.780881 0.0190774 8 1 7 1
27590 27464 126 1 0.299964 0.282939 0.0170252 7 2 7 2
27843 27486 357 7 0.799933 0.757695 0.0422374 5 4 4 4
28226 27918 308 8 0.299991 0.264536 0.0354558 7 2 7 2
28355 28221 134 6 0.899929 0.883107 0.0168221 5 4 3 2
28482 28137 345 3 0.499958 0.458976 0.0409826 5 4 5 4
29334 29166 168 5 0.499894 0.477748 0.0221461 7 2 7 2
29597 29409 188 0 0.399999 0.379105 0.0208938 7 2 7 2
