846 737 109 5 0.899916 0.887567 0.0123493 6 0 6 0
891 771 120 3 0.899986 0.883129 0.0168571 5 0 5 0
939 707 232 4 0.89996 0.871822 0.0281385 5 0 5 0
1000 708 292 1 0.899902 0.86222 0.0376826 7 0 7 0
2553 2349 204 6 0.699925 0.675106 0.0248195 9 0 9 0
2632 2493 139 9 0.699998 0.682046 0.0179527 8 1 8 1
2663 2373 290 8 0.699924 0.665551 0.034373 8 1 8 1
3625 3336 289 0 0.59991 0.565864 0.0340464 6 3 6 3
3848 3749 99 5 0.699867 0.686302 0.0135653 9 0 7 0
3953 3899 54 4 0.699942 0.691822 0.00812 6 3 6 3
3956 3864 92 7 0.495547 0.48194 0.0136062 7 2 7 2
4400 4118 282 2 0.499971 0.462074 0.0378966 6 3 6 3
5509 5456 53 3 0.499943 0.491966 0.00797747 4 5 4 5
5840 5689 151 1 0.499912 0.480803 0.0191097 5 4 5 4
5998 5598 400 9 0.799993 0.746594 0.0533995 7 2 5 2
6205 5953 252 5 0.899969 0.871159 0.0288095 8 1 4 1
7073 6872 201 4 0.799942 0.775372 0.0245695 7 2 4 2
7233 6957 276 7 0.899918 0.864891 0.0350272 7 2 2 1
7674 7457 217 2 0.899906 0.873648 0.0262581 8 1 4 1
8272 8183 89 6 0.499939 0.488967 0.0109726 7 2 7 2
8479 8216 263 8 0.499904 0.468612 0.0312917 7 2 7 2
8795 8659 136 7 0.899987 0.884453 0.0155344 7 2 4 0
8801 8697 104 0 0.59998 0.587962 0.0120184 7 2 6 2
9090 8789 301 4 0.899894 0.86578 0.0341137 8 1 3 1
9410 9209 201 3 0.799926 0.776056 0.0238704 7 2 5 0
10125 9881 244 2 0.799991 0.771522 0.028469 7 2 3 1
11255 10926 329 7 0.799901 0.759812 0.0400891 7 2 6 2
11278 11225 53 9 0.499874 0.492074 0.00780034 8 1 8 1
11497 11301 196 0 0.899919 0.872186 0.0277334 8 1 7 1
11783 11555 228 5 0.399937 0.369559 0.0303775 8 1 8 1
12077 11987 90 6 0.799979 0.789162 0.010817 7 2 6 2
12992 12929 63 4 0.599894 0.591793 0.00810027 8 1 8 1
13148 12905 243 0 0.899941 0.870951 0.0289902 7 2 3 1
13205 12862 343 3 0.699897 0.659709 0.040188 9 0 8 0
13317 13194 123 8 0.699912 0.682351 0.0175609 4 5 4 5
13952 13841 111 1 0.299898 0.285174 0.0147238 5 4 5 4
15554 15279 275 2 0.499953 0.466127 0.0338267 8 1 8 1
16524 16260 264 8 0.799989 0.769011 0.0309778 7 2 7 2
16566 16360 206 7 0.499958 0.47463 0.0253279 8 1 8 1
16946 16871 75 5 0.699892 0.688495 0.0113972 6 3 6 3
17039 16658 381 9 0.599955 0.553718 0.0462369 9 0 9 0
17335 17198 137 4 0.699893 0.67947 0.0204234 7 2 6 2
17443 17123 320 6 0.499925 0.463013 0.0369123 7 2 7 2
17972 17919 53 3 0.599836 0.593531 0.00630508 4 5 4 5
19070 18713 357 0 0.399897 0.354691 0.0452058 4 5 4 5
19804 19501 303 4 0.899911 0.865301 0.0346092 7 2 3 1
20254 19971 283 8 0.699952 0.664928 0.0350241 9 0 7 0
20938 20709 229 5 0.699894 0.671627 0.0282668 7 2 6 2
21123 20974 149 1 0.49981 0.480907 0.0189032 7 2 7 2
21344 21231 113 6 0.799771 0.785061 0.0147102 6 3 5 3
21349 21080 269 2 0.599966 0.567098 0.032868 6 3 6 3
21409 21243 166 3 0.79995 0.776868 0.0230826 5 4 4 4
23021 22874 147 4 0.699895 0.681296 0.0185983 7 2 7 2
23581 23357 224 0 0.79989 0.772463 0.0274272 6 3 6 1
23994 23817 177 9 0.399901 0.377689 0.0222118 9 0 9 0
24055 23710 345 7 0.399965 0.359686 0.0402787 8 1 8 1
24091 23753 338 6 0.799853 0.760605 0.0392479 9 0 9 0
24212 23995 217 3 0.799921 0.775821 0.0240996 7 2 7 1
24316 24099 217 1 0.899972 0.875418 0.0245543 7 2 2 0
25022 24969 53 8 0.599938 0.592975 0.00696291 4 5 3 5
25046 24751 295 5 0.699879 0.661849 0.0380303 5 4 4 4
26738 26493 245 1 0.799928 0.770914 0.0290133 6 3 3 2
27837 27554 283 3 0.699957 0.665861 0.0340957 7 2 5 2
27928 27847 81 0 0.599926 0.588266 0.0116605 6 3 5 2
28227 28174 53 9 0.799895 0.793106 0.00678932 9 0 6 0
28418 28093 325 5 0.799928 0.762145 0.0377836 6 3 5 1
28536 28123 413 2 0.39996 0.350291 0.0496689 7 2 7 2
29392 29196 196 6 0.499986 0.474801 0.025185 7 2 7 2
29420 29278 142 4 0.399904 0.380012 0.0198922 5 4 5 4
29442 29198 244 7 0.699932 0.670467 0.0294652 4 5 4 5
29983 29873 110 9 0.899935 0.886064 0.0138706 7 2 4 2
