830 762 68 5 0.899983 0.891019 0.00896439 7 0 7 0
953 799 154 7 0.899954 0.879458 0.0204957 6 1 5 0
1726 1599 127 1 0.799991 0.785302 0.014689 6 2 6 2
1746 1598 148 4 0.799908 0.78203 0.0178778 8 0 8 0
2468 2265 203 7 0.8999 0.875021 0.0248781 8 0 4 0
2484 2431 53 6 0.699978 0.693006 0.00697193 7 2 7 2
3393 3099 294 9 0.599928 0.563085 0.0368429 8 1 8 1
3438 3256 182 8 0.599996 0.575457 0.0245389 7 2 7 2
3634 3288 346 2 0.599965 0.559057 0.0409087 6 3 6 3
4142 4082 60 0 0.499831 0.490468 0.00936248 5 4 5 4
4274 4123 151 3 0.499942 0.482076 0.0178661 8 1 8 1
4889 4563 326 6 0.899887 0.862887 0.0370004 5 4 2 2
5426 5098 328 4 0.699927 0.661328 0.0385995 4 5 4 5
5512 5457 55 5 0.499904 0.491762 0.00814166 6 3 6 3
7123 7070 53 6 0.79995 0.792887 0.00706353 7 2 7 1
7143 6874 269 9 0.799961 0.767154 0.0328072 8 1 6 1
7181 6790 391 1 0.499903 0.449924 0.0499793 6 3 6 3
7192 7074 118 2 0.799973 0.783702 0.0162707 4 5 4 5
7287 7181 106 7 0.499911 0.485833 0.014078 7 2 7 2
8626 8446 180 8 0.599996 0.578275 0.021721 4 5 4 5
8982 8785 197 6 0.899996 0.878144 0.0218519 7 2 3 0
9661 9520 141 0 0.599901 0.580765 0.0191363 6 3 6 3
10297 10213 84 7 0.899913 0.889425 0.0104884 8 1 3 0
10441 10242 199 4 0.599975 0.577855 0.0221198 8 1 8 1
10686 10563 123 9 0.699898 0.683769 0.0161289 6 3 6 2
10745 10518 227 3 0.499972 0.473471 0.0265017 7 2 7 2
10779 10510 269 2 0.699985 0.664372 0.0356132 8 1 7 1
11248 10912 336 5 0.599842 0.560951 0.0388913 6 3 5 1
11428 11078 350 1 0.799944 0.758308 0.0416356 6 3 5 3
12114 12018 96 6 0.6999 0.687015 0.012885 6 3 4 3
13756 13686 70 8 0.599976 0.591418 0.00855806 8 1 7 1
13888 13801 87 4 0.799898 0.788195 0.0117029 7 2 6 1
14002 13753 249 0 0.699945 0.669101 0.0308437 6 3 5 2
14056 13846 210 2 0.799917 0.773982 0.0259351 7 2 6 1
14165 14061 104 7 0.599969 0.586712 0.0132571 7 2 6 2
15118 15065 53 6 0.799895 0.794074 0.00582111 6 3 4 2
15164 14949 215 1 0.699944 0.673691 0.0262531 6 3 3 3
15559 15355 204 9 0.599967 0.572486 0.0274804 9 0 9 0
15698 15552 146 5 0.699991 0.680111 0.0198796 5 4 5 3
16425 16235 190 3 0.599927 0.574832 0.0250952 5 4 4 3
17121 16760 361 6 0.89976 0.858458 0.0413015 5 4 4 3
17135 16945 190 0 0.799912 0.776901 0.0230114 7 2 5 0
17600 17536 64 7 0.79996 0.79149 0.00846997 6 3 6 3
17706 17371 335 1 0.899934 0.861224 0.0387105 7 2 2 1
17900 17815 85 8 0.699899 0.687353 0.0125468 8 1 6 1
18664 18354 310 2 0.599919 0.564682 0.0352368 8 1 8 1
20260 19987 273 1 0.799982 0.766475 0.033507 7 2 5 2
20551 20277 274 5 0.599927 0.567699 0.0322282 7 2 7 1
20570 20444 126 4 0.299961 0.283234 0.0167267 7 2 7 2
21280 21063 217 6 0.59999 0.575858 0.024132 7 2 7 2
21443 21339 104 0 0.599792 0.588081 0.0117117 7 2 7 2
21662 21299 363 2 0.899945 0.855852 0.0440927 8 1 3 1
21755 21452 303 9 0.499922 0.46428 0.0356427 8 1 8 1
22633 22535 98 8 0.599972 0.58845 0.0115216 6 3 6 3
22761 22546 215 7 0.499975 0.472348 0.0276273 3 6 3 6
23251 23078 173 3 0.399978 0.380135 0.0198421 6 3 6 3
24078 24025 53 5 0.799991 0.79356 0.00643099 9 0 3 0
24896 24588 308 1 0.599944 0.565478 0.0344663 5 4 5 4
24948 24766 182 2 0.699895 0.67818 0.0217158 5 4 4 4
26033 25720 313 5 0.899989 0.861991 0.037998 7 2 3 2
26554 26397 157 6 0.599925 0.581771 0.0181539 8 1 8 1
26804 26438 366 0 0.599961 0.555593 0.044369 5 4 5 4
26915 26806 109 4 0.599979 0.585821 0.014158 7 2 6 2
27550 27308 242 9 0.599819 0.56998 0.0298392 7 2 7 2
27851 27670 181 8 0.599913 0.575808 0.0241045 6 3 5 3
28231 27939 292 2 0.79992 0.762774 0.0371451 9 0 7 0
28386 28262 124 5 0.799943 0.78573 0.0142124 9 0 5 0
29982 29929 53 6 0.799901 0.792488 0.00741316 9 0 6 0
