846 707 139 0 0.899979 0.880497 0.0194814 5 0 5 0
978 723 255 2 0.899934 0.86863 0.0313041 3 0 3 0
1006 797 209 8 0.899984 0.875618 0.0243661 6 1 6 1
1694 1639 55 1 0.799911 0.792827 0.00708451 8 0 8 0
2418 2334 84 8 0.899793 0.888624 0.0111683 8 0 6 0
2478 2425 53 7 0.699954 0.691722 0.00823193 8 0 8 0
2544 2446 98 4 0.699907 0.688884 0.0110229 7 2 7 2
2596 2427 169 6 0.699902 0.678907 0.0209953 8 0 8 0
3277 3224 53 9 0.59988 0.59354 0.0063395 7 2 7 2
3324 3216 108 2 0.799996 0.788125 0.0118711 6 2 6 2
3371 3293 78 3 0.599954 0.590125 0.0098289 8 1 8 1
3497 3138 359 5 0.599918 0.554459 0.0454586 6 1 6 1
4087 3790 297 0 0.699999 0.66392 0.0360792 4 5 4 5
4682 4623 59 4 0.899908 0.892062 0.00784642 5 4 3 4
6083 5834 249 1 0.599906 0.5703 0.0296058 9 0 9 0
6267 6177 90 8 0.599948 0.587555 0.0123929 8 1 8 1
6309 6127 182 5 0.899924 0.879913 0.0200111 7 0 6 0
6650 6332 318 6 0.699976 0.662379 0.0375966 6 3 5 3
6969 6654 315 2 0.699893 0.663883 0.0360105 6 2 6 2
7213 7072 141 0 0.799922 0.784276 0.0156459 6 3 6 2
7742 7392 350 9 0.699994 0.65816 0.0418338 7 2 7 2
8009 7884 125 7 0.4999 0.484195 0.0157053 7 2 6 2
8430 8375 55 3 0.599934 0.591009 0.00892479 6 3 5 3
9228 9118 110 5 0.699898 0.682993 0.0169052 6 3 6 3
9238 9183 55 4 0.499941 0.491679 0.00826191 6 3 6 3
9468 9160 308 2 0.899894 0.865615 0.0342784 7 2 5 2
10855 10560 295 6 0.699951 0.66655 0.0334013 6 3 5 3
10981 10902 79 2 0.899922 0.890041 0.00988069 7 2 4 1
11231 10845 386 9 0.799913 0.755277 0.0446355 7 2 5 1
11468 11187 281 1 0.599993 0.564128 0.0358651 8 1 8 1
11534 11385 149 0 0.599931 0.580377 0.0195541 4 5 4 5
11595 11245 350 8 0.599944 0.558116 0.0418287 6 3 6 3
11940 11810 130 7 0.799894 0.782961 0.0169331 6 3 6 2
13276 12985 291 5 0.699954 0.662434 0.0375203 6 3 6 3
13987 13930 57 6 0.799894 0.793633 0.00626111 5 4 5 3
14045 13889 156 2 0.699926 0.681278 0.0186481 7 2 5 2
14239 13891 348 9 0.799924 0.759641 0.0402831 7 2 7 2
14256 14117 139 1 0.899922 0.879619 0.0203029 8 1 5 1
14311 14258 53 3 0.499945 0.491726 0.00821853 6 3 6 3
14377 14260 117 8 0.899968 0.886021 0.0139467 6 3 3 1
14693 14431 262 7 0.799933 0.767764 0.0321689 5 4 4 4
14980 14666 314 4 0.599923 0.562733 0.0371904 4 5 4 5
16704 16565 139 0 0.599901 0.582294 0.0176065 5 4 5 4
17128 17027 101 2 0.799945 0.786199 0.0137461 6 3 5 2
17512 17325 187 6 0.699974 0.677015 0.0229585 8 1 8 0
17783 17606 177 4 0.899928 0.878082 0.0218459 7 2 5 1
18216 17986 230 1 0.599929 0.571032 0.0288967 8 1 7 1
18880 18669 211 3 0.699903 0.67659 0.0233126 7 2 7 2
18936 18762 174 5 0.499949 0.479427 0.0205221 8 1 8 1
19048 18980 68 7 0.599994 0.590196 0.00979787 5 4 5 4
19591 19436 155 9 0.49999 0.482233 0.0177578 8 1 8 1
19994 19651 343 6 0.899833 0.860415 0.0394175 6 3 4 3
20104 19823 281 8 0.399989 0.367784 0.0322051 5 4 5 4
21152 20921 231 0 0.699924 0.669448 0.0304761 7 2 6 2
21680 21627 53 4 0.599894 0.593238 0.0066565 7 2 6 2
21708 21429 279 6 0.899907 0.866963 0.0329446 8 1 4 1
22294 22165 129 2 0.499923 0.485653 0.0142698 5 4 5 4
22431 22372 59 7 0.799927 0.793202 0.00672493 5 4 4 4
22832 22779 53 5 0.799955 0.793918 0.00603755 6 3 4 3
23661 23576 85 3 0.599961 0.587717 0.012244 6 3 5 3
24451 24191 260 9 0.699982 0.669334 0.0306482 6 3 5 3
24527 24169 358 1 0.499971 0.455695 0.0442762 6 3 6 3
24538 24208 330 0 0.799808 0.760379 0.0394289 8 1 6 1
25046 24877 169 7 0.799986 0.779093 0.0208923 6 3 6 3
25066 24799 267 6 0.699905 0.669427 0.0304778 8 1 7 1
25487 25209 278 8 0.69999 0.667844 0.0321453 5 4 5 4
26035 25719 316 4 0.69989 0.661291 0.0385992 6 3 4 2
27116 26948 168 5 0.599876 0.579248 0.0206283 7 2 7 2
27654 27565 89 1 0.899926 0.887553 0.0123731 6 3 3 2
27849 27636 213 8 0.899912 0.874268 0.0256433 7 2 5 1
28039 27835 204 3 0.699933 0.676846 0.0230874 7 2 7 2
28864 28626 238 2 0.499963 0.471942 0.0280212 5 4 5 4
29000 28937 63 1 0.899986 0.893029 0.00695693 8 1 5 0
29100 28941 159 6 0.699892 0.681408 0.0184836 6 3 5 3
29360 29117 243 9 0.599922 0.570054 0.0298685 7 2 7 2
