850 797 53 7 0.89996 0.892729 0.00723093 7 0 7 0
905 814 91 5 0.899901 0.889116 0.0107858 6 1 6 1
933 764 169 6 0.89995 0.878232 0.0217177 4 0 4 0
986 781 205 9 0.899953 0.870398 0.0295551 8 0 8 0
1627 1574 53 2 0.79984 0.793225 0.00661498 7 2 7 2
1684 1531 153 0 0.799945 0.780489 0.0194553 7 1 7 1
1845 1520 325 4 0.799943 0.756948 0.0429952 7 1 7 1
2339 2087 252 7 0.899935 0.870147 0.029788 6 1 5 1
3071 2939 132 5 0.799922 0.785411 0.0145111 7 1 5 1
3417 3241 176 9 0.799911 0.779337 0.020574 9 0 7 0
3554 3290 264 1 0.599905 0.568464 0.0314415 7 0 7 0
3567 3243 324 3 0.599944 0.559389 0.0405551 8 0 8 0
4198 3906 292 6 0.699927 0.665653 0.0342741 5 3 5 3
4284 4176 108 8 0.499949 0.487156 0.0127924 7 2 7 2
4744 4478 266 4 0.799894 0.767174 0.0327207 7 1 7 0
5448 5144 304 9 0.899945 0.864232 0.0357128 9 0 3 0
5485 5157 328 0 0.699871 0.661725 0.0381461 6 3 5 3
5783 5699 84 2 0.599899 0.590366 0.00953289 4 5 4 5
6490 6419 71 5 0.699902 0.691996 0.00790606 7 2 7 2
7699 7386 313 4 0.799982 0.761807 0.0381741 7 2 5 2
7874 7701 173 9 0.799953 0.78073 0.0192233 8 1 5 1
8138 7914 224 6 0.69996 0.67163 0.0283294 8 1 8 1
8208 7872 336 7 0.399909 0.361235 0.0386739 8 1 8 1
8831 8575 256 1 0.599927 0.568335 0.0315919 7 2 6 2
9706 9382 324 5 0.799915 0.762029 0.0378865 6 3 3 2
9776 9722 54 8 0.599898 0.591585 0.00831305 4 5 4 5
9810 9589 221 3 0.499908 0.47317 0.0267375 6 3 6 3
11250 11078 172 0 0.499969 0.477525 0.0224446 7 2 7 2
11907 11641 266 2 0.499902 0.466566 0.033336 8 1 8 1
12397 12092 305 9 0.599973 0.56274 0.0372329 7 2 6 2
12957 12842 115 4 0.499937 0.485008 0.0149283 6 3 6 3
13052 12883 169 6 0.599892 0.579023 0.0208693 6 3 5 3
13985 13616 369 3 0.799889 0.75637 0.0435189 7 2 5 1
14179 14031 148 7 0.599966 0.581954 0.0180124 6 3 5 3
14288 14067 221 5 0.599985 0.573012 0.0269729 7 2 5 1
15068 14746 322 8 0.599926 0.560988 0.0389384 6 3 6 3
15918 15634 284 2 0.799993 0.767871 0.0321222 7 2 4 1
16663 16341 322 1 0.299989 0.262779 0.0372098 5 4 5 4
16741 16687 54 3 0.799991 0.791479 0.00851209 7 2 3 2
16782 16698 84 0 0.599905 0.589434 0.0104714 5 4 5 4
17551 17221 330 6 0.699922 0.662692 0.0372301 7 2 6 1
17577 17459 118 4 0.699955 0.685802 0.014153 8 1 8 1
17836 17556 280 9 0.599961 0.565953 0.0340085 7 2 7 2
18547 18358 189 7 0.699954 0.676149 0.0238055 6 3 6 3
19636 19341 295 5 0.599912 0.563613 0.0362996 8 1 8 1
19638 19251 387 0 0.899939 0.851361 0.0485775 5 4 5 4
19779 19405 374 8 0.699948 0.654578 0.0453707 7 2 7 2
21268 21038 230 2 0.499908 0.471883 0.0280251 7 2 6 2
21759 21501 258 7 0.79992 0.767757 0.0321632 7 2 6 2
22065 21797 268 3 0.4999 0.467148 0.0327525 5 4 5 4
23104 23051 53 6 0.499997 0.493196 0.00680097 6 3 6 3
23258 22918 340 4 0.499897 0.459248 0.0406485 6 3 6 3
23791 23670 121 0 0.5999 0.58472 0.0151791 6 3 6 3
24079 23885 194 1 0.499973 0.476306 0.0236672 7 2 7 2
24760 24496 264 8 0.599972 0.56962 0.0303518 6 3 5 3
24848 24669 179 5 0.599986 0.578441 0.0215446 7 2 6 2
25559 25389 170 9 0.299909 0.281484 0.0184258 4 5 4 5
26260 25938 322 3 0.799915 0.759526 0.0403884 4 5 3 5
26631 26357 274 0 0.89991 0.863337 0.0365733 5 4 2 2
27804 27433 371 5 0.899934 0.854879 0.0450552 4 5 3 3
28675 28437 238 6 0.599985 0.571303 0.0286819 7 2 7 2
28681 28594 87 7 0.299959 0.287115 0.0128436 7 2 7 1
28777 28483 294 2 0.399947 0.361781 0.0381655 6 3 6 3
29867 29581 286 1 0.599916 0.562134 0.0377823 6 3 6 3
29905 29852 53 8 0.599905 0.592529 0.00737583 4 5 4 5
