1574 1521 53 7 0.79995 0.792901 0.00704875 5 1 5 1
1578 1525 53 4 0.799929 0.792797 0.0071318 8 0 8 0
1603 1459 144 5 0.799965 0.780333 0.0196314 7 0 7 0
1658 1572 86 6 0.799954 0.788935 0.0110193 9 0 9 0
2483 2340 143 2 0.699937 0.682597 0.0173391 4 4 4 4
2554 2464 90 3 0.699892 0.688705 0.0111865 6 2 6 2
3455 3191 264 7 0.89996 0.86725 0.0327101 8 0 6 0
3504 3210 294 9 0.599913 0.564869 0.0350436 7 2 7 2
4265 4088 177 8 0.499926 0.47906 0.0208665 9 0 9 0
4278 4048 230 4 0.799967 0.773208 0.0267585 7 2 6 2
4670 4617 53 2 0.899826 0.890065 0.00976125 6 3 5 1
5008 4909 99 5 0.699945 0.686772 0.0131731 8 1 7 1
5172 4985 187 1 0.399955 0.377185 0.0227699 6 3 6 3
5266 4942 324 0 0.399947 0.361506 0.0384406 5 4 5 4
6010 5801 209 6 0.599942 0.576664 0.0232784 7 2 7 2
7190 6839 351 4 0.799757 0.757281 0.042476 5 4 3 3
7392 7168 224 3 0.599919 0.572329 0.0275896 6 3 5 3
8143 7887 256 5 0.799926 0.771384 0.0285422 7 2 5 2
8301 8174 127 7 0.499911 0.481373 0.0185372 7 2 7 2
8379 8032 347 8 0.799905 0.756123 0.0437823 5 4 4 4
8679 8610 69 9 0.599925 0.590202 0.00972264 6 3 5 3
10318 10033 285 2 0.399946 0.366133 0.0338134 8 1 8 1
10471 10249 222 8 0.899996 0.872222 0.0277734 4 5 2 2
10635 10227 408 1 0.699937 0.650028 0.049909 6 3 6 3
10727 10426 301 0 0.699961 0.665145 0.0348156 4 5 4 3
11497 11108 389 6 0.599959 0.551921 0.048038 7 2 7 2
12419 12341 78 5 0.59992 0.590148 0.00977114 4 5 4 5
12609 11655 954 3 0.699924 0.585903 0.114022 5 4 4 3
13072 12945 127 1 0.899952 0.885042 0.0149093 5 4 4 3
13394 13225 169 4 0.399919 0.3777 0.0222186 7 2 7 2
13945 13774 171 0 0.799916 0.779837 0.0200791 8 1 7 1
14360 14171 189 6 0.899899 0.877494 0.0224048 7 2 6 2
14716 14659 57 7 0.499902 0.49168 0.00822245 4 5 4 5
14773 14487 286 9 0.499987 0.466416 0.0335712 8 1 7 1
16336 15960 376 1 0.699919 0.654848 0.0450709 7 2 7 2
16417 16257 160 2 0.599975 0.581097 0.0188772 6 3 5 3
16766 16499 267 0 0.799802 0.768612 0.0311898 6 3 6 3
17063 16763 300 8 0.299932 0.261699 0.0382329 5 4 5 4
17460 17407 53 5 0.59987 0.594009 0.00586118 5 4 4 3
17661 17324 337 6 0.699943 0.660902 0.0390411 7 2 7 2
18580 18466 114 3 0.499861 0.486298 0.0135631 6 3 6 2
18663 18391 272 4 0.699998 0.666115 0.0338827 8 1 7 1
19817 19691 126 2 0.799951 0.784548 0.0154033 5 4 5 4
20539 20177 362 0 0.699926 0.656356 0.0435695 5 4 5 4
20986 20883 103 7 0.499967 0.486876 0.0130911 8 1 8 1
21327 21088 239 1 0.599925 0.570996 0.0289289 6 3 6 3
21530 21168 362 9 0.499897 0.455239 0.044658 5 4 5 4
21664 21518 146 2 0.899956 0.878931 0.0210253 7 2 4 1
21842 21514 328 6 0.699976 0.662723 0.0372533 5 4 4 4
23593 23310 283 4 0.599923 0.566138 0.0337848 7 2 7 2
23821 23659 162 0 0.799904 0.780015 0.0198885 6 3 5 3
24286 23947 339 3 0.599956 0.556315 0.0436415 6 3 6 3
24408 24198 210 8 0.499944 0.475406 0.024538 7 2 7 2
24837 24766 71 1 0.799891 0.79083 0.00906073 7 2 4 1
24993 24635 358 2 0.699968 0.656617 0.043351 8 1 8 1
25013 24859 154 6 0.799897 0.779368 0.0205299 5 4 3 4
25331 24962 369 5 0.299959 0.255427 0.0445321 4 5 4 5
25705 25600 105 7 0.699924 0.68711 0.012814 6 3 6 3
27244 27090 154 9 0.599944 0.58105 0.0188941 5 4 5 4
27294 27215 79 1 0.799988 0.788525 0.0114632 7 2 5 2
27531 27384 147 8 0.899957 0.882105 0.017852 9 0 5 0
28760 28592 168 3 0.7 0.678552 0.0214483 8 1 8 1
28982 28901 81 0 0.499931 0.489495 0.0104359 9 0 9 0
29056 28797 259 8 0.899893 0.868972 0.0309211 9 0 5 0
29357 29237 120 6 0.599922 0.586731 0.0131911 6 3 6 3
