785 719 66 8 0.899939 0.892288 0.00765103 8 0 8 0
797 725 72 4 0.89992 0.890326 0.00959446 3 0 3 0
811 758 53 3 0.899894 0.892586 0.00730829 6 0 6 0
1622 1510 112 2 0.799894 0.784807 0.0150862 7 0 7 0
1742 1595 147 6 0.799895 0.77861 0.0212843 8 0 8 0
1801 1619 182 0 0.79995 0.779939 0.0200111 7 0 7 0
1904 1593 311 7 0.799909 0.762879 0.0370296 9 0 9 0
1984 1613 371 5 0.799983 0.754502 0.0454813 6 0 6 0
3123 2897 226 8 0.799901 0.772838 0.0270627 7 2 5 2
3585 3278 307 2 0.899988 0.864478 0.0355099 7 2 6 2
3774 3671 103 7 0.899978 0.886261 0.0137166 7 2 5 2
4360 4282 78 6 0.799968 0.788788 0.0111805 9 0 6 0
4907 4783 124 1 0.399954 0.385368 0.0145859 8 1 8 1
5469 5360 109 5 0.699997 0.685562 0.0144347 8 1 8 1
5540 5306 234 3 0.499939 0.469749 0.0301898 9 0 8 0
5729 5419 310 4 0.499841 0.462544 0.037297 8 1 8 1
5935 5815 120 9 0.299952 0.285037 0.0149149 7 2 7 2
6108 6055 53 6 0.899844 0.892223 0.00762125 9 0 4 0
6205 5917 288 0 0.599968 0.567004 0.0329636 8 1 8 1
7722 7574 148 7 0.59994 0.582477 0.017463 5 4 5 4
8651 8335 316 2 0.499912 0.459483 0.0404295 5 4 5 4
8679 8413 266 5 0.799811 0.76728 0.0325306 8 1 6 1
9301 8957 344 8 0.399987 0.359081 0.0409065 7 2 7 2
10203 9837 366 1 0.699952 0.655086 0.0448652 7 2 7 2
10401 10225 176 3 0.699961 0.67941 0.0205505 6 3 5 3
10465 10375 90 4 0.699891 0.687497 0.0123944 6 3 3 3
11426 11300 126 0 0.599921 0.583691 0.0162304 5 4 5 4
11736 11530 206 6 0.399929 0.371666 0.028263 5 4 4 4
12075 11880 195 7 0.699908 0.677508 0.0223993 8 1 7 0
12897 12560 337 4 0.899966 0.85777 0.0421965 9 0 4 0
13148 12982 166 9 0.499918 0.480674 0.0192437 6 3 6 3
13539 13293 246 1 0.799889 0.770274 0.0296152 5 4 3 3
14791 14596 195 5 0.399933 0.373389 0.0265437 6 3 6 3
15084 14911 173 3 0.599982 0.579295 0.0206872 6 3 5 3
15306 15017 289 2 0.499932 0.467151 0.0327818 3 6 3 5
15518 15193 325 8 0.599993 0.558127 0.0418661 5 4 5 3
15632 15336 296 1 0.899896 0.863342 0.0365537 6 3 3 1
17492 17298 194 0 0.4999 0.476089 0.0238103 6 3 6 3
17740 17564 176 7 0.499998 0.477071 0.0229265 8 1 7 1
17840 17565 275 4 0.499916 0.466641 0.0332752 6 3 5 3
18645 18458 187 6 0.499914 0.477315 0.0225993 7 2 7 2
19709 19509 200 9 0.499913 0.4744 0.0255131 4 5 4 5
20148 19977 171 2 0.699949 0.676287 0.0236625 5 4 5 4
20153 19827 326 8 0.69989 0.660009 0.0398812 5 4 4 2
20346 20220 126 3 0.599847 0.582582 0.0172646 6 3 5 3
20878 20671 207 5 0.599959 0.572903 0.0270565 3 6 3 6
21373 21157 216 1 0.399929 0.372193 0.0277356 4 5 3 5
22647 22415 232 6 0.799922 0.773168 0.0267545 6 3 4 3
22833 22507 326 4 0.699982 0.662977 0.0370053 5 4 4 4
22903 22838 65 0 0.599948 0.592692 0.00725618 7 2 7 1
24344 24055 289 7 0.49999 0.46489 0.0351003 6 3 6 3
24399 24321 78 5 0.799922 0.79124 0.0086826 6 3 5 2
24775 24722 53 2 0.599973 0.59358 0.00639277 6 3 6 1
25300 25224 76 6 0.799932 0.790323 0.00960875 7 2 6 0
25611 25344 267 3 0.599893 0.567244 0.032649 7 2 7 2
25786 25621 165 1 0.799829 0.780751 0.0190776 8 1 7 0
26506 26258 248 0 0.799891 0.770857 0.029034 6 3 4 2
26744 26555 189 8 0.399993 0.376411 0.0235826 8 1 8 1
27021 26949 72 5 0.799899 0.791232 0.00866637 6 3 4 1
27708 27595 113 4 0.599896 0.586973 0.0129238 9 0 9 0
27873 27750 123 9 0.299923 0.285062 0.0148611 4 5 4 5
28253 28100 153 2 0.799931 0.782647 0.0172844 9 0 6 0
28539 28259 280 7 0.799981 0.76838 0.0316008 9 0 6 0
28922 28658 264 6 0.699984 0.667005 0.0329786 8 1 5 1
