809 755 54 3 0.899948 0.893097 0.00685127 5 0 5 0
880 796 84 5 0.89988 0.889956 0.00992457 7 0 7 0
1929 1659 270 0 0.799918 0.766543 0.0333749 8 0 8 0
2452 2399 53 7 0.69993 0.693526 0.00640403 8 1 8 1
2740 2439 301 9 0.699933 0.666545 0.0333872 7 2 7 2
3280 3223 57 1 0.599969 0.591939 0.00802952 7 2 7 2
3552 3317 235 4 0.599916 0.573065 0.0268512 8 1 8 1
3882 3671 211 3 0.699902 0.676259 0.0236426 8 1 7 1
4301 4033 268 2 0.499963 0.46683 0.0331333 7 2 7 2
4373 4110 263 6 0.49992 0.469741 0.0301791 5 4 5 4
5518 5459 59 5 0.499916 0.491181 0.0087354 5 4 5 4
6015 5734 281 8 0.299912 0.265863 0.0340488 6 3 6 3
7065 6950 115 7 0.59993 0.585356 0.0145745 6 3 6 3
7438 7079 359 0 0.499911 0.456114 0.0437974 8 1 8 1
7615 7307 308 2 0.899948 0.861135 0.0388129 5 4 4 2
7703 7489 214 9 0.599977 0.571867 0.0281101 6 3 6 3
8487 8169 318 6 0.79991 0.764061 0.035849 7 2 5 2
8721 8667 54 4 0.599867 0.593526 0.00634085 5 4 5 4
9572 9350 222 3 0.49997 0.472072 0.0278978 5 4 5 4
10068 9877 191 8 0.899956 0.87541 0.0245465 7 2 4 0
10100 9889 211 2 0.799951 0.77427 0.0256815 6 3 5 2
10207 9833 374 1 0.399944 0.355161 0.0447829 5 4 5 4
10329 10108 221 5 0.699998 0.672188 0.0278096 5 4 5 4
12187 11987 200 6 0.69997 0.675159 0.0248115 7 2 6 2
12342 12120 222 0 0.699895 0.67011 0.0297847 9 0 6 0
12526 12132 394 7 0.599942 0.549292 0.0506498 7 2 7 2
12958 12869 89 9 0.599971 0.588902 0.0110685 7 2 7 2
13130 13057 73 8 0.699959 0.691325 0.00863452 6 3 6 3
14441 14209 232 5 0.699925 0.670256 0.029669 7 2 6 2
14455 14161 294 2 0.599917 0.565629 0.0342882 6 3 6 2
14474 14282 192 3 0.699961 0.676376 0.0235848 6 3 6 3
15357 15244 113 7 0.899926 0.885909 0.014017 6 3 3 2
15376 15275 101 4 0.399995 0.38697 0.0130251 6 3 6 3
15575 15473 102 9 0.899941 0.88661 0.0133313 8 1 3 0
15686 15416 270 1 0.699906 0.667634 0.032272 6 3 5 3
16206 16092 114 6 0.699948 0.686108 0.0138402 6 3 6 3
18288 17909 379 0 0.499839 0.455111 0.0447274 8 1 7 1
18366 18312 54 5 0.699936 0.691824 0.00811221 8 1 8 1
18582 18306 276 7 0.699994 0.667469 0.0325256 8 1 7 1
18628 18535 93 8 0.499955 0.486915 0.0130399 6 3 6 3
18723 18341 382 3 0.6999 0.654203 0.0456971 8 1 8 1
20480 20257 223 1 0.599929 0.575067 0.0248625 5 4 5 4
20545 20221 324 9 0.49998 0.461402 0.0385775 8 1 8 1
20626 20469 157 5 0.89988 0.879353 0.0205263 6 3 5 3
21515 21288 227 4 0.599837 0.572632 0.0272049 6 3 5 3
21608 21379 229 0 0.899997 0.873685 0.0263127 5 4 3 3
21758 21535 223 8 0.899963 0.870671 0.0292919 8 1 3 1
21811 21711 100 6 0.499898 0.487331 0.0125672 7 2 7 2
22378 22090 288 2 0.299891 0.264847 0.0350442 5 4 5 4
23332 23085 247 1 0.899961 0.870706 0.029255 4 5 3 3
23607 23441 166 3 0.599917 0.581666 0.0182511 8 1 7 1
24218 24162 56 7 0.499951 0.490742 0.00920872 7 2 6 2
24293 24139 154 4 0.899911 0.88263 0.0172801 7 2 3 1
24661 24442 219 9 0.799959 0.77553 0.0244298 7 2 5 2
24813 24696 117 0 0.699924 0.684156 0.0157678 7 2 6 2
27009 26953 56 5 0.299914 0.292266 0.00764817 8 1 8 1
27123 27016 107 3 0.799891 0.786061 0.01383 7 2 7 2
27364 27287 77 6 0.599986 0.590236 0.00975045 9 0 9 0
27474 27308 166 4 0.699981 0.680957 0.0190249 8 1 8 0
27519 27254 265 9 0.799991 0.769543 0.0304478 9 0 7 0
28139 27843 296 2 0.699987 0.665195 0.0347915 8 1 8 1
28403 28097 306 8 0.299955 0.263577 0.0363776 6 3 6 3
29389 29275 114 9 0.899978 0.886131 0.013847 7 2 6 2
29695 29440 255 0 0.599932 0.569528 0.0304041 4 5 4 5
29711 29653 58 7 0.599979 0.591718 0.00826048 6 3 5 3
29868 29723 145 1 0.299975 0.282993 0.0169821 7 2 7 2
29918 29865 53 6 0.899896 0.892427 0.00746811 6 3 4 3
