841 788 53 0 0.899893 0.893154 0.00673861 5 0 5 0
906 718 188 4 0.89992 0.878893 0.0210275 6 0 6 0
1075 750 325 7 0.899935 0.859517 0.0404178 5 0 5 0
1623 1558 65 5 0.799928 0.790867 0.00906112 4 1 4 1
1736 1683 53 8 0.799982 0.794129 0.00585297 5 1 5 1
1954 1610 344 6 0.799914 0.756367 0.0435477 7 1 7 1
2495 2243 252 4 0.899931 0.870269 0.0296625 8 0 5 0
2663 2402 261 2 0.699957 0.670944 0.0290128 6 2 6 2
2744 2364 380 1 0.699964 0.652136 0.0478279 7 1 7 1
2751 2414 337 3 0.699969 0.65701 0.0429583 6 2 6 2
4058 4005 53 9 0.499981 0.492664 0.00731729 5 4 5 4
4281 4142 139 5 0.799946 0.780716 0.0192301 5 3 5 3
4817 4632 185 6 0.7999 0.773873 0.0260278 7 1 7 1
5288 5050 238 8 0.699933 0.66984 0.0300937 6 3 5 3
5533 5326 207 0 0.499995 0.472575 0.0274203 7 2 7 2
5927 5780 147 7 0.499948 0.483155 0.0167931 7 2 7 2
6112 5925 187 3 0.799773 0.775951 0.0238213 8 0 7 0
6153 5822 331 1 0.799962 0.75925 0.0407116 8 1 7 1
6468 6405 63 4 0.599994 0.592033 0.00796129 7 2 6 2
7644 7406 238 6 0.799901 0.773571 0.0263303 8 1 5 1
9077 8725 352 3 0.799997 0.75633 0.0436668 8 1 5 1
9258 8895 363 7 0.899877 0.856448 0.0434297 8 1 3 0
9767 9500 267 9 0.599815 0.567269 0.0325455 9 0 9 0
9830 9733 97 2 0.299991 0.286871 0.0131193 6 3 6 3
10128 9836 292 8 0.599924 0.566911 0.0330124 8 1 8 1
10390 10218 172 0 0.69989 0.678747 0.0211437 8 1 7 1
10440 10087 353 5 0.399912 0.359295 0.0406171 8 1 8 1
10904 10719 185 7 0.899927 0.877159 0.0227678 9 0 4 0
11320 11078 242 6 0.69994 0.663357 0.0365824 5 4 4 4
11398 11304 94 1 0.499982 0.48594 0.0140415 3 6 3 6
12470 12208 262 4 0.499925 0.46769 0.0322349 4 5 4 5
13047 12994 53 9 0.793167 0.786246 0.00692043 7 2 3 2
14355 14302 53 2 0.799853 0.792224 0.00762895 8 1 7 0
14516 14250 266 3 0.499992 0.470024 0.0299672 6 3 5 3
14559 14275 284 0 0.699984 0.665897 0.034087 5 4 5 3
14643 14458 185 8 0.699958 0.677689 0.0222693 5 4 5 4
15363 15271 92 6 0.686125 0.673215 0.0129101 8 1 8 1
15703 15650 53 7 0.499939 0.492944 0.00699416 7 2 7 2
16892 16785 107 1 0.599981 0.586281 0.0136993 6 3 6 3
16907 16757 150 8 0.899982 0.883314 0.0166678 8 1 4 0
17365 17266 99 5 0.499915 0.488475 0.0114401 9 0 9 0
17552 17260 292 9 0.599987 0.56556 0.0344268 5 4 5 4
18666 18388 278 6 0.799953 0.764936 0.0350176 7 2 5 1
19458 19170 288 3 0.699957 0.662762 0.0371954 5 4 5 4
19926 19662 264 4 0.399921 0.368241 0.0316808 9 0 9 0
20155 19954 201 0 0.499919 0.477307 0.0226117 8 1 8 1
20272 20162 110 2 0.399978 0.38779 0.012188 8 1 8 1
20404 20223 181 1 0.799905 0.777414 0.0224912 6 3 6 1
21368 21042 326 7 0.599925 0.561467 0.0384579 5 4 5 4
21850 21558 292 8 0.499919 0.465316 0.0346028 6 3 6 3
22723 22485 238 3 0.799905 0.772657 0.0272475 9 0 4 0
23186 22929 257 6 0.599982 0.569424 0.0305574 5 4 5 4
23970 23633 337 5 0.499959 0.458164 0.0417948 8 1 8 1
24088 23821 267 1 0.699958 0.667785 0.0321728 7 2 6 2
24914 24762 152 0 0.699911 0.680705 0.0192063 6 3 5 2
25440 25242 198 9 0.299913 0.276759 0.0231537 6 3 6 3
26840 26564 276 8 0.699902 0.669249 0.0306531 7 2 5 2
27016 26908 108 3 0.6 0.587167 0.0128324 9 0 9 0
27094 27041 53 0 0.899941 0.891919 0.00802177 7 2 6 2
27100 26710 390 4 0.49997 0.453815 0.0461551 6 3 6 3
27274 26951 323 2 0.499916 0.461489 0.0384277 8 1 8 1
27749 27457 292 6 0.699964 0.666738 0.0332254 8 1 7 1
29273 28941 332 7 0.299908 0.257732 0.0421764 5 4 5 4
29889 29550 339 5 0.599971 0.557952 0.0420188 6 3 6 3
