828 733 95 6 0.899906 0.88571 0.0141962 3 0 3 0
835 765 70 7 0.899993 0.891053 0.00894015 4 0 4 0
837 783 54 2 0.899891 0.893542 0.00634911 3 0 3 0
858 769 89 4 0.899903 0.88917 0.0107331 4 0 4 0
915 781 134 9 0.899966 0.884327 0.015639 5 0 5 0
1724 1549 175 5 0.799988 0.779035 0.0209522 4 2 4 2
2145 2089 56 7 0.899929 0.892723 0.00720587 7 0 4 0
2247 2102 145 2 0.899932 0.88048 0.0194521 6 0 4 0
2592 2498 94 8 0.69998 0.687946 0.0120339 4 2 4 2
2616 2491 125 0 0.699911 0.684676 0.0152342 6 0 6 0
3541 3411 130 7 0.899976 0.883724 0.0162517 6 1 3 1
3598 3337 261 3 0.599943 0.570698 0.0292448 8 0 8 0
4418 4125 293 1 0.499922 0.465334 0.0345887 9 0 9 0
4479 4175 304 5 0.79994 0.763699 0.0362414 6 3 4 2
4497 4442 55 6 0.599842 0.591685 0.0081566 8 0 6 0
4767 4510 257 4 0.599956 0.570685 0.0292717 7 0 6 0
4804 4720 84 0 0.899838 0.889082 0.0107564 5 2 3 2
4867 4714 153 9 0.599989 0.58022 0.0197685 9 0 6 0
6380 6286 94 5 0.899921 0.888684 0.0112363 6 3 1 0
6420 6037 383 2 0.599935 0.554257 0.0456778 7 1 6 1
7550 7315 235 4 0.899933 0.872014 0.0279187 9 0 5 0
7685 7458 227 1 0.899798 0.870947 0.0288518 9 0 2 0
8066 8009 57 8 0.499898 0.491583 0.00831476 5 3 4 2
8288 8197 91 7 0.499957 0.489829 0.0101285 8 1 8 1
8721 8616 105 0 0.599967 0.585648 0.0143194 7 1 5 0
8915 8612 303 3 0.599923 0.564284 0.0356387 7 2 5 2
9033 8908 125 4 0.899983 0.886224 0.0137582 9 0 2 0
9281 9120 161 2 0.899945 0.877836 0.0221084 7 1 0 0
10118 9905 213 9 0.599976 0.57532 0.0246557 9 0 6 0
10994 10669 325 1 0.699908 0.663116 0.0367916 9 0 5 0
11420 11285 135 0 0.89994 0.883921 0.016019 8 1 1 1
11466 11153 313 6 0.399943 0.362592 0.0373515 7 2 4 2
11550 11418 132 2 0.799985 0.784044 0.0159408 7 2 4 1
11659 11563 96 3 0.899991 0.885725 0.0142663 7 2 1 0
12162 11782 380 5 0.399895 0.354928 0.0449667 9 0 7 0
12287 12008 279 7 0.799988 0.768301 0.0316869 5 4 4 3
13481 13199 282 1 0.899918 0.867755 0.0321627 8 1 2 1
13791 13522 269 9 0.799915 0.76908 0.0308346 9 0 3 0
13802 13748 54 3 0.799924 0.792109 0.00781581 7 2 6 2
14368 14099 269 7 0.899968 0.868972 0.0309956 6 3 1 0
14507 14409 98 0 0.699957 0.687239 0.012718 8 1 3 1
14560 14507 53 4 0.399941 0.393212 0.00672971 8 1 6 1
15391 15163 228 8 0.399787 0.369355 0.0304322 6 3 6 1
15552 15478 74 3 0.899957 0.890115 0.00984133 8 1 1 0
15717 15650 67 5 0.899998 0.892637 0.00736111 9 0 1 0
15813 15727 86 1 0.799925 0.786469 0.013456 8 1 2 1
16075 15787 288 2 0.599902 0.564504 0.0353977 7 2 5 2
17355 17300 55 7 0.699886 0.691627 0.00825949 6 3 4 3
17767 17437 330 6 0.599945 0.561489 0.0384554 8 1 6 1
17887 17830 57 5 0.799926 0.79215 0.00777592 9 0 5 0
18274 18089 185 9 0.599897 0.576721 0.0231762 7 2 4 2
18773 18524 249 3 0.69998 0.669496 0.0304841 7 2 3 1
19377 19031 346 0 0.599929 0.559706 0.0402228 8 1 6 1
19837 19642 195 8 0.799995 0.775743 0.0242514 5 4 4 3
20701 20420 281 5 0.79991 0.767929 0.0319815 9 0 3 0
20903 20526 377 2 0.677893 0.633085 0.0448083 8 1 4 1
21034 20798 236 1 0.499953 0.468559 0.0313937 8 1 5 1
22104 22046 58 4 0.399977 0.392426 0.00755161 9 0 9 0
22253 22062 191 6 0.699922 0.677025 0.0228967 8 1 6 1
22610 22532 78 3 0.699849 0.688683 0.0111661 6 3 4 1
22617 22511 106 5 0.89994 0.88698 0.0129594 8 1 2 1
23691 23630 61 7 0.399893 0.393192 0.00670111 7 2 6 2
24787 24391 396 6 0.899906 0.850366 0.0495405 8 1 2 0
24916 24863 53 9 0.399845 0.393183 0.00666221 8 1 6 1
25219 24869 350 2 0.699966 0.659639 0.0403266 7 2 5 1
25282 24935 347 8 0.499919 0.457525 0.0423939 8 1 7 1
25450 25384 66 0 0.499907 0.491015 0.00889236 9 0 6 0
25824 25494 330 3 0.799989 0.757945 0.0420446 6 3 5 1
26558 26399 159 5 0.599913 0.581086 0.0188269 5 4 2 4
26579 26245 334 4 0.799898 0.758885 0.0410123 9 0 2 0
26591 26462 129 1 0.59994 0.583277 0.0166635 6 3 6 3
28551 28349 202 8 0.899941 0.877309 0.0226319 8 1 2 0
28573 28312 261 2 0.799975 0.767621 0.0323536 8 1 2 1
28852 28779 73 6 0.599895 0.591874 0.00802111 6 3 4 3
29443 29306 137 3 0.699955 0.684645 0.0153098 8 1 6 1
29969 29668 301 7 0.599994 0.561513 0.0384815 8 1 6 1
