927 813 114 7 0.899926 0.887104 0.0128218 4 0 4 0
1027 761 266 6 0.899959 0.869126 0.0308331 1 0 1 0
1690 1614 76 9 0.799911 0.788978 0.0109328 5 0 5 0
1743 1610 133 2 0.79989 0.783701 0.016189 6 0 6 0
1790 1632 158 8 0.799927 0.781654 0.0182735 3 0 3 0
1804 1594 210 5 0.799962 0.774091 0.0258708 4 0 4 0
1949 1638 311 0 0.799952 0.760776 0.0391758 7 0 7 0
2408 2205 203 7 0.899855 0.875532 0.0243235 5 1 2 1
2560 2463 97 1 0.699895 0.68701 0.0128849 7 0 7 0
3435 3381 54 9 0.899935 0.892623 0.00731236 6 1 1 1
3658 3564 94 5 0.899949 0.887157 0.0127921 4 2 3 2
3712 3506 206 8 0.89989 0.87569 0.0242002 5 0 4 0
3962 3789 173 0 0.89999 0.876316 0.0236744 7 1 2 1
4337 4005 332 6 0.699967 0.659227 0.0407402 6 1 5 1
4395 4017 378 3 0.499949 0.455339 0.0446096 5 3 5 3
4592 4248 344 2 0.799978 0.75928 0.0406976 9 0 8 0
4755 4555 200 7 0.799952 0.774817 0.0251358 5 3 3 3
5065 4957 108 5 0.899992 0.887024 0.0129677 4 2 0 0
5676 5501 175 9 0.799891 0.774806 0.0250851 2 5 2 4
5768 5713 55 4 0.299984 0.291934 0.00805013 7 0 7 0
6487 6309 178 1 0.699998 0.676625 0.0233734 8 0 5 0
7188 6979 209 0 0.699965 0.675342 0.0246236 8 1 3 1
7764 7513 251 8 0.59999 0.569037 0.0309529 9 0 6 0
8157 7997 160 2 0.699986 0.679612 0.0203747 8 1 5 1
8551 8202 349 6 0.699952 0.660492 0.0394601 7 1 6 1
8901 8728 173 5 0.59998 0.577829 0.0221507 8 1 7 0
9291 9142 149 9 0.699953 0.681352 0.0186009 5 3 5 1
9294 9180 114 3 0.699896 0.686844 0.013052 6 3 3 2
9378 9069 309 7 0.599932 0.564161 0.0357704 7 2 5 2
9554 9500 54 1 0.799909 0.791214 0.00869436 7 1 2 1
10768 10383 385 8 0.899904 0.85373 0.0461749 9 0 1 0
11196 11143 53 4 0.699976 0.693323 0.00665299 7 1 2 1
11533 11406 127 3 0.899942 0.881166 0.0187763 6 3 1 0
11680 11512 168 6 0.799911 0.780172 0.0197385 5 3 3 2
11719 11431 288 5 0.899937 0.863651 0.0362856 7 2 2 2
12210 11849 361 0 0.599833 0.556043 0.0437892 6 3 4 2
12262 12176 86 9 0.799949 0.78851 0.0114395 6 3 5 1
13237 12866 371 3 0.899924 0.852321 0.0476032 8 1 3 0
13797 13532 265 2 0.499997 0.467253 0.0327447 6 3 5 3
13865 13579 286 1 0.599936 0.566006 0.0339296 7 2 5 1
13994 13899 95 5 0.799987 0.787718 0.0122688 7 2 5 1
14129 13915 214 8 0.699998 0.673289 0.0267083 7 2 4 2
14730 14458 272 7 0.599999 0.564469 0.0355302 6 3 5 3
15718 15503 215 3 0.799991 0.772876 0.0271151 7 2 4 2
15790 15690 100 5 0.899923 0.88869 0.0112334 9 0 3 0
16720 16389 331 9 0.599934 0.56045 0.0394841 8 1 7 1
16910 16725 185 6 0.499893 0.478243 0.0216498 8 1 7 1
16980 16786 194 2 0.899985 0.873541 0.0264449 5 4 3 2
17311 17258 53 4 0.399908 0.392563 0.00734582 6 3 6 3
17656 17326 330 1 0.799999 0.761429 0.0385704 6 3 3 2
17961 17905 56 5 0.799926 0.791216 0.00870982 8 1 3 1
18678 18320 358 3 0.799944 0.757876 0.0420673 8 1 3 0
18946 18763 183 8 0.599952 0.575752 0.0242003 9 0 6 0
19174 19103 71 0 0.39991 0.388479 0.011431 8 1 6 0
20184 19874 310 7 0.599963 0.563812 0.0361512 6 3 4 1
20330 19972 358 2 0.699974 0.655934 0.0440403 7 2 5 1
21333 21065 268 9 0.699912 0.667656 0.0322554 8 1 4 0
21571 21252 319 5 0.699933 0.663222 0.0367108 8 1 5 1
22492 22409 83 6 0.59997 0.588653 0.0113165 8 1 1 1
22695 22508 187 0 0.89993 0.87717 0.0227594 8 1 2 0
22836 22596 240 2 0.899995 0.87112 0.0288757 6 3 2 1
22894 22841 53 1 0.499924 0.494093 0.0058318 5 4 2 4
23213 23159 54 8 0.699999 0.689865 0.0101338 6 3 4 3
23606 23316 290 4 0.599953 0.563732 0.0362211 7 2 4 1
25011 24683 328 3 0.399919 0.361549 0.0383708 7 2 6 2
25040 24987 53 6 0.899894 0.893921 0.00597216 8 1 3 1
25153 25088 65 2 0.79997 0.791581 0.00838893 6 3 2 2
25344 25190 154 9 0.699967 0.677402 0.0225649 7 2 5 2
25510 25305 205 7 0.599963 0.574648 0.0253145 7 2 4 2
25653 25481 172 5 0.69994 0.679274 0.0206661 5 4 1 3
25879 25282 597 8 0.899869 0.828654 0.0712149 7 2 3 1
25954 25692 262 0 0.69997 0.669608 0.0303612 7 2 6 2
27032 26667 365 1 0.799908 0.754848 0.0450598 6 3 2 1
27874 27666 208 2 0.799974 0.774286 0.0256876 5 4 1 2
28852 28704 148 4 0.599891 0.579927 0.0199645 8 1 5 1
28978 28794 184 6 0.599995 0.57729 0.0227055 7 2 4 2
29258 28947 311 0 0.799984 0.763025 0.0369595 6 3 5 2
29385 29063 322 8 0.699944 0.661476 0.038468 7 2 4 2
29430 29224 206 9 0.699916 0.676046 0.0238704 8 1 2 0
29655 29311 344 3 0.799943 0.758302 0.0416405 7 2 4 0
29793 29740 53 1 0.799959 0.791681 0.00827759 6 3 2 1
29793 29685 108 7 0.699901 0.686434 0.013467 7 2 6 1
