735 682 53 5 0.89997 0.893026 0.0069444 3 0 3 0
821 727 94 6 0.899798 0.885411 0.0143871 4 1 4 1
850 797 53 7 0.899977 0.892393 0.0075842 1 0 1 0
870 811 59 0 0.899975 0.893494 0.00648111 6 0 6 0
895 837 58 1 0.89992 0.89044 0.00947989 4 1 4 1
984 819 165 4 0.899985 0.879383 0.0206014 5 0 5 0
1665 1498 167 2 0.799959 0.779359 0.0205998 4 1 4 1
1992 1665 327 9 0.799896 0.762653 0.0372431 5 1 5 1
2205 2120 85 6 0.899898 0.886533 0.0133647 6 0 2 0
2371 2084 287 7 0.899893 0.867126 0.0327667 4 0 3 0
3259 2982 277 0 0.79993 0.768001 0.0319289 7 1 4 1
3511 3187 324 8 0.599908 0.561642 0.0382657 8 1 8 1
4016 3730 286 1 0.699926 0.666845 0.0330803 9 0 9 0
4025 3731 294 7 0.899855 0.867093 0.0327617 5 0 3 0
4249 3983 266 4 0.699942 0.669462 0.0304797 6 1 4 1
4531 4348 183 6 0.79994 0.777684 0.022256 8 0 5 0
4942 4592 350 9 0.799836 0.758924 0.0409118 7 1 3 1
5616 5273 343 5 0.499932 0.457506 0.0424251 7 2 7 2
6100 5823 277 3 0.299994 0.266825 0.0331696 5 2 5 2
6742 6631 111 2 0.49999 0.485111 0.014879 5 2 4 2
7184 7059 125 1 0.799849 0.785448 0.014401 8 1 6 1
7744 7615 129 0 0.599905 0.584786 0.0151182 6 3 4 3
8003 7939 64 7 0.59997 0.589299 0.0106713 7 2 7 2
8198 7813 385 8 0.699974 0.651404 0.04857 6 3 4 3
9065 8972 93 4 0.599923 0.589001 0.0109218 5 3 3 3
9135 8725 410 6 0.599936 0.546138 0.0537977 7 2 5 2
9584 9243 341 9 0.599925 0.559533 0.0403917 5 3 4 3
10354 9946 408 3 0.899956 0.845338 0.0546181 7 1 3 1
10627 10499 128 7 0.899918 0.884206 0.0157116 7 2 2 1
11285 11208 77 5 0.599916 0.590156 0.00975997 6 3 4 1
11547 11249 298 2 0.699961 0.661052 0.0389088 6 2 4 2
11929 11802 127 3 0.899948 0.884407 0.0155406 7 1 3 0
12432 12241 191 9 0.899994 0.877971 0.0220227 6 2 3 1
12784 12393 391 4 0.799875 0.752329 0.047546 7 2 5 1
12831 12712 119 7 0.799913 0.783974 0.0159393 7 2 4 1
13074 13016 58 1 0.399991 0.39362 0.00637111 7 2 7 2
13555 13501 54 6 0.699906 0.692352 0.00755453 6 3 3 2
13923 13775 148 5 0.899947 0.882254 0.017693 8 1 3 0
13950 13603 347 0 0.49995 0.458171 0.0417791 7 2 5 2
14042 13785 257 8 0.499907 0.469025 0.0308828 9 0 8 0
14665 14612 53 2 0.799821 0.788421 0.0114 7 1 4 1
14734 14519 215 9 0.799973 0.774027 0.0259457 9 0 4 0
14831 14646 185 4 0.899969 0.877441 0.0225284 7 2 1 0
15017 14852 165 3 0.699997 0.67773 0.0222663 7 2 5 2
15607 15405 202 7 0.799974 0.77301 0.0269643 7 2 2 2
16468 16120 348 5 0.799806 0.755153 0.0446534 8 1 2 1
16680 16493 187 9 0.899976 0.877567 0.0224091 9 0 2 0
17232 17179 53 3 0.899908 0.893065 0.00684294 7 2 2 1
17397 17142 255 2 0.799998 0.76896 0.0310389 6 2 3 2
18097 17801 296 0 0.799908 0.763304 0.0366041 9 0 6 0
18121 17750 371 4 0.699811 0.65699 0.0428217 5 4 3 2
18236 18046 190 1 0.699935 0.674746 0.0251893 6 3 2 2
18370 18211 159 7 0.799958 0.779651 0.020307 6 3 2 1
19297 19122 175 5 0.799909 0.778939 0.0209698 6 3 1 2
19378 19323 55 3 0.799952 0.792424 0.00752799 8 1 5 0
19471 19200 271 2 0.899888 0.868801 0.0310863 6 2 2 1
19742 19533 209 8 0.599982 0.573301 0.0266809 9 0 6 0
20031 19790 241 6 0.399922 0.369807 0.0301154 8 1 8 1
21219 21071 148 3 0.899893 0.881125 0.0187688 8 1 2 0
21647 21324 323 9 0.499997 0.460827 0.0391698 8 1 7 1
22082 21824 258 5 0.799974 0.76965 0.0303234 6 3 4 2
22377 22146 231 1 0.699977 0.673573 0.0264039 6 3 2 1
22390 22013 377 4 0.699909 0.627699 0.0722099 6 3 6 2
22494 22363 131 0 0.599897 0.583096 0.0168005 7 2 6 2
22534 22481 53 2 0.69996 0.691425 0.00853511 6 2 5 1
22771 22540 231 3 0.899957 0.869807 0.0301494 7 2 2 1
23603 23430 173 7 0.499946 0.479252 0.0206939 9 0 8 0
24902 24782 120 4 0.899961 0.886642 0.0133188 7 2 2 0
24994 24726 268 5 0.799935 0.764974 0.0349613 6 3 3 1
25735 25440 295 2 0.799953 0.76622 0.0337323 6 3 6 1
25794 25537 257 9 0.799906 0.765251 0.0346548 8 1 4 0
25801 25699 102 8 0.499893 0.487088 0.0128042 8 1 5 1
26048 25915 133 0 0.799937 0.784145 0.0157924 8 1 1 0
26628 26573 55 7 0.899991 0.891962 0.00802908 9 0 1 0
27329 27059 270 1 0.599914 0.568069 0.0318448 6 3 4 2
27619 27415 204 3 0.499943 0.476392 0.0235507 6 3 5 3
27868 27815 53 4 0.69981 0.691613 0.0081974 8 1 5 0
28162 27805 357 0 0.899993 0.857226 0.0427676 8 1 1 0
28693 28397 296 6 0.299934 0.266486 0.0334477 7 2 6 2
29238 29158 80 9 0.699927 0.689584 0.0103429 9 0 4 0
29530 29218 312 2 0.699974 0.663932 0.0360424 7 2 3 1
29567 29512 55 7 0.699965 0.691989 0.00797537 9 0 5 0
29704 29578 126 0 0.899914 0.885266 0.0146476 7 2 3 2
