878 704 174 9 0.899894 0.879 0.0208945 4 0 4 0
919 773 146 6 0.899909 0.877685 0.0222234 8 0 8 0
1729 1608 121 2 0.799981 0.784263 0.0157184 6 0 6 0
1966 1645 321 1 0.799893 0.761767 0.0381255 6 1 6 1
2452 2399 53 3 0.699876 0.692743 0.00713327 8 0 8 0
2502 2447 55 0 0.699992 0.692562 0.00742919 7 0 7 0
2517 2424 93 7 0.699962 0.689741 0.0102211 6 1 5 1
2692 2453 239 4 0.699928 0.671105 0.0288226 7 1 7 1
2719 2422 297 5 0.699961 0.662599 0.0373622 6 0 6 0
3384 3264 120 8 0.599931 0.583639 0.0162922 9 0 9 0
4761 4489 272 3 0.89991 0.868101 0.0318083 8 0 3 0
5012 4726 286 6 0.599942 0.567042 0.0329 8 0 6 0
5646 5456 190 1 0.69999 0.674935 0.025055 8 1 6 1
5852 5541 311 9 0.499952 0.462903 0.0370497 6 1 6 1
6708 6408 300 4 0.699992 0.665103 0.0348898 8 0 7 0
6834 6726 108 8 0.799934 0.785708 0.0142258 9 0 4 0
6906 6622 284 5 0.699946 0.667106 0.0328401 6 0 5 0
7012 6773 239 2 0.499909 0.470625 0.0292839 7 1 5 1
7086 6884 202 7 0.599955 0.573933 0.0260221 4 5 3 5
7226 7072 154 0 0.599993 0.58007 0.0199232 7 2 5 2
7812 7659 153 6 0.899949 0.880845 0.0191041 8 0 0 0
8117 7856 261 3 0.699894 0.664463 0.0354303 7 1 1 1
9006 8925 81 9 0.899926 0.888614 0.0113119 6 1 1 0
9256 9136 120 5 0.899892 0.886701 0.0131911 6 0 1 0
9585 9532 53 1 0.699917 0.691203 0.00871347 8 1 3 1
9989 9853 136 4 0.799828 0.782305 0.0175224 7 2 1 2
10213 10049 164 2 0.899929 0.881803 0.0181261 8 0 2 0
10356 10272 84 9 0.899934 0.888641 0.0112924 5 2 1 1
10540 10375 165 3 0.899935 0.880598 0.0193369 8 0 1 0
11053 10774 279 6 0.699959 0.66862 0.0313384 8 0 5 0
11684 11391 293 5 0.799894 0.766187 0.0337075 7 0 3 0
11724 11671 53 1 0.899982 0.892473 0.00750973 9 0 2 0
12238 11890 348 8 0.499998 0.457964 0.0420338 7 2 6 2
12830 12582 248 4 0.799983 0.768211 0.0317715 7 2 4 0
13149 12962 187 7 0.499998 0.476012 0.0239858 8 1 8 1
13318 13218 100 2 0.699944 0.68838 0.0115638 7 2 4 2
13889 13829 60 1 0.799904 0.792878 0.00702679 9 0 4 0
13892 13795 97 0 0.39996 0.387188 0.0127721 6 3 4 3
14325 14194 131 9 0.599905 0.583176 0.0167293 7 1 5 0
14461 14123 338 6 0.799997 0.758772 0.0412255 9 0 2 0
14537 14407 130 3 0.599896 0.58469 0.0152054 8 1 7 1
16933 16827 106 5 0.499919 0.486278 0.0136412 8 1 7 1
17027 16962 65 7 0.799941 0.7928 0.00714111 8 1 5 0
17124 17065 59 3 0.899914 0.892247 0.00766684 8 1 2 0
17249 17179 70 1 0.699958 0.690455 0.00950329 9 0 7 0
17256 17000 256 8 0.699964 0.66584 0.0341234 8 1 6 0
17321 17091 230 6 0.799928 0.770483 0.0294448 8 1 4 1
17463 17136 327 4 0.5999 0.562099 0.0378015 6 3 3 1
18318 17933 385 2 0.599925 0.553395 0.0465295 8 1 4 1
18936 18877 59 0 0.6999 0.691971 0.0079286 7 2 4 1
20195 19969 226 6 0.799988 0.770824 0.0291641 7 2 3 1
20220 20138 82 9 0.499896 0.488258 0.0116381 8 1 7 1
21125 21010 115 1 0.699975 0.687126 0.0128495 9 0 5 0
21251 21115 136 8 0.699956 0.681044 0.0189128 9 0 6 0
22030 21799 231 4 0.699911 0.674081 0.02583 7 2 5 0
22094 21829 265 3 0.499984 0.467356 0.0326275 7 2 4 2
22271 21888 383 0 0.799999 0.75245 0.0475492 8 1 5 1
22354 22015 339 7 0.499919 0.461105 0.0388143 7 2 6 2
24112 24023 89 5 0.399898 0.387167 0.0127304 8 1 7 1
24894 24508 386 6 0.599948 0.553568 0.0463802 7 2 4 1
25205 24996 209 4 0.799947 0.774322 0.0256255 7 2 4 1
25240 25017 223 8 0.699912 0.672907 0.0270051 9 0 6 0
26058 25719 339 1 0.59993 0.56154 0.0383902 7 2 4 2
26168 25981 187 2 0.299966 0.276387 0.0235795 6 3 5 2
26628 26493 135 9 0.499969 0.48344 0.0165284 7 2 5 1
27129 26904 225 7 0.699977 0.672513 0.027464 7 2 4 1
27616 27491 125 0 0.49993 0.482992 0.0169389 9 0 8 0
27629 27574 55 3 0.599837 0.591915 0.00792151 9 0 7 0
28878 28714 164 1 0.899963 0.878039 0.0219238 6 3 2 2
29307 29254 53 6 0.699843 0.692072 0.00777054 5 4 3 4
29745 29495 250 4 0.599931 0.570671 0.0292599 7 2 5 1
