797 725 72 4 0.89992 0.890326 0.00959446 3 0 3 0
811 758 53 3 0.899894 0.892601 0.00729269 2 0 2 0
830 734 96 6 0.899913 0.886942 0.0129713 3 0 3 0
1078 774 304 5 0.899892 0.865016 0.0348765 5 0 5 0
1688 1596 92 1 0.799934 0.787616 0.0123182 6 1 6 1
1766 1524 242 8 0.799972 0.768181 0.0317905 5 1 5 1
2339 2062 277 3 0.899942 0.866931 0.0330109 4 1 4 1
2579 2423 156 0 0.699951 0.679536 0.0204147 8 0 8 0
2656 2434 222 7 0.699914 0.672264 0.0276498 8 0 8 0
3843 3735 108 3 0.899901 0.88561 0.0142911 6 1 2 0
4159 3756 403 6 0.699958 0.650238 0.0497202 6 1 5 1
4900 4847 53 7 0.899869 0.892602 0.00726666 8 0 3 0
5097 4755 342 2 0.399989 0.35942 0.0405695 6 2 6 2
5109 4977 132 9 0.399924 0.381775 0.0181489 7 1 7 1
5113 4964 149 5 0.599785 0.578564 0.0212211 7 2 7 2
5433 5380 53 4 0.49992 0.492373 0.00754713 7 1 7 1
5672 5489 183 0 0.799991 0.778048 0.0219425 7 1 4 1
6095 5987 108 3 0.79999 0.785206 0.014784 7 0 2 0
6197 5959 238 1 0.599997 0.571573 0.0284241 7 2 5 2
7188 6862 326 8 0.499789 0.459832 0.0399574 6 3 4 3
8753 8526 227 5 0.799923 0.772936 0.0269878 8 1 5 1
8773 8694 79 7 0.599931 0.58997 0.00996065 8 0 4 0
9124 9062 62 0 0.69996 0.690807 0.00915372 7 2 6 2
9237 8958 279 6 0.599954 0.568077 0.0318775 7 2 6 2
9436 9278 158 9 0.799946 0.781231 0.0187144 9 0 4 0
10397 10255 142 3 0.599897 0.582912 0.0169845 6 2 4 2
11074 10815 259 4 0.599941 0.569124 0.0308174 6 3 4 2
11239 10997 242 2 0.599788 0.570278 0.0295096 7 1 6 1
11443 11293 150 7 0.899987 0.880617 0.0193699 8 0 3 0
12060 11835 225 8 0.699908 0.674077 0.0258308 8 1 5 1
12141 12033 108 0 0.799831 0.784415 0.0154158 7 2 5 1
12150 12079 71 1 0.499921 0.490318 0.00960358 9 0 8 0
12877 12824 53 5 0.599832 0.59171 0.00812279 9 0 4 0
13121 12835 286 9 0.699971 0.66547 0.0345002 9 0 4 0
13176 12935 241 3 0.899969 0.871057 0.0289124 7 1 1 0
14132 13861 271 2 0.899992 0.8689 0.0310921 6 2 2 1
14663 14409 254 7 0.699964 0.668271 0.0316922 8 0 6 0
14814 14511 303 4 0.799924 0.762565 0.0373591 5 4 4 2
15686 15507 179 0 0.699792 0.674077 0.0257142 9 0 6 0
16294 15980 314 6 0.399947 0.363744 0.0362028 7 2 6 2
17008 16954 54 5 0.699972 0.691869 0.00810284 8 1 7 1
17034 16719 315 1 0.699967 0.664001 0.0359651 9 0 6 0
17034 16789 245 8 0.599956 0.568377 0.0315789 8 1 7 0
17103 17000 103 2 0.699901 0.686556 0.0133448 7 2 7 2
17798 17745 53 3 0.499988 0.491854 0.00813376 8 1 8 1
17951 17731 220 7 0.799934 0.774121 0.0258132 7 1 4 1
18654 18328 326 4 0.69995 0.66151 0.0384398 8 1 6 0
19561 19508 53 9 0.399991 0.392562 0.00742912 5 4 3 4
20341 20288 53 0 0.599982 0.591724 0.00825828 7 2 5 2
20697 20422 275 8 0.799959 0.764397 0.0355625 7 2 3 1
21078 20895 183 4 0.899988 0.879317 0.020671 8 1 4 1
21335 20972 363 1 0.699794 0.656645 0.0431491 8 1 3 1
21433 21262 171 6 0.699977 0.681176 0.0188011 8 1 6 0
22414 22159 255 7 0.599972 0.569663 0.0303085 8 1 6 1
22652 22550 102 2 0.499989 0.487433 0.0125565 6 3 5 3
22936 22860 76 9 0.899955 0.889506 0.0104489 6 3 1 0
23463 23185 278 3 0.599902 0.564768 0.0351346 9 0 6 0
23508 23341 167 8 0.799935 0.781431 0.0185048 8 1 4 0
23525 23240 285 5 0.399984 0.36781 0.0321743 6 3 5 3
24765 24497 268 0 0.699963 0.667551 0.0324119 7 2 5 1
25339 25226 113 8 0.899786 0.885094 0.0146911 8 1 2 0
25468 25316 152 1 0.699993 0.680707 0.0192863 7 2 5 1
26073 25730 343 4 0.499959 0.458857 0.0411022 9 0 7 0
26119 25913 206 9 0.699908 0.67705 0.022858 8 1 6 0
26694 26640 54 8 0.899964 0.891268 0.00869594 8 1 1 0
27197 26980 217 0 0.899923 0.875361 0.0245618 7 2 2 1
27812 27547 265 7 0.599931 0.568578 0.0313534 8 1 6 1
27896 27581 315 6 0.399896 0.361234 0.0386619 6 3 5 3
28040 27804 236 5 0.799978 0.771639 0.0283392 6 3 3 1
28168 28073 95 2 0.599915 0.589473 0.0104411 8 1 5 1
28614 28561 53 0 0.899971 0.89245 0.00752041 7 2 1 0
29450 29133 317 9 0.799979 0.762857 0.0371218 8 1 3 0
29801 29449 352 8 0.699999 0.656369 0.0436305 7 2 5 2
