881 779 102 6 0.899963 0.887269 0.0126933 3 0 3 0
906 718 188 4 0.89992 0.878893 0.0210275 4 0 4 0
924 747 177 2 0.899998 0.879942 0.0200559 4 0 4 0
1801 1592 209 0 0.799986 0.774597 0.0253882 5 0 5 0
2293 2183 110 6 0.899939 0.885458 0.0144812 4 0 2 0
2401 2346 55 3 0.699794 0.691602 0.00819131 6 0 6 0
2468 2401 67 9 0.699764 0.692116 0.0076471 7 0 7 0
3450 3226 224 5 0.599949 0.574049 0.0259003 7 0 7 0
3515 3304 211 8 0.599953 0.576752 0.0232011 6 0 6 0
4309 4141 168 7 0.499896 0.479071 0.0208245 7 0 7 0
4355 4047 308 1 0.499893 0.463339 0.0365544 9 0 9 0
4546 4374 172 0 0.799931 0.777791 0.0221396 7 0 5 0
4964 4710 254 4 0.5999 0.569008 0.0308916 6 1 6 1
5582 5523 59 2 0.499968 0.489669 0.0102986 6 2 5 2
6277 6162 115 3 0.699931 0.687289 0.0126411 8 0 6 0
7266 6909 357 5 0.799974 0.753758 0.0462167 8 0 2 0
8038 7851 187 9 0.499893 0.47722 0.0226724 7 2 5 2
8433 8378 55 6 0.299924 0.291116 0.00880748 6 2 6 2
8959 8633 326 8 0.599967 0.561959 0.0380082 6 3 5 3
9295 9062 233 1 0.699878 0.671572 0.0283055 9 0 9 0
9319 9248 71 3 0.799907 0.791344 0.00856241 8 0 4 0
9348 9179 169 4 0.699901 0.677915 0.0219859 5 3 3 2
9783 9686 97 0 0.499985 0.487942 0.0120429 7 2 6 2
9874 9647 227 7 0.599921 0.571903 0.0280177 8 1 6 1
10447 10215 232 2 0.699907 0.673297 0.02661 7 1 2 0
12417 12271 146 1 0.799916 0.780007 0.0199089 8 1 5 1
12486 12403 83 5 0.499936 0.488658 0.0112777 8 1 5 1
12572 12461 111 8 0.799916 0.785699 0.0142169 6 3 2 1
12613 12248 365 4 0.799899 0.754435 0.0454636 8 1 7 1
12706 12611 95 9 0.699978 0.686869 0.0131088 8 1 4 1
12789 12575 214 2 0.899927 0.8737 0.0262269 8 1 3 0
12943 12703 240 0 0.899928 0.870198 0.0297309 7 2 2 0
14879 14674 205 6 0.599983 0.576517 0.0234663 6 3 4 2
15111 14786 325 9 0.899949 0.862556 0.0373932 8 1 2 0
15223 15104 119 3 0.399914 0.384324 0.0155899 7 2 6 2
15311 14999 312 7 0.599939 0.563533 0.0364063 8 1 6 0
15370 15015 355 2 0.799954 0.757035 0.0429189 8 1 6 1
16132 15965 167 0 0.699928 0.679022 0.0209056 7 2 3 2
17746 17525 221 1 0.499946 0.472872 0.0270742 6 3 4 2
17995 17840 155 5 0.59989 0.582642 0.0172478 6 3 5 2
18261 18154 107 9 0.699914 0.685967 0.0139471 9 0 4 0
18542 18284 258 0 0.899897 0.870417 0.0294798 7 2 2 1
18580 18477 103 8 0.399909 0.38838 0.0115288 9 0 7 0
18846 18633 213 4 0.399985 0.373073 0.0269118 8 1 7 1
18860 18738 122 7 0.799988 0.784554 0.0154336 7 2 4 2
19116 19063 53 6 0.699831 0.693244 0.00658654 7 2 5 1
19270 18926 344 2 0.699977 0.65896 0.0410173 8 1 7 1
21363 21309 54 5 0.799922 0.792987 0.00693563 7 2 4 0
21924 21571 353 1 0.799942 0.759212 0.0407297 8 1 5 0
22056 21903 153 3 0.499945 0.482542 0.0174027 9 0 6 0
22061 21984 77 6 0.799935 0.789081 0.0108535 9 0 8 0
22327 22004 323 9 0.699985 0.663363 0.0366221 8 1 5 1
22932 22713 219 8 0.799891 0.772584 0.0273071 8 1 5 1
23331 23108 223 4 0.799959 0.773279 0.0266807 8 1 4 0
23386 23085 301 7 0.599918 0.562809 0.0371085 8 1 6 1
23408 23189 219 2 0.699911 0.672288 0.0276235 7 2 6 2
23547 23259 288 0 0.499905 0.464107 0.0357977 9 0 8 0
24911 24710 201 5 0.699955 0.672059 0.0278962 7 2 2 0
24964 24675 289 8 0.899933 0.861887 0.0380458 8 1 2 0
25440 25387 53 1 0.683718 0.675023 0.00869489 7 2 2 1
25698 25382 316 6 0.699972 0.662714 0.0372585 6 3 3 3
26846 26567 279 0 0.899962 0.866589 0.0333732 8 1 3 1
27088 26826 262 7 0.799838 0.767597 0.0322414 8 1 5 1
27344 27055 289 9 0.599986 0.564722 0.035263 8 1 6 1
27467 27205 262 2 0.699908 0.668173 0.0317347 8 1 5 0
27568 27226 342 8 0.799923 0.760298 0.0396243 7 2 3 1
27982 27889 93 5 0.799991 0.7883 0.0116909 8 1 4 0
28217 27952 265 6 0.899912 0.869431 0.0304808 5 4 1 1
28550 28254 296 3 0.499892 0.465399 0.0344936 7 2 6 2
29463 29134 329 1 0.699993 0.662844 0.0371495 8 1 5 0
29521 29254 267 4 0.399991 0.365467 0.0345238 6 3 6 3
29784 29632 152 2 0.899919 0.879157 0.0207618 8 1 3 1
