789 729 60 1 0.89998 0.893085 0.00689483 4 0 4 0
809 755 54 3 0.899948 0.893048 0.00689994 2 0 2 0
1700 1645 55 6 0.799962 0.792715 0.00724766 4 0 4 0
1818 1636 182 0 0.799946 0.777728 0.0222179 4 0 4 0
1958 1630 328 4 0.799982 0.758154 0.0418283 4 0 4 0
1960 1599 361 9 0.799967 0.756661 0.0433064 6 0 6 0
2677 2373 304 7 0.699901 0.665729 0.0341725 6 0 6 0
3561 3240 321 5 0.599773 0.560217 0.0395553 8 1 8 1
4021 3711 310 3 0.699956 0.66359 0.0363657 7 1 6 1
4293 4065 228 2 0.499965 0.472976 0.0269889 7 0 7 0
4296 4072 224 8 0.499925 0.472892 0.027033 6 2 6 2
4865 4494 371 1 0.599825 0.557579 0.0422461 7 1 7 1
5308 5186 122 0 0.699855 0.684384 0.015471 6 1 5 1
5745 5435 310 9 0.699925 0.66124 0.0386854 8 1 6 1
5970 5863 107 6 0.599908 0.586816 0.0130921 6 1 6 1
6498 6218 280 4 0.59981 0.562519 0.0372912 6 0 5 0
6542 6215 327 5 0.899953 0.863209 0.0367443 8 1 0 0
8240 7980 260 9 0.899993 0.869324 0.0306693 8 1 3 0
8278 8160 118 7 0.499947 0.485506 0.0144413 6 2 6 2
8385 8145 240 8 0.799915 0.770739 0.0291757 7 1 5 0
9133 9058 75 0 0.699793 0.688837 0.0109559 7 2 5 2
9350 9202 148 1 0.69995 0.681008 0.0189423 7 2 6 1
9787 9492 295 3 0.499847 0.466557 0.0332893 6 3 6 2
9814 9722 92 2 0.59996 0.589849 0.0101111 7 2 6 2
9873 9590 283 5 0.699931 0.666097 0.0338342 7 2 6 2
10344 10095 249 6 0.699918 0.670043 0.029875 8 1 6 1
11284 11230 54 0 0.899967 0.891483 0.00848368 8 1 3 0
12366 12052 314 9 0.599919 0.563172 0.0367477 8 1 6 1
12493 12315 178 1 0.799814 0.775906 0.0239076 9 0 4 0
12504 12404 100 4 0.499901 0.486204 0.0136976 8 0 8 0
12873 12746 127 8 0.599925 0.584815 0.0151097 7 2 5 1
12913 12548 365 0 0.899837 0.853436 0.0464014 7 2 3 1
13544 13319 225 6 0.799902 0.772799 0.0271032 8 1 3 1
13688 13599 89 3 0.799788 0.785782 0.0140059 6 3 4 0
13906 13694 212 7 0.599953 0.571639 0.0283144 7 2 7 2
13911 13747 164 5 0.699977 0.680352 0.0196254 6 3 4 2
15475 15420 55 4 0.899962 0.892868 0.00709418 9 0 4 0
15970 15623 347 2 0.499931 0.460131 0.0397998 7 2 5 1
16136 16047 89 5 0.89991 0.890129 0.00978111 6 3 2 1
16145 15857 288 9 0.799957 0.767368 0.0325898 8 1 3 0
16160 15904 256 1 0.699822 0.667733 0.0320889 7 2 5 2
16522 16181 341 8 0.799928 0.759169 0.0407598 8 1 6 1
16997 16916 81 0 0.599993 0.589903 0.0100908 5 4 4 3
17376 17056 320 3 0.699791 0.660338 0.0394529 5 4 2 2
17431 17324 107 7 0.799945 0.785579 0.014366 7 2 1 0
18094 17794 300 6 0.599973 0.566229 0.0337444 6 3 5 2
19323 19170 153 1 0.799984 0.782134 0.0178499 7 2 3 0
19329 19061 268 5 0.699972 0.666596 0.0333754 7 2 4 1
19350 19288 62 4 0.599986 0.591598 0.00838819 8 1 5 1
19912 19604 308 9 0.699922 0.664081 0.0358413 9 0 6 0
20267 20027 240 8 0.699917 0.67274 0.0271776 9 0 4 0
20650 20325 325 0 0.799895 0.76078 0.0391153 7 2 3 0
21809 21477 332 2 0.599899 0.558937 0.0409627 8 1 6 1
22705 22645 60 1 0.699901 0.691154 0.00874685 6 3 4 2
22722 22489 233 0 0.899931 0.872032 0.0278987 9 0 4 0
23403 23216 187 6 0.599928 0.57801 0.0219185 5 4 5 1
23572 23213 359 7 0.399794 0.357087 0.0427062 9 0 9 0
23609 23421 188 4 0.699974 0.677205 0.0227686 9 0 7 0
23736 23675 61 3 0.399965 0.391938 0.00802698 7 2 6 0
23855 23676 179 9 0.699962 0.676568 0.0233932 8 1 6 1
24948 24822 126 5 0.49994 0.48458 0.01536 7 2 6 2
25830 25777 53 0 0.699835 0.693424 0.00641085 7 2 3 2
25830 25601 229 1 0.799901 0.77354 0.0263611 6 3 4 2
25855 25742 113 8 0.499926 0.484987 0.0149386 6 3 5 3
27124 27056 68 3 0.899901 0.890523 0.00937811 7 2 1 0
27920 27640 280 9 0.699914 0.668869 0.0310455 9 0 6 0
27966 27871 95 5 0.899913 0.887872 0.0120411 7 2 3 1
28128 27853 275 2 0.499867 0.46653 0.0333373 9 0 7 0
28197 27873 324 0 0.899956 0.858618 0.0413375 8 1 5 0
28723 28460 263 6 0.599912 0.570851 0.029061 7 2 7 2
28980 28715 265 7 0.699976 0.666529 0.0334464 8 1 7 1
29079 28754 325 8 0.899988 0.862082 0.0379059 8 1 3 0
29293 29218 75 3 0.799945 0.79062 0.00932521 7 2 4 1
