806 707 99 0 0.899968 0.887774 0.0121938 5 0 5 0
1807 1563 244 1 0.79991 0.768469 0.0314409 5 0 5 0
1828 1620 208 6 0.799903 0.773073 0.0268298 3 0 3 0
2092 2028 64 0 0.899999 0.891627 0.0083711 6 0 3 0
2455 2359 96 7 0.699933 0.688576 0.0113572 7 1 7 1
2478 2265 213 2 0.699952 0.671696 0.0282564 7 0 7 0
2642 2471 171 8 0.699915 0.680893 0.0190219 7 1 7 1
2671 2339 332 9 0.699958 0.660432 0.0395265 7 0 7 0
2782 2422 360 3 0.699906 0.657881 0.0420248 8 1 8 1
2864 2477 387 5 0.699763 0.650563 0.0492008 7 1 7 1
3568 3255 313 4 0.599946 0.563065 0.036881 7 2 7 2
3739 3583 156 6 0.899964 0.880827 0.0191369 5 0 2 0
4696 4369 327 1 0.799996 0.763025 0.0369703 6 3 4 3
5024 4742 282 8 0.899994 0.866418 0.0335762 8 1 5 1
5351 5132 219 5 0.899969 0.871718 0.0282517 7 1 1 0
6019 5665 354 9 0.799887 0.757414 0.0424724 7 0 4 0
7035 6732 303 3 0.699825 0.664097 0.0357281 6 3 4 2
7439 7149 290 2 0.59993 0.565811 0.0341186 6 2 5 2
7956 7734 222 7 0.499932 0.471334 0.0285987 8 0 6 0
8059 7856 203 9 0.899795 0.875971 0.023824 7 0 1 0
8396 8198 198 0 0.29996 0.276029 0.0239312 8 0 6 0
8695 8379 316 6 0.499909 0.462977 0.0369317 6 1 6 1
8947 8727 220 4 0.599934 0.571364 0.0285704 7 2 3 2
8960 8906 54 8 0.599955 0.593129 0.00682598 8 1 5 1
9387 9228 159 5 0.599937 0.580862 0.0190748 7 2 4 2
10074 9876 198 1 0.499951 0.477084 0.0228677 7 2 4 0
11013 10935 78 3 0.699934 0.68934 0.0105939 5 4 2 2
11972 11876 96 9 0.599974 0.586174 0.0138005 6 2 3 2
12902 12572 330 7 0.69996 0.661604 0.038356 8 1 3 1
13227 13171 56 4 0.69996 0.692396 0.00756436 8 1 7 0
13609 13303 306 2 0.499917 0.464734 0.0351826 6 2 4 1
13853 13622 231 5 0.699997 0.672901 0.0270951 9 0 5 0
14065 13845 220 0 0.699915 0.671791 0.0281238 5 3 3 3
14610 14485 125 9 0.899979 0.884375 0.0156038 6 2 2 0
14991 14750 241 8 0.49994 0.47158 0.0283601 8 1 5 0
15735 15634 101 3 0.599956 0.58548 0.0144758 6 3 4 2
16466 16399 67 1 0.499915 0.491997 0.00791736 8 1 8 0
16578 16287 291 0 0.899966 0.864987 0.0349787 6 2 2 0
16790 16737 53 6 0.299926 0.294101 0.00582428 6 2 6 2
17815 17659 156 7 0.599925 0.580825 0.0190995 9 0 6 0
18166 17984 182 8 0.899932 0.878369 0.0215623 8 1 3 0
18781 18438 343 9 0.599946 0.561601 0.0383449 8 0 6 0
18782 18597 185 5 0.599975 0.577294 0.0226815 7 2 6 2
19766 19450 316 4 0.399951 0.362022 0.0379289 9 0 8 0
19843 19613 230 0 0.69991 0.673445 0.0264659 8 1 4 0
20083 19924 159 2 0.499992 0.480113 0.0198784 8 1 7 1
20102 19942 160 3 0.699994 0.682403 0.0175911 8 1 6 1
22259 22013 246 7 0.699992 0.669602 0.0303894 7 2 5 2
23078 22838 240 8 0.499943 0.47104 0.0289027 8 1 6 1
23324 23029 295 5 0.69997 0.665934 0.0340363 6 3 3 1
23671 23604 67 1 0.399935 0.39008 0.00985521 9 0 5 0
23709 23511 198 0 0.699978 0.677542 0.0224352 9 0 4 0
24016 23935 81 9 0.59991 0.587718 0.0121915 8 1 4 1
24063 23819 244 6 0.499981 0.471853 0.028128 8 1 7 0
25638 25535 103 2 0.599922 0.586933 0.0129898 7 2 4 1
25678 25514 164 3 0.499935 0.48048 0.0194547 9 0 8 0
26230 26125 105 7 0.69991 0.685525 0.0143845 7 2 3 1
26703 26579 124 4 0.499948 0.484677 0.0152711 9 0 5 0
27158 26915 243 8 0.799966 0.768055 0.0319114 8 1 4 0
28343 28009 334 5 0.599902 0.559011 0.040891 6 3 6 1
28565 28222 343 9 0.699979 0.658794 0.0411844 7 2 5 1
29156 28835 321 2 0.799857 0.762745 0.037112 7 2 3 0
29187 29115 72 7 0.799997 0.789035 0.0109623 7 2 6 1
29760 29260 500 0 0.499916 0.42257 0.0773463 8 1 4 1
29820 29572 248 6 0.59989 0.570054 0.029836 9 0 8 0
