786 717 69 5 0.899784 0.890091 0.00969358 3 1 3 1
841 707 134 0 0.899979 0.88222 0.0177588 4 0 4 0
1036 800 236 7 0.899898 0.871074 0.0288241 2 0 5 0
1733 1651 82 4 0.799998 0.78846 0.0115377 3 1 3 0
1766 1553 213 2 0.799969 0.776152 0.0238173 5 1 5 1
1969 1621 348 8 0.799775 0.758667 0.0411078 6 0 6 0
2043 1656 387 1 0.799945 0.750901 0.0490442 6 0 6 0
2470 2416 54 6 0.699987 0.691253 0.00873414 6 0 6 0
3438 3201 237 9 0.599951 0.569771 0.0301796 5 3 5 3
4008 3810 198 0 0.699891 0.675091 0.0248007 6 1 6 1
4058 3711 347 5 0.699946 0.657533 0.0424122 7 1 6 1
4182 4029 153 7 0.699949 0.6815 0.0184483 5 3 5 3
4248 3921 327 1 0.899977 0.861124 0.0388535 5 1 2 1
4426 4083 343 3 0.499838 0.460266 0.0395718 5 3 5 3
5611 5407 204 6 0.799956 0.77081 0.0291458 7 1 3 1
6181 5851 330 4 0.599967 0.562893 0.0370746 5 3 4 2
6378 6041 337 9 0.899942 0.858893 0.0410488 6 2 3 1
6453 6279 174 8 0.599894 0.577637 0.0222568 6 3 6 3
7880 7811 69 0 0.69985 0.691486 0.00836383 8 0 4 0
7898 7672 226 2 0.399934 0.374924 0.0250103 7 1 7 1
8093 7931 162 5 0.699963 0.679184 0.0207792 9 0 4 0
8455 8161 294 1 0.599939 0.565201 0.0347385 8 1 6 1
8898 8634 264 9 0.799926 0.765352 0.0345749 7 2 3 2
9205 9123 82 3 0.699948 0.686136 0.0138115 9 0 7 0
10077 9978 99 0 0.899894 0.888933 0.0109608 8 0 0 0
10122 9846 276 8 0.799986 0.768093 0.0318938 7 2 3 0
10661 10508 153 7 0.399971 0.382115 0.0178563 8 0 8 0
10928 10644 284 6 0.499944 0.462896 0.0370482 8 1 7 1
11308 11083 225 1 0.899981 0.873984 0.0259971 8 1 3 1
11584 11209 375 4 0.599967 0.556912 0.043055 4 5 3 4
11954 11899 55 8 0.899994 0.892643 0.00735099 7 2 1 0
12547 12383 164 9 0.69998 0.681548 0.0184322 6 3 3 2
13112 13022 90 2 0.699989 0.689928 0.0100613 8 0 4 0
13143 13004 139 3 0.699969 0.68296 0.0170099 8 1 3 1
13591 13519 72 1 0.799937 0.789794 0.0101436 7 2 1 1
13638 13542 96 5 0.499988 0.487029 0.0129598 6 3 4 3
14817 14674 143 0 0.49994 0.48374 0.0161993 7 1 7 1
15003 14670 333 9 0.899934 0.860407 0.0395269 7 2 3 1
15139 14791 348 6 0.79979 0.7586 0.0411905 9 0 6 0
15167 15077 90 4 0.784308 0.770793 0.0135152 6 3 5 0
15648 15274 374 1 0.899976 0.855716 0.0442598 7 2 3 1
15853 15654 199 8 0.599948 0.575523 0.0244251 7 2 5 1
16655 16503 152 7 0.599955 0.582371 0.0175843 6 2 3 2
17591 17268 323 9 0.799957 0.762521 0.0374359 7 2 4 1
17732 17678 54 3 0.599882 0.593408 0.00647424 8 1 4 0
17774 17647 127 2 0.599958 0.583563 0.0163947 7 1 4 1
18069 17782 287 6 0.799975 0.764842 0.0351332 8 1 3 1
18857 18617 240 4 0.699988 0.670108 0.0298792 6 3 3 2
18935 18589 346 0 0.799874 0.75988 0.0399938 8 0 4 0
19109 18775 334 1 0.699897 0.65738 0.0425169 5 4 3 2
19739 19416 323 9 0.899974 0.863837 0.0361367 8 1 3 0
20270 19972 298 7 0.799999 0.764614 0.0353853 6 2 4 1
20833 20728 105 6 0.799957 0.786589 0.0133681 8 1 3 1
20955 20713 242 5 0.39993 0.369407 0.0305234 6 3 5 3
21051 20764 287 0 0.899994 0.865341 0.0346532 8 1 2 1
21197 21054 143 3 0.799917 0.781658 0.0182589 8 1 2 1
21205 20919 286 8 0.599944 0.565884 0.0340593 6 3 5 2
21295 21048 247 4 0.89997 0.868452 0.0315178 8 1 4 1
22236 22121 115 7 0.8999 0.885388 0.0145121 6 2 0 0
22936 22809 127 9 0.699927 0.684844 0.0150828 7 2 4 2
23154 22992 162 1 0.699927 0.679338 0.0205887 6 3 3 2
23432 23351 81 6 0.799984 0.790695 0.0092888 9 0 3 0
23612 23557 55 2 0.499889 0.491496 0.00839331 7 2 4 1
23724 23517 207 4 0.799955 0.776131 0.023824 7 2 4 1
23823 23518 305 7 0.899865 0.862623 0.0372425 6 2 3 1
24941 24882 59 0 0.59976 0.59179 0.00796933 9 0 9 0
25518 25184 334 7 0.899953 0.861831 0.0381224 9 0 4 0
25553 25453 100 3 0.599971 0.585743 0.0142282 8 1 6 1
26622 26507 115 2 0.899908 0.884528 0.0153799 8 1 3 0
27064 27009 55 8 0.499787 0.492179 0.00760841 6 3 4 3
27642 27438 204 9 0.599761 0.575862 0.023899 8 1 6 0
27881 27784 97 7 0.799925 0.788921 0.0110038 9 0 3 0
27974 27826 148 4 0.599992 0.581506 0.0184858 7 2 6 1
27975 27699 276 5 0.499917 0.46562 0.0342969 8 1 8 1
28042 27795 247 1 0.599956 0.569525 0.0304304 7 2 6 1
28686 28401 285 6 0.49991 0.46675 0.03316 8 1 8 1
29118 28921 197 3 0.799914 0.774335 0.025579 8 1 4 0
29324 29041 283 0 0.699928 0.668871 0.0310562 8 1 3 1
