824 744 80 8 0.899973 0.889012 0.0109615 3 0 3 0
846 737 109 5 0.899916 0.887567 0.0123493 3 0 3 0
897 771 126 3 0.899986 0.882636 0.0173508 4 0 4 0
907 702 205 7 0.899983 0.874519 0.025464 7 0 7 0
946 683 263 6 0.899971 0.869986 0.0299855 4 0 4 0
980 838 142 9 0.89989 0.881029 0.0188611 2 1 2 0
2274 2204 70 3 0.899919 0.89136 0.00855905 5 0 2 0
2363 2310 53 4 0.699997 0.691683 0.00831476 7 0 7 0
2375 2294 81 6 0.899914 0.887807 0.0121062 5 0 4 0
2448 2393 55 1 0.699996 0.692211 0.0077848 6 0 6 0
2643 2410 233 0 0.699972 0.673459 0.0265123 5 1 5 1
4016 3797 219 5 0.699963 0.673587 0.0263761 6 0 5 0
4024 3798 226 8 0.699948 0.67073 0.0292184 6 2 4 2
4143 3893 250 7 0.699962 0.665916 0.0340454 9 0 8 0
4743 4442 301 6 0.799947 0.762989 0.0369585 7 1 4 1
4941 4755 186 9 0.599952 0.577297 0.0226554 6 1 6 1
4963 4839 124 2 0.399954 0.385864 0.01409 9 0 9 0
6261 6170 91 5 0.899973 0.88915 0.0108226 7 0 4 0
6337 6031 306 4 0.69995 0.665237 0.0347132 7 2 6 2
6449 6209 240 8 0.899895 0.873088 0.0268069 7 2 5 0
6523 6158 365 1 0.699961 0.659669 0.0402918 7 1 5 1
6704 6485 219 7 0.899993 0.875674 0.0243185 9 0 4 0
6791 6524 267 0 0.699989 0.66915 0.0308392 7 1 5 1
7774 7694 80 3 0.399911 0.388652 0.0112583 6 2 6 2
8590 8425 165 5 0.799901 0.781505 0.0183963 6 1 4 1
8594 8253 341 2 0.899896 0.859669 0.0402274 8 1 6 1
9323 9078 245 6 0.599942 0.569964 0.0299783 8 1 6 1
9524 9467 57 8 0.699949 0.690745 0.00920411 7 2 4 1
9774 9580 194 1 0.799935 0.777507 0.0224283 8 1 4 0
10766 10486 280 7 0.599984 0.566312 0.0336718 9 0 8 0
11110 10860 250 2 0.799913 0.769579 0.0303346 9 0 4 0
11131 10893 238 9 0.499919 0.472404 0.0275144 9 0 9 0
11169 11012 157 4 0.599976 0.582578 0.0173978 7 2 4 2
11449 11083 366 3 0.899928 0.854011 0.0459167 7 2 2 0
11546 11446 100 0 0.599974 0.58618 0.0137932 7 2 6 2
11693 11583 110 8 0.899976 0.886228 0.0137479 8 1 3 0
12031 11903 128 6 0.899967 0.883904 0.0160629 8 1 1 0
12953 12758 195 5 0.599998 0.57647 0.0235276 6 3 5 3
13987 13704 283 2 0.79992 0.766146 0.0337743 9 0 4 0
14050 13849 201 8 0.799934 0.77614 0.0237941 8 1 5 1
14203 13970 233 1 0.599906 0.573255 0.0266504 7 2 5 1
14352 14107 245 9 0.899928 0.87235 0.0275781 9 0 2 0
15133 15057 76 7 0.699791 0.690535 0.00925607 7 2 3 2
15165 14978 187 6 0.699929 0.676191 0.0237373 8 1 6 0
15312 14896 416 0 0.799967 0.745204 0.054763 9 0 3 0
15706 15328 378 4 0.699898 0.653552 0.0463462 8 1 6 1
16778 16578 200 9 0.79978 0.776638 0.0231426 7 2 4 2
16924 16571 353 2 0.799914 0.756758 0.0431558 7 2 3 2
16956 16760 196 1 0.899926 0.876863 0.0230629 6 3 3 2
17281 17031 250 3 0.399997 0.371903 0.0280938 9 0 8 0
17443 17388 55 8 0.699956 0.69179 0.00816564 7 2 3 2
18493 18275 218 1 0.89994 0.874321 0.0256194 8 1 3 0
19007 18730 277 2 0.899893 0.868105 0.0317878 8 1 3 0
19011 18833 178 5 0.499987 0.48026 0.0197271 9 0 6 0
19133 18885 248 0 0.699958 0.666869 0.0330887 8 1 6 1
19172 18918 254 7 0.69994 0.669511 0.0304291 9 0 6 0
20829 20651 178 6 0.499925 0.479587 0.0203387 8 1 3 1
21416 21297 119 4 0.499913 0.484025 0.0158877 8 1 6 0
21440 21093 347 8 0.699879 0.656677 0.0432021 6 3 4 2
21644 21444 200 1 0.699907 0.674508 0.0253986 9 0 6 0
22165 21982 183 5 0.89998 0.879537 0.0204426 8 1 4 1
22455 22158 297 0 0.79995 0.765763 0.0341875 8 1 5 1
22479 22289 190 3 0.699978 0.67623 0.0237484 8 1 7 1
22835 22623 212 9 0.399975 0.371002 0.0289737 8 1 7 1
23323 23051 272 7 0.6999 0.665724 0.0341758 8 1 3 1
24570 24496 74 8 0.7999 0.789524 0.0103756 8 1 5 1
25172 25113 59 0 0.799949 0.791527 0.00842219 8 1 3 1
25528 25356 172 1 0.699974 0.679378 0.020596 7 2 4 2
25532 25394 138 2 0.29995 0.284779 0.0151711 8 1 7 1
25544 25198 346 4 0.799944 0.759268 0.0406758 9 0 6 0
26177 25933 244 5 0.599972 0.571642 0.02833 7 2 7 2
26457 26237 220 9 0.899984 0.869868 0.0301157 8 1 3 1
26934 26841 93 0 0.899932 0.88852 0.0114122 9 0 3 0
28008 27859 149 9 0.899968 0.882659 0.0173094 7 2 3 2
28096 27967 129 7 0.599964 0.5842 0.0157644 8 1 7 1
28120 27979 141 6 0.399987 0.380795 0.0191925 9 0 8 0
28227 28017 210 3 0.499984 0.474208 0.0257758 9 0 7 0
28770 28685 85 8 0.599946 0.588546 0.0114 6 3 5 3
29128 29029 99 0 0.799909 0.788061 0.0118479 8 1 4 1
29227 29073 154 4 0.69998 0.681821 0.0181587 6 3 5 3
