929 750 179 7 0.899805 0.879118 0.0206867 7 0 7 0
1594 1514 80 1 0.799943 0.788877 0.0110656 6 0 6 0
2693 2497 196 5 0.699941 0.675529 0.0244118 7 1 7 1
2780 2503 277 8 0.699947 0.665538 0.0344084 6 2 6 2
3463 3232 231 2 0.599793 0.571309 0.0284831 7 1 7 1
3515 3178 337 9 0.599924 0.559313 0.0406119 8 1 8 1
3537 3230 307 0 0.599987 0.562941 0.0370459 8 0 8 0
3956 3821 135 7 0.699981 0.684873 0.0151081 6 3 6 3
4498 4151 347 6 0.499919 0.456405 0.0435141 5 4 5 4
6773 6552 221 4 0.199925 0.173151 0.0267744 7 2 7 2
6841 6548 293 3 0.199894 0.163804 0.0360892 8 1 8 1
6926 6684 242 8 0.699902 0.6723 0.0276017 8 0 6 0
7502 7301 201 5 0.599951 0.574257 0.0256937 6 3 6 2
9189 8882 307 1 0.199941 0.163985 0.0359563 6 3 6 3
9429 9232 197 6 0.699922 0.675711 0.0242106 5 4 5 3
10556 10285 271 0 0.399913 0.368556 0.0313575 7 1 6 1
10600 10266 334 7 0.399929 0.360618 0.0393107 6 3 6 3
11301 11198 103 9 0.299909 0.284974 0.0149346 5 4 5 4
11743 11558 185 8 0.599915 0.577287 0.022628 7 1 5 1
12777 12685 92 2 0.0999381 0.0882717 0.0116664 8 1 8 1
13591 13526 65 4 0.599985 0.592564 0.00742149 4 5 4 5
13605 13474 131 5 0.499909 0.483613 0.016296 6 3 5 3
13725 13595 130 3 0.59995 0.582507 0.0174431 5 4 5 4
14194 14135 59 6 0.599955 0.592427 0.00752795 6 3 6 3
15891 15699 192 0 0.699918 0.677287 0.022631 4 5 4 5
17063 16825 238 8 0.599903 0.57047 0.0294325 7 2 6 2
18805 18526 279 4 0.599896 0.567096 0.0328 8 1 8 0
19196 19037 159 7 0.299971 0.280539 0.0194315 7 2 7 2
19355 19126 229 9 0.399963 0.369465 0.0304977 7 2 7 2
19499 19309 190 1 0.199952 0.176481 0.0234707 8 1 8 1
19840 19508 332 3 0.499941 0.460078 0.0398632 8 1 7 1
20381 20017 364 6 0.499975 0.452114 0.0478614 6 3 6 3
21834 21510 324 2 0.39991 0.361806 0.0381043 6 3 5 3
22495 22244 251 5 0.199935 0.168662 0.0312734 7 2 7 2
23828 23774 54 8 0.399906 0.392028 0.00787821 7 2 7 2
23983 23860 123 0 0.199992 0.185682 0.0143102 7 2 7 2
24713 24459 254 9 0.699896 0.669599 0.0302962 6 3 6 3
26702 26432 270 4 0.299969 0.267905 0.0320641 8 1 7 1
26854 26801 53 6 0.499944 0.491588 0.00835594 7 2 7 2
27287 27101 186 2 0.69984 0.677818 0.0220219 6 3 4 2
27309 27065 244 3 0.399974 0.370289 0.0296852 6 3 6 3
27405 27130 275 1 0.499942 0.467665 0.0322774 5 4 5 3
28649 28575 74 9 0.699907 0.689833 0.0100736 6 3 4 3
28986 28891 95 7 0.19998 0.187364 0.0126162 6 3 6 3
29676 29263 413 5 0.599991 0.552642 0.0473497 3 6 3 6
