796 719 77 3 0.899981 0.890416 0.00956469 5 0 5 0
1738 1624 114 7 0.799979 0.785781 0.0141971 8 1 8 1
1782 1609 173 1 0.799916 0.778777 0.0211387 6 0 6 0
1856 1617 239 8 0.799898 0.772584 0.0273145 6 1 6 1
2613 2458 155 0 0.699973 0.679524 0.0204491 9 0 9 0
2618 2421 197 9 0.69999 0.676298 0.0236929 8 0 8 0
3727 3312 415 6 0.599838 0.548129 0.0517089 8 0 8 0
4822 4769 53 2 0.399875 0.392059 0.00781628 7 1 7 1
5131 4841 290 5 0.399958 0.367188 0.0327692 9 0 9 0
5154 5056 98 7 0.699948 0.688397 0.0115512 9 0 8 0
7096 7038 58 8 0.47574 0.469073 0.00666703 8 1 7 1
7544 7313 231 4 0.0999038 0.0743437 0.0255601 7 2 7 2
7978 7923 55 0 0.499803 0.492404 0.00739909 7 2 6 2
8024 7968 56 9 0.499991 0.492368 0.00762287 7 2 7 2
8700 8530 170 1 0.299895 0.279417 0.0204779 7 2 7 2
8917 8640 277 3 0.0999233 0.0662232 0.0337001 6 3 6 3
9873 9747 126 6 0.499969 0.485909 0.0140601 7 2 6 2
10898 10653 245 2 0.599965 0.567876 0.0320886 6 3 4 3
11685 11380 305 7 0.399978 0.363998 0.0359803 7 2 7 2
12842 12623 219 8 0.599901 0.568834 0.0310674 8 1 6 1
14436 14117 319 1 0.699975 0.664429 0.0355452 7 2 7 2
14622 14314 308 5 0.199949 0.164551 0.0353978 6 3 6 3
16603 16258 345 4 0.399954 0.357993 0.0419603 7 2 7 2
16878 16635 243 0 0.199918 0.17186 0.0280575 8 1 8 1
16921 16731 190 9 0.199909 0.172112 0.027797 6 3 6 3
17093 16784 309 2 0.499982 0.459989 0.0399928 7 2 7 2
17859 17747 112 6 0.299961 0.285223 0.0147383 8 1 8 1
19572 19332 240 7 0.399917 0.373526 0.0263911 8 1 8 1
19677 19347 330 3 0.199947 0.159824 0.0401231 6 3 6 3
20583 20387 196 8 0.299941 0.277014 0.0229271 4 5 4 5
20902 20800 102 1 0.399943 0.386397 0.0135466 8 1 8 1
23115 23036 79 5 0.399967 0.388376 0.0115904 6 3 6 3
23608 23432 176 4 0.499894 0.475119 0.0247754 6 3 6 3
24489 24120 369 6 0.599847 0.55415 0.0456975 8 1 8 1
25344 25213 131 2 0.299963 0.281734 0.0182297 6 3 6 3
25488 25307 181 0 0.399904 0.378426 0.0214789 9 0 9 0
26323 25991 332 9 0.299942 0.259751 0.040191 7 2 6 2
26916 26313 603 7 0.499979 0.429729 0.0702503 5 4 5 4
27104 26753 351 1 0.599917 0.55679 0.0431273 5 4 5 4
28108 27994 114 3 0.399916 0.384265 0.0156508 5 4 5 4
29543 29408 135 8 0.299897 0.283907 0.0159892 5 4 5 3
29893 29702 191 6 0.599972 0.576408 0.0235638 7 2 5 2
29960 29735 225 0 0.799904 0.77428 0.025624 6 3 3 3
