837 783 54 2 0.899891 0.893542 0.00634911 5 0 5 0
893 788 105 8 0.899963 0.884554 0.0154088 4 0 4 0
2546 2400 146 1 0.699964 0.682171 0.0177929 7 0 7 0
2606 2466 140 3 0.699967 0.684045 0.0159212 8 0 8 0
2670 2382 288 6 0.699921 0.666835 0.0330867 8 0 8 0
3397 3187 210 4 0.59994 0.576245 0.0236944 6 3 6 3
3426 3227 199 7 0.599948 0.577336 0.0226115 8 0 8 0
3833 3773 60 8 0.699941 0.691465 0.00847598 6 3 6 3
5326 5001 325 0 0.399897 0.361471 0.038426 7 2 7 2
5802 5552 250 5 0.299963 0.269609 0.0303535 8 1 8 1
6691 6533 158 9 0.199979 0.181563 0.0184161 8 1 8 1
7419 7119 300 1 0.599926 0.563745 0.0361808 8 1 8 1
7485 7236 249 3 0.599912 0.569678 0.0302347 7 2 7 2
9008 8798 210 2 0.0999727 0.0740373 0.0259354 8 1 8 1
10224 10040 184 7 0.399979 0.376694 0.0232851 8 1 8 1
10951 10884 67 8 0.299985 0.292512 0.00747287 6 3 6 3
11036 10735 301 6 0.199839 0.163083 0.0367567 7 2 7 2
11789 11604 185 4 0.199894 0.175309 0.0245845 8 1 8 1
13806 13753 53 0 0.299947 0.293876 0.00607048 7 2 6 2
14390 14158 232 1 0.39991 0.370474 0.0294354 7 2 6 2
14560 14258 302 3 0.399925 0.363369 0.0365556 7 2 6 2
14738 14599 139 5 0.299996 0.282599 0.0173973 6 3 6 3
15996 15899 97 9 0.299937 0.287768 0.0121686 3 6 3 6
16229 16072 157 7 0.599992 0.579902 0.02009 7 2 7 2
17251 17011 240 2 0.499938 0.469111 0.0308279 5 4 5 4
17863 17771 92 6 0.599886 0.586816 0.0130701 5 4 3 4
19624 19328 296 4 0.499961 0.4655 0.0344608 7 2 7 2
19762 19709 53 8 0.299936 0.293357 0.00657936 6 3 6 3
19843 19598 245 7 0.799978 0.770499 0.0294786 7 2 7 2
20476 20146 330 5 0.699907 0.662337 0.0375698 9 0 9 0
21587 21334 253 3 0.499892 0.470625 0.0292669 7 2 7 2
21700 21640 60 0 0.399944 0.392091 0.0078538 7 2 7 2
22116 22044 72 1 0.39985 0.391714 0.00813674 6 3 6 3
23620 23533 87 2 0.499939 0.487936 0.0120031 7 2 7 2
23965 23719 246 6 0.499997 0.471324 0.0286731 5 4 5 4
24335 24118 217 7 0.599936 0.573734 0.0262017 7 2 7 2
24675 24335 340 4 0.69983 0.65644 0.0433902 4 5 4 4
25777 25594 183 9 0.199971 0.177146 0.0228245 7 2 7 2
26988 26785 203 8 0.499971 0.476217 0.0237544 9 0 9 0
27716 27508 208 0 0.599992 0.576008 0.023984 7 2 7 2
28007 27868 139 3 0.499973 0.482054 0.0179193 7 2 6 2
29613 29364 249 5 0.0998907 0.0708772 0.0290135 8 1 8 1
29812 29515 297 1 0.399904 0.366076 0.0338271 6 3 6 3
29893 29482 411 6 0.599892 0.547861 0.0520308 7 2 6 1
