1640 1584 56 1 0.799893 0.793742 0.00615111 6 0 6 0
1682 1577 105 6 0.799941 0.788242 0.0116993 8 0 8 0
2477 2368 109 8 0.699967 0.686999 0.0129679 7 1 7 1
2625 2476 149 3 0.699992 0.681374 0.0186178 8 1 8 1
2678 2377 301 5 0.699973 0.660752 0.0392207 9 0 9 0
4158 4041 117 4 0.499922 0.486295 0.0136264 6 2 6 2
4200 4031 169 0 0.499914 0.477965 0.0219493 9 0 9 0
5054 4770 284 9 0.399949 0.367325 0.0326239 8 1 8 1
5084 4785 299 7 0.399937 0.361179 0.0387577 7 2 7 2
6947 6567 380 1 0.499777 0.454063 0.0457142 6 2 6 2
7317 7258 59 3 0.599955 0.592171 0.00778348 5 4 3 4
7476 7420 56 5 0.599965 0.59054 0.00942572 5 4 4 4
7645 7439 206 2 0.099926 0.0761703 0.0237557 7 2 7 2
8336 8003 333 8 0.499956 0.457972 0.041984 8 1 8 1
8485 8345 140 6 0.29998 0.281856 0.0181246 4 5 4 5
10283 10216 67 7 0.691942 0.684585 0.00735677 6 3 3 3
12395 12128 267 0 0.299956 0.269737 0.0302193 6 3 6 3
12821 12671 150 9 0.399935 0.382287 0.0176478 8 1 8 1
13272 13043 229 4 0.199997 0.173975 0.0260216 7 2 7 2
14005 13938 67 3 0.399934 0.390396 0.00953808 8 1 8 1
15057 15004 53 1 0.299987 0.293443 0.00654442 5 4 5 4
16695 16449 246 8 0.299939 0.270669 0.0292701 5 4 4 4
16804 16622 182 5 0.0999893 0.0771195 0.0228699 6 3 6 3
18220 18099 121 6 0.199968 0.183947 0.0160207 7 2 6 2
18365 18056 309 2 0.199981 0.163986 0.0359959 9 0 9 0
18426 18115 311 7 0.199974 0.164736 0.035238 6 3 5 3
19773 19583 190 0 0.499983 0.476186 0.0237971 3 6 3 5
20191 20137 54 9 0.399937 0.392386 0.00755092 5 4 5 4
21019 20734 285 3 0.499929 0.466512 0.0334176 7 2 6 2
23150 22982 168 1 0.399949 0.378749 0.0211995 6 3 6 3
23445 23273 172 4 0.199952 0.180378 0.0195747 7 2 7 2
23633 23579 54 0 0.799963 0.793134 0.00682932 6 3 4 1
25003 24680 323 8 0.399983 0.362951 0.0370314 7 2 6 2
25135 24789 346 5 0.4999 0.457203 0.0426965 8 1 8 1
25461 25133 328 2 0.599929 0.559098 0.0408312 8 1 8 1
25508 25125 383 7 0.599985 0.554587 0.0453973 9 0 9 0
27177 26869 308 9 0.499949 0.463779 0.0361701 4 5 4 5
27862 27710 152 4 0.899984 0.880598 0.0193861 7 2 2 0
28412 28203 209 6 0.199954 0.175852 0.0241024 7 2 7 2
28499 28227 272 1 0.699938 0.666807 0.0331308 7 2 5 1
28596 28228 368 3 0.399954 0.354255 0.0456986 7 2 7 2
29894 29783 111 7 0.69981 0.684767 0.0150433 7 2 6 2
