834 781 53 3 0.899899 0.892651 0.00724791 6 0 6 0
1624 1565 59 1 0.799988 0.792522 0.00746615 8 0 8 0
1703 1524 179 0 0.799972 0.778022 0.0219504 8 0 8 0
2428 2375 53 6 0.699877 0.69193 0.00794693 7 1 7 1
2530 2407 123 4 0.699989 0.684725 0.015264 9 0 9 0
2610 2313 297 2 0.699931 0.663745 0.0361856 8 1 8 1
2797 2427 370 5 0.699815 0.655381 0.0444348 8 1 8 1
3346 3262 84 9 0.59994 0.585942 0.0139987 5 4 5 4
3380 3237 143 7 0.599986 0.582255 0.0177307 7 2 7 2
3592 3220 372 8 0.599797 0.555291 0.0445058 8 1 8 1
4476 4289 187 0 0.799906 0.778241 0.0216653 7 1 3 1
4771 4475 296 3 0.599926 0.564124 0.0358021 6 3 4 3
5719 5494 225 4 0.799914 0.774013 0.0259011 6 3 4 3
6421 6144 277 6 0.699958 0.666969 0.0329889 4 5 4 4
7627 7471 156 1 0.399946 0.378266 0.0216795 7 2 7 2
7845 7792 53 8 0.699844 0.693074 0.00676984 8 1 6 0
8457 8206 251 2 0.499978 0.471653 0.0283247 6 3 6 3
9305 9190 115 7 0.499956 0.485897 0.0140591 7 2 7 2
9446 9259 187 5 0.39996 0.377946 0.0220142 9 0 9 0
10088 9898 190 3 0.599931 0.576512 0.0234187 4 5 3 4
10994 10792 202 9 0.299979 0.277188 0.0227905 6 3 6 3
12668 12579 89 0 0.099991 0.0879572 0.0120338 7 2 7 2
14013 13672 341 6 0.299915 0.258503 0.0414122 8 1 8 1
14428 14126 302 4 0.0998932 0.0610071 0.0388861 7 2 7 1
15024 14699 325 2 0.499912 0.460865 0.0390462 7 2 7 2
15138 14778 360 8 0.299981 0.255163 0.0448183 7 2 7 2
16319 16066 253 1 0.299941 0.267277 0.0326642 6 3 6 3
16541 16382 159 7 0.399951 0.380406 0.0195452 4 5 4 5
17220 16878 342 3 0.399947 0.35825 0.0416968 4 5 4 5
18129 17813 316 5 0.299902 0.263024 0.0368774 4 5 4 5
19075 18945 130 2 0.799964 0.784564 0.0153993 5 4 4 3
19999 19867 132 9 0.299933 0.283005 0.0169274 4 5 4 4
20505 20396 109 6 0.599906 0.585476 0.0144298 7 2 7 2
21448 21395 53 0 0.399929 0.392259 0.00766933 7 2 7 2
22440 22335 105 8 0.499984 0.486903 0.0130807 5 4 5 4
22538 22379 159 4 0.49988 0.47844 0.0214405 9 0 8 0
23354 23301 53 2 0.5999 0.592564 0.00733645 8 1 8 1
24990 24857 133 3 0.399926 0.38351 0.0164159 9 0 9 0
25153 24898 255 7 0.299995 0.269433 0.0305626 8 1 8 1
25373 25317 56 5 0.499943 0.491848 0.00809465 6 3 5 3
26593 26336 257 9 0.599891 0.568554 0.031337 7 2 7 2
26706 26460 246 0 0.699951 0.666889 0.0330614 6 3 5 3
27008 26789 219 1 0.0999622 0.0757062 0.024256 8 1 8 1
28316 27985 331 4 0.599955 0.558675 0.04128 5 4 4 4
29121 28767 354 6 0.199951 0.158742 0.041209 5 4 5 4
29347 29121 226 3 0.799985 0.772975 0.02701 7 2 6 2
29393 29340 53 8 0.399869 0.392284 0.00758502 6 3 6 3
