968 805 163 3 0.899992 0.879522 0.0204707 4 0 4 0
1644 1570 74 5 0.79994 0.789984 0.00995684 7 1 7 1
1684 1519 165 9 0.799915 0.78023 0.019685 6 0 6 0
1745 1582 163 7 0.799998 0.776749 0.0232489 7 1 7 1
2587 2445 142 1 0.699933 0.682515 0.017418 8 1 8 1
2751 2434 317 6 0.699989 0.663946 0.0360429 9 0 9 0
3438 3253 185 2 0.599969 0.576621 0.0233485 6 3 6 3
4317 4047 270 4 0.499988 0.466313 0.0336754 5 4 5 4
4382 4082 300 0 0.499918 0.463996 0.0359212 9 0 9 0
5020 4891 129 8 0.399895 0.384312 0.0155827 6 3 6 3
6017 5877 140 7 0.599928 0.584222 0.0157061 6 3 6 3
6625 6296 329 1 0.699913 0.661822 0.038091 9 0 7 0
7508 7270 238 3 0.299918 0.268789 0.0311288 7 2 7 2
7640 7389 251 5 0.399853 0.368289 0.0315638 4 5 4 5
7647 7485 162 6 0.599905 0.577838 0.0220676 6 3 5 3
7773 7515 258 9 0.399905 0.367513 0.0323924 7 2 7 2
8673 8484 189 2 0.599935 0.577124 0.022811 4 5 4 5
10125 9896 229 4 0.59994 0.570977 0.0289627 5 4 4 4
11599 11397 202 1 0.599941 0.57513 0.0248109 7 2 6 2
11892 11809 83 7 0.499926 0.489398 0.0105279 9 0 9 0
13266 12989 277 3 0.699963 0.666706 0.0332568 9 0 9 0
13396 13175 221 0 0.199969 0.17562 0.0243488 8 1 8 1
13581 13292 289 8 0.299905 0.266109 0.0337966 8 1 8 1
14446 14304 142 6 0.399902 0.38142 0.0184822 8 1 8 1
14664 14513 151 9 0.499931 0.480073 0.0198587 6 3 6 3
15334 15277 57 5 0.399956 0.391174 0.00878258 6 3 6 3
16416 16143 273 2 0.299957 0.268674 0.0312824 3 6 3 6
17162 16825 337 4 0.399967 0.357224 0.0427425 5 4 5 4
19140 18971 169 7 0.399997 0.378761 0.0212367 7 2 7 2
19220 19148 72 1 0.299982 0.29101 0.0089727 8 1 8 1
20401 20135 266 0 0.59991 0.566765 0.0331458 7 2 7 2
21542 21200 342 3 0.199955 0.160589 0.039366 9 0 9 0
22001 21942 59 5 0.499938 0.491841 0.00809704 5 4 5 4
22240 22046 194 6 0.399993 0.375739 0.0242535 8 1 8 1
22516 22442 74 8 0.299917 0.289119 0.0107983 6 3 6 3
22683 22559 124 9 0.299925 0.284062 0.0158633 8 1 8 1
26164 26026 138 2 0.199919 0.182371 0.017548 8 1 8 1
27515 27460 55 7 0.29993 0.292701 0.00722922 9 0 9 0
27667 27295 372 4 0.0999299 0.0541538 0.0457761 8 1 8 1
28926 28727 199 1 0.199901 0.175141 0.0247596 8 1 8 1
29819 29660 159 6 0.399964 0.380181 0.0197828 7 2 7 2
29898 29744 154 5 0.299895 0.282691 0.0172038 5 4 5 4
