1827 1616 211 3 0.799992 0.77304 0.0269522 4 0 4 0
2033 1643 390 1 0.799909 0.752129 0.0477796 8 0 8 0
3333 3149 184 0 0.599893 0.578425 0.0214686 9 0 9 0
3372 3212 160 6 0.599841 0.580299 0.019542 7 2 7 2
3407 3245 162 9 0.59996 0.580314 0.0196459 8 0 8 0
3598 3322 276 4 0.599929 0.566035 0.0338944 6 2 7 2
4390 4053 337 8 0.499771 0.460884 0.0388877 5 3 5 3
5782 5604 178 1 0.699971 0.676983 0.0229876 6 3 5 3
6099 5849 250 7 0.299937 0.267868 0.0320693 5 4 5 4
6661 6412 249 5 0.199917 0.170428 0.0294889 4 5 4 5
7508 7249 259 2 0.0999942 0.0661206 0.0338737 7 2 7 2
8559 8435 124 0 0.59996 0.584346 0.0156143 6 3 5 3
8780 8726 54 4 0.599902 0.591841 0.00806097 6 3 6 3
9318 8569 749 3 0.299978 0.218173 0.0818047 7 2 7 2
9550 9249 301 6 0.499981 0.464792 0.0351891 7 2 7 2
10187 10028 159 9 0.399895 0.375818 0.0240776 3 6 3 6
10715 10447 268 1 0.599952 0.564176 0.0357757 8 1 5 1
12429 12178 251 2 0.899987 0.869867 0.0301201 7 2 1 0
12861 12660 201 0 0.699953 0.672749 0.0272048 6 3 5 3
13587 13360 227 5 0.599892 0.569835 0.0300573 7 2 6 2
14050 13995 55 7 0.399916 0.392095 0.0078205 6 3 6 3
14143 13852 291 8 0.099973 0.064451 0.0355219 7 2 7 2
14508 14407 101 9 0.799945 0.784915 0.0150301 7 2 4 0
14791 14610 181 2 0.799976 0.777864 0.0221121 6 3 6 2
15211 15104 107 6 0.599968 0.588001 0.0119676 7 2 7 2
15641 15384 257 4 0.399907 0.36847 0.0314371 7 2 7 2
17772 17499 273 3 0.399954 0.363597 0.0363564 7 2 7 2
18533 18303 230 0 0.499938 0.471176 0.0287616 6 3 6 3
19069 18966 103 7 0.699943 0.685612 0.0143307 7 2 7 2
19334 19135 199 1 0.199992 0.172273 0.0277185 7 2 7 2
19895 19588 307 9 0.499986 0.461908 0.0380783 9 0 9 0
21647 21512 135 4 0.599958 0.583234 0.0167241 7 2 7 2
22299 21928 371 8 0.499932 0.456348 0.0435842 7 2 6 2
22320 22267 53 2 0.19991 0.191585 0.00832545 5 4 4 4
22359 21940 419 5 0.199929 0.150439 0.0494906 7 2 7 2
24380 24282 98 6 0.0999789 0.0863834 0.0135955 6 3 5 3
25393 25298 95 1 0.699984 0.689376 0.0106074 8 1 4 0
25499 25316 183 7 0.399937 0.377207 0.0227297 4 5 3 5
27332 27097 235 9 0.399939 0.370718 0.0292212 8 1 7 1
27944 27808 136 3 0.0998969 0.0830943 0.0168027 8 1 8 1
28399 28219 180 0 0.0998727 0.0794506 0.0204221 7 2 7 2
28605 28371 234 4 0.399952 0.370569 0.0293832 7 2 6 2
28868 28704 164 8 0.49995 0.479452 0.0204977 7 2 6 2
