1742 1658 84 1 0.799988 0.790756 0.00923111 6 0 6 0
2458 2364 94 8 0.699885 0.687265 0.01262 8 0 8 0
3456 3260 196 3 0.599973 0.577413 0.0225595 8 1 8 1
3487 3121 366 7 0.599907 0.555014 0.0448931 8 1 8 1
4141 3949 192 2 0.499897 0.476272 0.0236244 7 2 7 2
4220 3890 330 5 0.49995 0.461607 0.0383425 6 3 6 3
4301 4039 262 0 0.49995 0.467701 0.0322493 5 4 5 4
4826 4734 92 6 0.399987 0.386261 0.0137258 7 2 7 2
4827 4767 60 4 0.399972 0.390746 0.00922658 5 4 5 4
5061 4851 210 9 0.399987 0.372235 0.0277512 7 2 7 2
7911 7609 302 1 0.399971 0.36321 0.0367609 6 3 5 3
8352 8147 205 6 0.899978 0.873192 0.0267857 7 2 3 0
8654 8535 119 3 0.599938 0.584781 0.0151568 7 2 7 2
9095 9008 87 0 0.699941 0.690015 0.00992543 8 1 8 0
9601 9548 53 8 0.299891 0.292176 0.00771424 6 3 6 3
9732 9402 330 7 0.499901 0.46217 0.0377315 7 2 7 2
10526 10443 83 2 0.499932 0.489347 0.0105849 6 3 6 3
10634 10549 85 5 0.499838 0.488117 0.0117209 7 2 6 2
10921 10563 358 4 0.599927 0.553905 0.0460225 8 1 7 1
12758 12669 89 9 0.399949 0.388121 0.0118276 5 4 5 4
13033 12765 268 0 0.699893 0.667157 0.0327357 6 3 5 3
14078 13872 206 6 0.399944 0.372316 0.0276278 8 1 8 1
14569 14505 64 3 0.499912 0.492801 0.00711067 9 0 9 0
15487 15307 180 1 0.399891 0.377853 0.0220378 8 1 7 1
16231 16061 170 4 0.599932 0.579353 0.0205789 7 2 6 2
17200 17137 63 8 0.399904 0.389448 0.0104557 5 4 5 4
17980 17709 271 7 0.299996 0.268875 0.0311213 7 2 7 2
18608 18484 124 5 0.299952 0.284568 0.0153842 6 3 6 3
20171 19943 228 2 0.0999343 0.072619 0.0273153 8 1 8 1
20343 20180 163 9 0.399954 0.380146 0.0198079 7 2 7 2
20962 20793 169 3 0.499975 0.477866 0.0221086 9 0 9 0
21161 21108 53 0 0.199832 0.191844 0.00798736 5 4 5 4
22995 22939 56 8 0.599904 0.590817 0.00908663 6 3 5 3
23059 22912 147 4 0.399979 0.381298 0.0186814 6 3 6 3
23929 23839 90 1 0.299921 0.286798 0.013123 5 4 5 4
24240 24003 237 6 0.0999856 0.0711468 0.0288388 7 2 7 2
25266 25162 104 7 0.499924 0.486409 0.0135157 7 2 5 2
25997 25679 318 5 0.499973 0.463915 0.0360577 8 1 8 1
26591 26476 115 3 0.599927 0.584589 0.0153381 6 3 5 3
27947 27815 132 0 0.599877 0.583245 0.0166318 6 3 6 2
28333 27977 356 8 0.599916 0.556573 0.0433424 8 1 7 1
29058 28810 248 9 0.299909 0.268898 0.0310109 6 3 5 3
29225 28870 355 2 0.399944 0.357591 0.0423527 8 1 8 1
