775 693 82 2 0.899864 0.888324 0.01154 4 0 4 0
1802 1522 280 4 0.799903 0.76683 0.0330728 7 0 7 0
2482 2374 108 6 0.699968 0.686388 0.0135804 6 2 6 2
2521 2358 163 7 0.699978 0.679738 0.0202391 8 0 8 0
2678 2343 335 1 0.699882 0.660462 0.0394204 8 0 8 0
2784 2411 373 3 0.699956 0.653201 0.0467553 6 1 6 1
3422 3094 328 8 0.599977 0.560497 0.0394806 5 4 5 4
3523 3244 279 0 0.599953 0.568196 0.0317577 3 6 3 6
4328 4126 202 5 0.499892 0.476782 0.0231109 5 4 5 4
4493 4149 344 9 0.499991 0.458573 0.0414177 7 1 7 1
5569 5369 200 2 0.499989 0.473239 0.0267497 6 3 5 3
6426 6072 354 4 0.599956 0.557551 0.0424045 5 3 5 3
6586 6246 340 6 0.699901 0.660343 0.0395577 6 3 5 3
7724 7621 103 8 0.699811 0.686769 0.0130427 6 3 6 1
8275 7978 297 7 0.499976 0.464813 0.0351633 6 3 5 3
8440 8206 234 1 0.499899 0.473268 0.0266304 7 2 6 2
8911 8636 275 0 0.599962 0.567615 0.0323471 5 4 5 3
10055 9970 85 3 0.299998 0.287353 0.0126452 7 2 7 2
11775 11560 215 4 0.599979 0.573128 0.0268511 7 2 7 2
12550 12297 253 8 0.599938 0.569812 0.0301269 7 2 6 2
12647 12555 92 9 0.299967 0.289855 0.0101111 8 1 8 1
13558 13215 343 5 0.199907 0.1593 0.0406077 7 2 7 2
14702 14356 346 2 0.199798 0.157469 0.0423291 6 3 6 3
14754 14661 93 7 0.499902 0.487697 0.0122051 4 5 4 4
15518 15390 128 6 0.0999512 0.0820974 0.0178538 7 2 7 2
15857 15562 295 0 0.399971 0.362421 0.0375505 6 3 6 3
16613 16344 269 1 0.299959 0.264161 0.0357976 6 3 6 3
17322 17110 212 3 0.499996 0.475633 0.024363 4 5 4 5
17888 17615 273 4 0.499925 0.466791 0.0331343 6 3 6 3
19913 19584 329 9 0.499967 0.460752 0.0392147 9 0 8 0
20277 20224 53 8 0.299851 0.292393 0.00745815 5 4 5 4
20517 20214 303 5 0.599927 0.562772 0.0371553 6 3 6 2
21627 21408 219 2 0.599995 0.571885 0.0281098 9 0 9 0
21854 21719 135 6 0.699993 0.683567 0.0164257 8 1 6 1
22214 21953 261 3 0.699947 0.668181 0.0317657 7 2 6 1
22243 22160 83 1 0.699959 0.686362 0.0135972 8 1 5 1
24237 24182 55 0 0.299939 0.292354 0.00758545 9 0 9 0
24299 23955 344 5 0.799934 0.759175 0.0407594 7 2 7 1
24359 24160 199 7 0.0998417 0.075774 0.0240677 7 2 7 2
24482 24199 283 4 0.499905 0.46717 0.0327355 8 1 7 1
27323 27128 195 9 0.399989 0.375625 0.024364 5 4 5 4
27566 27355 211 8 0.49993 0.474225 0.0257045 6 3 6 2
27741 27688 53 3 0.49999 0.491673 0.00831738 8 1 5 1
28122 28069 53 6 0.399866 0.391812 0.00805427 9 0 8 0
29336 29116 220 2 0.29992 0.27051 0.0294102 8 1 8 1
29633 29305 328 1 0.299971 0.256073 0.0438978 4 5 4 5
