988 707 281 4 0.89996 0.862474 0.0374864 5 0 5 0
1014 708 306 1 0.899902 0.859286 0.0406163 6 0 6 0
1739 1605 134 2 0.799853 0.782291 0.0175627 6 1 6 1
1848 1516 332 6 0.799915 0.761232 0.038683 6 0 6 0
2545 2371 174 3 0.699933 0.680348 0.0195853 5 2 5 2
3380 3070 310 7 0.599943 0.565597 0.0343456 8 1 8 1
4271 4067 204 8 0.499972 0.476289 0.0236828 8 1 8 1
5033 4908 125 0 0.399895 0.385088 0.0148074 7 2 7 2
5782 5719 63 9 0.299997 0.290482 0.00951478 9 0 9 0
6176 5846 330 2 0.599981 0.563086 0.0368951 9 0 9 0
6737 6495 242 5 0.199987 0.170034 0.0299529 7 2 7 2
7477 7130 347 3 0.599949 0.561502 0.0384472 7 2 7 2
7505 7390 115 1 0.299936 0.285854 0.0140815 7 2 6 2
7626 7323 303 4 0.299999 0.263701 0.0362982 8 1 8 1
8868 8686 182 6 0.299932 0.278317 0.0216153 7 2 7 2
9457 9353 104 7 0.499904 0.483275 0.0166294 5 4 4 4
9891 9756 135 8 0.599988 0.582216 0.0177722 5 4 5 4
11732 11467 265 4 0.899949 0.867939 0.03201 7 2 2 2
11885 11710 175 0 0.499957 0.476859 0.023098 5 4 5 4
12008 11839 169 3 0.699956 0.680272 0.019684 6 3 2 2
12102 11826 276 9 0.599946 0.565964 0.0339824 5 4 4 4
12378 12115 263 2 0.499981 0.467719 0.0322616 5 4 5 4
12971 12893 78 1 0.697384 0.687997 0.00938712 5 4 4 4
14479 14348 131 5 0.499902 0.484459 0.0154433 5 4 5 4
14619 14295 324 6 0.699934 0.659397 0.0405368 8 1 3 1
15065 14861 204 8 0.59999 0.576569 0.0234212 7 2 6 2
15158 14934 224 3 0.799899 0.772843 0.0270564 6 3 3 2
15820 15601 219 4 0.599955 0.57169 0.0282643 7 2 7 2
16615 16550 65 7 0.399942 0.391822 0.0081195 5 4 5 4
17347 17168 179 9 0.599963 0.576606 0.0233566 5 4 4 2
17562 17415 147 0 0.599993 0.581579 0.0184137 5 4 4 4
17733 17491 242 1 0.599968 0.571279 0.0286894 7 2 7 2
18939 18669 270 2 0.499951 0.468406 0.0315448 7 2 6 2
19399 19343 56 3 0.599946 0.591802 0.00814423 5 4 4 4
20634 20339 295 1 0.899918 0.862442 0.0374758 8 1 3 0
21120 20982 138 8 0.49996 0.483721 0.0162385 7 2 6 2
21265 20959 306 6 0.399959 0.36365 0.0363096 6 3 6 3
21850 21559 291 5 0.399934 0.367465 0.0324686 6 3 6 2
22483 22337 146 9 0.599911 0.581531 0.0183793 9 0 9 0
23552 23272 280 7 0.499932 0.465811 0.0341211 7 2 7 1
24617 24278 339 0 0.399942 0.358678 0.0412639 6 3 6 3
24671 24471 200 2 0.599872 0.572809 0.027063 7 2 7 2
25098 25039 59 4 0.0999307 0.0902568 0.00967399 6 3 6 3
25685 25399 286 1 0.499997 0.467042 0.0329549 7 2 7 2
27132 26852 280 3 0.299897 0.26637 0.0335271 9 0 9 0
28434 28161 273 8 0.399979 0.367608 0.032371 7 2 7 2
29531 29445 86 5 0.399902 0.389396 0.0105055 7 2 7 2
29773 29718 55 6 0.299924 0.292601 0.00732333 5 4 5 4
