1816 1576 240 5 0.799911 0.765757 0.0341538 9 0 9 0
2426 2373 53 6 0.699987 0.694175 0.00581161 8 1 8 1
3136 3081 55 4 0.599838 0.591583 0.00825501 8 0 8 0
4026 3805 221 9 0.499968 0.473649 0.0263197 7 2 7 2
4297 4006 291 7 0.49987 0.464183 0.0356868 7 1 6 0
4328 4014 314 2 0.499927 0.463165 0.0367623 6 1 6 1
4463 4098 365 8 0.499981 0.457136 0.0428452 8 0 8 0
4817 4488 329 6 0.899894 0.85861 0.0412837 6 3 2 2
5116 4816 300 1 0.39993 0.362345 0.0375859 5 4 5 4
5270 5184 86 5 0.699937 0.688371 0.0115659 4 5 4 5
5664 5507 157 0 0.299995 0.281842 0.0181529 5 4 5 4
5905 5811 94 3 0.299954 0.286754 0.0131993 4 5 4 5
7327 7096 231 6 0.79998 0.772802 0.0271777 4 5 4 3
7552 7327 225 4 0.699998 0.675149 0.0248487 5 4 5 4
7792 7739 53 2 0.871302 0.863311 0.0079918 5 2 2 1
8384 8207 177 5 0.799945 0.778745 0.0211996 5 4 4 2
9361 9112 249 6 0.899965 0.871261 0.0287035 5 4 3 1
9402 9220 182 2 0.899927 0.876569 0.0233587 4 4 3 4
9423 9008 415 7 0.699815 0.648165 0.0516493 6 3 6 2
9767 9429 338 0 0.899954 0.860317 0.0396362 6 3 5 1
9811 9532 279 9 0.599935 0.568278 0.0316567 7 2 7 2
9971 9660 311 4 0.899919 0.86359 0.0363287 3 6 2 3
11181 10846 335 8 0.499936 0.460171 0.0397649 6 2 6 2
11540 11487 53 2 0.799849 0.792438 0.00741098 4 4 3 2
11944 11745 199 5 0.699941 0.674531 0.02541 8 1 7 1
12273 12046 227 0 0.799894 0.773907 0.025987 9 0 9 0
12310 12126 184 3 0.599908 0.576276 0.0236321 7 2 7 2
12345 12222 123 4 0.799909 0.784034 0.0158751 4 5 3 4
12635 12421 214 9 0.9 0.876274 0.0237259 5 4 3 2
12702 12559 143 7 0.799921 0.781572 0.018349 8 1 5 1
12762 12693 69 1 0.399897 0.392149 0.00774829 6 3 6 3
13474 13184 290 2 0.899936 0.866968 0.0329679 3 5 1 3
14121 14064 57 4 0.899934 0.890874 0.00905995 4 5 4 3
14410 14053 357 6 0.499796 0.453695 0.046101 5 4 5 4
15204 14855 349 3 0.899978 0.857272 0.0427059 8 1 7 1
15973 15644 329 9 0.699933 0.662166 0.0377676 6 3 6 3
15978 15691 287 0 0.699933 0.667443 0.0324904 6 3 6 3
16127 15735 392 5 0.699895 0.651727 0.0481685 7 2 6 2
16932 16860 72 1 0.799827 0.788345 0.0114818 7 2 3 0
16995 16718 277 8 0.599919 0.566613 0.0333067 7 2 7 2
18558 18497 61 7 0.399903 0.390301 0.0096019 8 1 8 1
19303 19164 139 3 0.599966 0.583477 0.0164881 7 2 7 2
19432 19144 288 6 0.699875 0.666873 0.0330014 6 3 6 2
19625 19416 209 1 0.799916 0.774284 0.0256316 8 1 6 1
20080 20021 59 5 0.699928 0.692228 0.00769921 4 5 4 5
20116 19810 306 2 0.299976 0.265011 0.034965 7 2 7 2
20238 20157 81 4 0.299904 0.288499 0.0114053 7 2 7 2
20724 20505 219 8 0.799842 0.772394 0.0274477 6 3 1 1
21630 21402 228 0 0.499973 0.47444 0.0255328 3 6 3 5
21656 21361 295 9 0.499906 0.465167 0.034739 9 0 8 0
22114 21898 216 7 0.899923 0.870023 0.0299005 7 2 3 1
23105 23028 77 5 0.799973 0.787823 0.0121499 2 7 1 4
23343 23112 231 1 0.699941 0.673524 0.0264176 5 4 2 3
23612 23279 333 6 0.69995 0.659046 0.0409045 6 3 3 2
24857 24802 55 2 0.79991 0.792727 0.0071828 8 1 6 0
24907 24603 304 0 0.899977 0.861728 0.0382493 5 4 5 1
25618 25503 115 1 0.899792 0.885031 0.0147602 6 3 4 1
25743 25652 91 4 0.699958 0.686428 0.0135298 7 2 6 2
25986 25801 185 8 0.499951 0.476586 0.0233646 6 3 6 3
26052 25998 54 7 0.599926 0.592154 0.00777202 5 4 5 4
27544 27198 346 9 0.599969 0.559836 0.0401328 7 2 7 2
27839 27748 91 3 0.199901 0.189288 0.010613 9 0 9 0
27928 27872 56 4 0.899898 0.892989 0.0069093 8 1 6 1
28079 27787 292 1 0.799979 0.768964 0.031015 7 2 5 1
28244 28036 208 5 0.499903 0.474952 0.0249516 8 1 8 1
28625 28355 270 6 0.599923 0.568628 0.0312952 8 1 8 1
29875 29661 214 0 0.499998 0.473498 0.0265 8 1 7 1
