806 655 151 2 0.899979 0.883063 0.016916 6 0 6 0
1906 1645 261 1 0.79998 0.769081 0.030899 7 0 7 0
2445 2383 62 8 0.699866 0.691728 0.00813718 8 1 8 1
2580 2409 171 0 0.69999 0.678199 0.021791 9 0 9 0
2698 2380 318 7 0.699914 0.662897 0.0370175 7 1 7 1
3330 3082 248 5 0.599937 0.571908 0.0280288 8 1 8 1
3564 3280 284 9 0.599987 0.566816 0.033171 7 2 7 2
3938 3675 263 1 0.899945 0.870686 0.0292585 6 2 2 2
4118 4032 86 6 0.499818 0.487262 0.0125557 6 3 6 3
5111 4948 163 4 0.399879 0.379203 0.0206761 6 3 6 3
5980 5748 232 3 0.299995 0.272706 0.0272883 6 2 6 2
6194 5930 264 5 0.899956 0.869684 0.030272 8 1 3 0
6517 6350 167 0 0.699902 0.679075 0.0208277 7 2 6 2
7084 7031 53 2 0.299899 0.292041 0.00785816 7 2 6 2
7270 7014 256 1 0.699896 0.668266 0.0316295 6 2 5 1
7284 6974 310 8 0.599984 0.562876 0.0371076 3 6 3 6
7588 7445 143 7 0.599981 0.582969 0.0170122 8 1 7 1
8239 7903 336 9 0.699951 0.658947 0.0410039 5 4 4 4
8807 8646 161 0 0.899891 0.882189 0.0177011 6 3 2 2
9896 9579 317 6 0.599908 0.55922 0.0406878 8 1 7 1
10201 10042 159 5 0.599896 0.57897 0.0209258 6 3 5 3
10340 10241 99 1 0.799995 0.786868 0.013127 8 1 6 1
10977 10729 248 8 0.79995 0.768891 0.0310593 5 4 5 3
11136 10941 195 7 0.799904 0.777195 0.0227089 5 4 5 3
11501 11333 168 9 0.799891 0.78115 0.018741 7 2 6 2
11656 11473 183 3 0.699967 0.678246 0.0217214 6 3 5 3
12732 12679 53 4 0.399933 0.392899 0.00703428 7 2 6 2
12774 12553 221 0 0.599962 0.574069 0.0258933 8 1 8 1
13435 13208 227 9 0.899942 0.872743 0.0271997 8 1 2 1
13664 13360 304 6 0.799995 0.761236 0.0387589 7 2 6 2
14654 14478 176 1 0.599898 0.578993 0.0209056 6 3 5 2
14771 14512 259 5 0.699973 0.670471 0.0295019 6 3 4 1
15212 14840 372 2 0.399913 0.354712 0.0452009 7 2 7 2
15523 15320 203 7 0.599983 0.57382 0.0261628 6 3 5 2
15541 15311 230 8 0.599999 0.571496 0.0285025 6 3 5 3
15711 15473 238 3 0.699902 0.670382 0.0295195 6 3 6 2
18214 18114 100 9 0.499931 0.486291 0.0136399 8 1 7 1
18297 18165 132 8 0.899927 0.8839 0.0160272 6 3 3 0
18868 18739 129 3 0.799989 0.781459 0.0185293 9 0 7 0
19624 19481 143 5 0.599951 0.583169 0.0167815 7 2 7 2
19758 19570 188 0 0.399948 0.37801 0.021938 9 0 9 0
20249 20196 53 4 0.399961 0.39414 0.00582111 8 1 8 1
20622 20442 180 6 0.299969 0.275362 0.0246078 8 1 8 1
20672 20533 139 1 0.499966 0.484668 0.0152975 6 3 5 2
21358 21291 67 8 0.699912 0.689765 0.0101477 5 4 4 4
21990 21935 55 9 0.799953 0.790498 0.00945542 5 4 3 3
22392 22284 108 7 0.399925 0.387218 0.0127067 5 4 5 4
23206 22923 283 2 0.399935 0.366923 0.0330126 5 4 5 4
23315 22995 320 5 0.799836 0.76105 0.0387854 6 3 3 3
24616 24285 331 8 0.799899 0.762019 0.0378808 8 1 5 1
24907 24776 131 3 0.399891 0.381984 0.0179079 6 3 5 3
25134 24813 321 0 0.699989 0.66076 0.0392289 7 2 7 2
25416 25291 125 9 0.699993 0.682972 0.0170204 5 4 4 3
25992 25761 231 7 0.899932 0.874729 0.0252029 5 4 1 1
26133 26033 100 4 0.599939 0.588855 0.0110834 3 6 3 6
26403 26125 278 1 0.599971 0.568276 0.0316952 5 4 4 3
27660 27607 53 5 0.59996 0.591997 0.00796333 6 3 6 3
27834 27718 116 6 0.499902 0.485396 0.0145061 8 1 8 1
28492 28208 284 2 0.699966 0.665946 0.0340203 8 1 8 0
28983 28851 132 7 0.699938 0.684737 0.0152019 6 3 5 3
29101 28953 148 0 0.699936 0.680876 0.0190601 6 3 6 2
29546 29188 358 9 0.699914 0.659031 0.0408821 7 2 7 2
