2718 2474 244 7 0.699942 0.671101 0.0288407 8 0 8 0
3270 3155 115 4 0.599946 0.584212 0.0157337 9 0 9 0
3283 3180 103 3 0.599927 0.586982 0.0129449 7 2 7 2
3324 3205 119 0 0.599956 0.586248 0.0137087 7 2 7 2
3440 3164 276 8 0.59994 0.565953 0.0339871 9 0 9 0
4394 4135 259 2 0.499907 0.468866 0.0310411 8 0 8 0
5120 4894 226 1 0.399951 0.371284 0.0286668 5 4 5 4
5309 4926 383 5 0.399964 0.35323 0.0467338 6 3 6 3
5890 5793 97 9 0.299971 0.287848 0.0121235 5 4 5 4
5904 5758 146 6 0.299923 0.283604 0.016319 4 5 4 5
6035 5858 177 0 0.899943 0.874835 0.0251077 6 3 4 2
8477 8345 132 7 0.499899 0.483297 0.016602 7 2 7 2
8568 8256 312 4 0.599977 0.561866 0.0381108 6 3 5 3
8601 8511 90 8 0.599892 0.588734 0.0111583 4 5 4 5
8614 8248 366 2 0.799938 0.753282 0.0466565 8 1 5 1
8700 8563 137 1 0.899951 0.883614 0.016337 4 5 1 2
9345 9193 152 3 0.499896 0.480902 0.018994 3 6 3 6
10637 10468 169 2 0.89987 0.876405 0.0234653 5 4 3 3
11200 11076 124 8 0.899989 0.884622 0.0153676 6 3 3 1
12532 12404 128 0 0.299901 0.284931 0.01497 6 3 6 3
12534 12092 442 6 0.599987 0.542909 0.0570777 7 2 7 2
12576 12297 279 3 0.899986 0.863237 0.0367491 5 4 3 2
12600 12158 442 5 0.499868 0.442237 0.0576314 7 2 7 2
12993 12828 165 9 0.499931 0.47987 0.020061 5 4 5 4
13017 12749 268 4 0.699979 0.667367 0.0326113 6 3 6 3
13256 13084 172 7 0.699894 0.679931 0.0199627 7 2 6 2
13408 13294 114 1 0.499921 0.486445 0.0134758 5 4 5 4
14155 14083 72 8 0.695437 0.68753 0.00790677 6 3 5 3
14742 14532 210 2 0.599947 0.576028 0.0239187 4 5 3 3
16497 16260 237 0 0.899993 0.870561 0.0294323 7 2 3 1
16800 16742 58 9 0.799962 0.793478 0.00648417 7 2 7 1
16871 16816 55 6 0.69984 0.691958 0.00788206 8 1 8 1
16938 16586 352 5 0.799899 0.760031 0.0398678 7 2 3 2
18251 17894 357 8 0.699976 0.656796 0.0431798 5 4 5 4
18974 18921 53 3 0.29999 0.294176 0.00581345 8 1 8 1
18988 18824 164 1 0.599991 0.579476 0.0205148 8 1 7 1
19170 19057 113 2 0.699899 0.68645 0.0134489 6 3 6 2
19644 19421 223 7 0.399899 0.36879 0.0311087 8 1 8 1
20360 20268 92 4 0.299985 0.288399 0.0115861 7 2 7 2
20522 20389 133 5 0.699961 0.683816 0.0161451 6 3 4 1
21413 21162 251 0 0.499899 0.470718 0.0291814 8 1 7 1
21602 21399 203 6 0.599956 0.571037 0.0289191 7 2 4 2
21922 21724 198 9 0.499982 0.473073 0.0269092 4 5 4 5
22370 22227 143 8 0.699945 0.683099 0.0168459 4 5 2 5
23478 23154 324 1 0.699898 0.663655 0.0362427 3 6 3 5
24085 23932 153 7 0.799904 0.779619 0.0202848 4 5 3 4
24654 24596 58 2 0.499974 0.49182 0.00815432 5 4 4 3
25821 25707 114 1 0.899894 0.885327 0.0145663 6 3 3 0
26441 26121 320 8 0.699984 0.662715 0.037269 7 2 7 2
26740 26483 257 4 0.599967 0.567555 0.0324128 8 1 6 1
27017 26751 266 6 0.599934 0.567128 0.0328055 9 0 8 0
27034 26813 221 3 0.399972 0.369406 0.0305659 6 3 6 3
27059 26771 288 5 0.39994 0.365348 0.0345915 8 1 8 1
27744 27485 259 7 0.699977 0.669052 0.0309249 8 1 6 0
29014 28660 354 0 0.399945 0.356988 0.0429571 5 4 5 4
29332 29006 326 9 0.399947 0.359606 0.0403411 4 5 4 5
29532 29197 335 2 0.699991 0.661007 0.038984 3 6 2 3
29737 29569 168 1 0.599903 0.576809 0.0230936 5 4 4 4
