1670 1617 53 6 0.799919 0.793993 0.00592598 7 0 7 0
2403 2277 126 5 0.699918 0.682034 0.0178835 7 0 7 0
2593 2507 86 4 0.699962 0.688985 0.0109778 6 2 6 1
2653 2400 253 9 0.699927 0.671072 0.0288555 7 0 7 0
3295 3156 139 0 0.599869 0.580529 0.01934 7 2 7 2
4232 4101 131 8 0.499965 0.484099 0.0158653 8 1 8 1
4312 4156 156 1 0.499919 0.480419 0.0194999 7 2 7 2
5187 4996 191 7 0.399959 0.377137 0.0228224 6 2 5 2
5323 4951 372 3 0.399974 0.355333 0.0446409 6 2 6 2
5744 5574 170 2 0.299989 0.280123 0.019866 7 2 7 2
5820 5533 287 4 0.799961 0.767289 0.0326723 6 3 4 1
6679 6567 112 9 0.699921 0.685813 0.014108 5 4 4 4
6769 6631 138 6 0.499971 0.481438 0.018533 6 3 5 3
7271 7062 209 5 0.59991 0.57565 0.0242596 9 0 8 0
7954 7629 325 4 0.899966 0.863278 0.0366882 7 2 2 0
9107 8917 190 1 0.699997 0.673294 0.0267026 7 2 6 2
9683 9464 219 2 0.899901 0.874515 0.0253859 8 1 5 0
9765 9636 129 8 0.599967 0.583423 0.0165436 7 2 6 2
10331 10161 170 4 0.799937 0.775966 0.0239707 6 3 4 2
10676 10401 275 9 0.699925 0.667309 0.0326161 9 0 8 0
11147 10850 297 0 0.299938 0.264891 0.0350469 6 3 6 3
11290 11026 264 2 0.899836 0.865743 0.0340931 5 4 2 4
11376 11320 56 3 0.59995 0.591454 0.00849617 7 2 7 2
11537 11438 99 5 0.699914 0.686977 0.0129372 9 0 8 0
12465 12213 252 6 0.599926 0.567999 0.0319274 5 4 5 3
13794 13507 287 7 0.299965 0.267223 0.0327427 7 2 7 2
14733 14467 266 4 0.599976 0.570589 0.0293869 8 1 7 1
14817 14722 95 3 0.799892 0.787447 0.0124452 6 3 4 2
15337 15160 177 2 0.599921 0.580028 0.0198935 9 0 9 0
15958 15623 335 8 0.499912 0.462107 0.0378048 6 3 6 3
16038 15858 180 0 0.799969 0.779156 0.0208127 5 4 4 3
16238 16184 54 9 0.499986 0.49265 0.00733641 5 4 4 4
16547 16323 224 1 0.299999 0.273603 0.0263959 8 1 8 1
18705 18410 295 6 0.499975 0.46666 0.0333151 6 3 5 3
18869 18684 185 5 0.299911 0.275534 0.0243776 6 3 5 3
19108 19047 61 3 0.599992 0.593309 0.00668353 7 2 7 2
19491 19325 166 7 0.699922 0.680642 0.0192795 8 1 6 1
20006 19953 53 9 0.799959 0.793109 0.00685008 4 5 4 4
20074 19822 252 4 0.599934 0.567301 0.0326324 6 3 6 2
21149 20994 155 0 0.499976 0.480486 0.0194901 6 3 6 3
21662 21431 231 8 0.599938 0.573436 0.0265026 9 0 7 0
23000 22788 212 1 0.599822 0.574561 0.0252614 7 2 7 2
23307 23201 106 3 0.699976 0.686686 0.0132905 8 1 7 1
23446 23307 139 9 0.699985 0.68448 0.0155053 6 3 6 2
23891 23675 216 2 0.199943 0.174783 0.02516 7 2 7 2
24141 24088 53 7 0.599826 0.591808 0.0080174 6 3 6 2
24162 24078 84 0 0.899924 0.88756 0.0123645 7 2 5 1
24361 24259 102 6 0.599938 0.587059 0.0128787 8 1 8 1
25431 25211 220 5 0.599891 0.575509 0.024382 8 1 8 1
25521 25236 285 4 0.599977 0.565967 0.0340095 4 5 4 5
25777 25551 226 9 0.899932 0.872184 0.027748 7 2 2 0
26123 25922 201 8 0.699927 0.676035 0.0238917 8 1 6 1
26793 26450 343 1 0.799905 0.760443 0.0394621 4 5 3 5
27391 27113 278 0 0.699927 0.665088 0.0348391 5 4 5 4
28192 27933 259 9 0.799988 0.771036 0.0289521 8 1 7 1
28225 27883 342 3 0.599909 0.557366 0.0425432 5 4 4 4
28779 28478 301 6 0.699996 0.664177 0.0358189 7 2 6 2
29679 29626 53 0 0.89998 0.893475 0.00650431 7 2 4 0
29723 29444 279 1 0.799897 0.765802 0.0340952 4 5 4 2
29890 29589 301 5 0.699991 0.665898 0.0340927 8 1 8 1
