832 734 98 6 0.899913 0.885421 0.014492 6 0 6 0
950 803 147 0 0.899911 0.879799 0.0201116 5 0 5 0
1705 1569 136 1 0.799992 0.781723 0.0182689 7 1 7 1
1848 1584 264 5 0.799973 0.768381 0.0315924 9 0 9 0
2571 2506 65 9 0.699963 0.692822 0.00714111 9 0 9 0
2963 2894 69 6 0.799915 0.791508 0.00840717 8 1 5 1
3312 3036 276 0 0.799991 0.765634 0.0343572 6 3 5 3
3370 3145 225 4 0.599916 0.571748 0.0281681 7 1 7 1
3468 3113 355 3 0.599941 0.558658 0.0412831 6 3 6 3
3484 3431 53 1 0.899892 0.893 0.00689255 6 3 1 2
4377 4030 347 8 0.499936 0.45837 0.041566 7 2 7 2
4882 4804 78 2 0.399902 0.390824 0.00907874 8 1 8 1
5243 4919 324 7 0.399897 0.361724 0.038173 8 1 8 1
5717 5411 306 9 0.799972 0.764081 0.0358907 6 3 6 3
5762 5415 347 6 0.799939 0.758815 0.0411243 6 3 1 3
5806 5577 229 1 0.799972 0.771118 0.0288543 4 5 3 3
5985 5932 53 4 0.899956 0.894135 0.00582111 5 3 2 2
6142 5979 163 0 0.799905 0.779466 0.0204391 7 2 4 2
6362 6098 264 3 0.89992 0.866679 0.0332414 3 6 2 6
7198 6929 269 5 0.499907 0.46501 0.0348968 1 8 1 8
7819 7538 281 1 0.899954 0.867204 0.0327501 4 5 4 3
8010 7721 289 3 0.899909 0.8659 0.0340094 7 2 4 1
8771 8443 328 6 0.799892 0.760925 0.0389675 6 3 5 2
9351 9063 288 2 0.799938 0.767577 0.0323617 8 1 7 1
9465 9097 368 8 0.699944 0.65541 0.0445338 7 2 6 1
9978 9784 194 4 0.599955 0.57642 0.0235353 6 3 5 3
10775 10400 375 7 0.699998 0.655182 0.0448161 8 1 7 1
11139 11084 55 3 0.699996 0.692764 0.00723161 6 3 4 2
11288 11113 175 2 0.899973 0.879005 0.0209682 7 2 3 1
12574 12461 113 1 0.499951 0.484971 0.0149799 7 2 7 2
12776 12535 241 8 0.799971 0.770574 0.0293978 7 2 5 2
13061 12773 288 5 0.599906 0.564873 0.0350332 8 1 8 0
13920 13666 254 0 0.199958 0.168692 0.0312658 7 2 7 2
14078 14022 56 3 0.799891 0.791991 0.00789985 5 4 5 4
14157 14104 53 9 0.099769 0.0913344 0.00843468 9 0 9 0
14495 14255 240 4 0.699948 0.673258 0.0266898 6 3 6 3
14998 14671 327 7 0.699931 0.662379 0.0375512 7 2 6 2
15114 14804 310 6 0.399912 0.362415 0.037497 9 0 9 0
15344 15095 249 2 0.599961 0.57027 0.0296909 8 1 8 1
17421 17200 221 1 0.699901 0.67371 0.0261913 7 2 4 2
18231 18051 180 7 0.799967 0.777905 0.0220628 8 1 7 1
18333 17992 341 5 0.599919 0.559952 0.0399668 6 3 6 3
18856 18714 142 8 0.39991 0.382445 0.0174646 9 0 8 0
19360 19028 332 3 0.499983 0.461513 0.0384702 9 0 9 0
20122 19995 127 4 0.499896 0.484829 0.0150668 8 1 8 1
20424 20371 53 9 0.699852 0.693791 0.00606084 9 0 7 0
20567 20230 337 6 0.699891 0.662057 0.0378341 6 3 6 3
20681 20589 92 0 0.599917 0.587738 0.0121791 7 2 7 2
20707 20404 303 2 0.599915 0.565703 0.0342113 7 2 7 2
20949 20799 150 7 0.79997 0.782375 0.017595 6 3 4 3
22922 22687 235 5 0.699907 0.671141 0.0287663 6 3 5 1
23122 22907 215 1 0.499964 0.472985 0.0269798 8 1 7 1
23353 23241 112 3 0.799939 0.785298 0.0146415 6 3 6 3
24694 24475 219 6 0.699902 0.671935 0.0279663 6 3 5 3
25153 24982 171 9 0.599914 0.577961 0.0219525 7 2 7 2
25612 25026 586 7 0.599963 0.530259 0.0697044 9 0 9 0
25761 25601 160 4 0.59994 0.579617 0.0203232 7 2 7 2
26089 25921 168 5 0.799901 0.777112 0.0227885 5 4 3 1
26272 26128 144 1 0.899793 0.883625 0.0161678 5 4 3 4
26677 26338 339 8 0.399961 0.360453 0.0395084 5 4 5 4
26793 26645 148 2 0.499957 0.479789 0.0201679 7 2 7 2
26796 26515 281 0 0.499957 0.467117 0.0328396 7 2 7 2
26831 26673 158 3 0.699975 0.678681 0.0212943 5 4 5 3
28565 28430 135 1 0.79993 0.784848 0.0150811 4 5 4 4
29467 29181 286 7 0.799993 0.765767 0.0342258 8 1 6 1
