946 683 263 6 0.899971 0.869985 0.0299857 6 0 6 0
1859 1525 334 1 0.799972 0.76098 0.0389925 7 0 7 0
2481 2381 100 7 0.699998 0.688327 0.0116711 9 0 9 0
2555 2431 124 2 0.699943 0.685476 0.0144669 7 0 7 0
2753 2360 393 0 0.699939 0.650523 0.0494158 8 0 8 0
2784 2438 346 3 0.699875 0.658561 0.0413139 8 1 8 1
3385 3326 59 9 0.599997 0.59237 0.0076268 6 3 6 3
3455 3157 298 4 0.59995 0.564801 0.035149 4 4 4 4
4300 4001 299 6 0.699992 0.664659 0.0353338 5 1 5 1
5180 4856 324 5 0.399984 0.360393 0.0395902 7 2 7 2
5619 5440 179 2 0.799995 0.778372 0.0216229 6 2 3 2
5874 5625 249 8 0.2999 0.269504 0.030396 7 1 7 1
6027 5877 150 0 0.799781 0.779039 0.0207416 8 1 7 1
7051 6910 141 4 0.799933 0.782536 0.0173977 6 3 6 3
7348 7075 273 1 0.4999 0.46945 0.0304495 8 1 8 1
8586 8414 172 9 0.599989 0.580712 0.0192773 8 1 7 1
8595 8386 209 3 0.499991 0.474803 0.0251876 8 1 7 1
8992 8750 242 7 0.399938 0.371496 0.0284413 7 2 7 2
9937 9727 210 8 0.899977 0.873674 0.0263033 7 2 5 2
10544 10207 337 0 0.599921 0.557678 0.0422432 6 3 5 2
10941 10704 237 2 0.499894 0.470185 0.0297089 4 5 4 5
11397 11342 55 4 0.599977 0.59099 0.00898724 4 5 3 4
12061 12008 53 9 0.799844 0.79374 0.0061039 6 3 3 2
12373 12122 251 8 0.799907 0.768935 0.0309719 6 3 4 2
12530 12421 109 6 0.199997 0.18561 0.0143874 6 3 6 3
12853 12702 151 1 0.599951 0.580804 0.019147 7 2 5 2
13561 13264 297 7 0.799959 0.762041 0.0379181 6 3 3 3
13818 13669 149 5 0.299894 0.281801 0.0180934 7 2 7 1
15013 14814 199 0 0.699994 0.674598 0.0253965 5 4 5 4
15308 14970 338 3 0.499896 0.460176 0.0397193 5 4 3 4
15797 15570 227 4 0.699976 0.669349 0.0306275 5 4 4 4
16155 15903 252 8 0.699895 0.665539 0.0343558 6 3 5 2
16503 16254 249 9 0.599924 0.568061 0.0318624 6 3 6 3
16595 16348 247 2 0.6 0.571024 0.0289763 6 3 6 3
17368 17060 308 1 0.699954 0.663298 0.0366564 6 3 3 3
17568 17474 94 5 0.899864 0.88623 0.0136341 5 4 2 3
18006 17911 95 7 0.599987 0.588139 0.011848 5 4 4 3
18199 18005 194 0 0.799936 0.774808 0.0251279 5 4 4 4
18601 18375 226 6 0.699988 0.673403 0.0265847 6 3 5 3
19623 19241 382 2 0.899894 0.853276 0.0466182 7 2 2 1
20722 20470 252 1 0.79995 0.771156 0.0287939 7 2 4 1
21696 21363 333 7 0.799902 0.758322 0.0415804 8 1 6 0
21753 21477 276 3 0.499909 0.466831 0.0330786 7 2 6 1
21911 21578 333 5 0.599978 0.560876 0.0391014 9 0 9 0
22081 21752 329 8 0.49997 0.459488 0.0404822 7 2 6 2
22739 22396 343 0 0.599973 0.56011 0.0398629 7 2 7 2
22743 22466 277 9 0.499836 0.467688 0.0321476 8 1 7 1
23084 22960 124 4 0.299913 0.284475 0.0154379 6 3 6 3
23571 23293 278 6 0.599895 0.568085 0.0318099 4 5 4 5
23622 23338 284 1 0.79976 0.767021 0.0327386 6 3 2 3
23722 23570 152 2 0.599893 0.579188 0.0207054 5 4 5 4
25012 24843 169 3 0.899987 0.878677 0.0213103 4 5 1 3
25291 25141 150 8 0.899914 0.881461 0.018453 6 3 2 2
25364 25162 202 7 0.699981 0.675909 0.0240715 7 2 5 2
26601 26299 302 2 0.899906 0.86447 0.0354368 4 5 0 1
28044 27957 87 3 0.699907 0.690266 0.00964069 8 1 8 0
28408 28275 133 5 0.399961 0.383346 0.0166147 9 0 9 0
28606 28273 333 9 0.599918 0.558726 0.0411918 9 0 8 0
28924 28732 192 1 0.499971 0.475984 0.0239868 9 0 9 0
29312 29047 265 8 0.599924 0.569421 0.0305026 5 4 5 3
29774 29574 200 2 0.699885 0.677105 0.02278 6 3 6 2
