1788 1658 130 3 0.799893 0.783152 0.016741 8 0 8 0
2555 2444 111 6 0.69996 0.687759 0.0122011 6 0 6 0
2788 2439 349 9 0.699964 0.658876 0.0410884 8 1 8 1
3302 3194 108 8 0.59994 0.58658 0.0133601 8 0 8 0
3386 3235 151 1 0.599995 0.581194 0.0188013 7 2 7 2
3417 3216 201 0 0.599975 0.575867 0.0241077 7 0 7 0
3471 3148 323 5 0.599991 0.562761 0.0372306 8 0 8 0
3483 3253 230 7 0.599943 0.572435 0.0275081 7 1 7 1
3540 3201 339 2 0.599891 0.560147 0.0397439 8 1 8 1
5294 4968 326 4 0.399929 0.362141 0.0377882 8 1 8 1
6137 5967 170 0 0.899968 0.881143 0.0188257 7 1 5 1
6674 6310 364 6 0.699918 0.656504 0.0434139 8 0 6 0
6842 6625 217 8 0.799952 0.77296 0.0269913 8 1 7 1
7115 6840 275 3 0.499932 0.466016 0.033916 7 2 7 2
7885 7609 276 9 0.599984 0.565466 0.0345174 7 2 6 2
7903 7735 168 7 0.69999 0.681007 0.0189833 5 4 4 4
8518 8282 236 0 0.799966 0.77294 0.0270267 8 1 4 0
8801 8748 53 4 0.899977 0.890967 0.00900912 6 3 4 2
8912 8544 368 5 0.599955 0.557262 0.042693 7 2 7 2
10205 10058 147 1 0.399945 0.38065 0.0192941 7 2 7 2
10369 10165 204 3 0.899995 0.87378 0.0262151 6 3 4 1
10549 10287 262 2 0.399922 0.367832 0.0320901 8 1 8 1
10804 10572 232 6 0.69997 0.670137 0.029833 6 3 5 3
12150 11937 213 8 0.499961 0.473101 0.0268605 8 1 7 1
12354 12002 352 0 0.699959 0.657232 0.0427264 8 1 4 1
12898 12496 402 4 0.599958 0.551054 0.0489033 8 1 8 1
13228 12897 331 9 0.599959 0.558403 0.0415565 4 5 4 4
13359 13287 72 3 0.699846 0.690268 0.0095779 6 3 3 3
13574 13217 357 5 0.699982 0.657457 0.0425254 2 7 2 6
14938 14710 228 6 0.699906 0.671869 0.0280361 7 2 4 1
15040 14871 169 7 0.299915 0.27947 0.0204452 7 2 7 2
15142 14760 382 2 0.799953 0.750292 0.0496607 6 3 2 2
15308 15125 183 8 0.899915 0.87761 0.0223052 5 4 1 3
15610 15414 196 0 0.799941 0.775755 0.0241853 5 4 3 4
16685 16405 280 4 0.799965 0.765995 0.0339705 7 2 5 2
17002 16662 340 9 0.799949 0.758865 0.041084 7 2 5 1
17508 17367 141 0 0.899947 0.884319 0.0156283 6 3 4 0
17554 17500 54 5 0.699956 0.692534 0.00742179 4 5 4 3
17620 17452 168 8 0.799945 0.780453 0.0194917 8 1 7 0
18106 17776 330 1 0.399917 0.358725 0.0411919 5 4 4 4
18178 17939 239 3 0.599955 0.57019 0.0297647 4 5 3 5
18774 18686 88 2 0.699908 0.688378 0.0115298 6 3 5 2
19709 19637 72 7 0.792054 0.783607 0.00844761 5 4 4 3
19718 19664 54 5 0.899897 0.893966 0.00593111 5 4 3 2
19839 19686 153 9 0.799934 0.783113 0.0168211 8 1 5 1
20454 20144 310 4 0.699907 0.66217 0.0377369 7 2 6 2
20577 20389 188 6 0.499929 0.475448 0.0244802 4 5 4 5
21286 21012 274 8 0.699928 0.666464 0.0334645 8 1 7 1
21937 21561 376 9 0.89991 0.854138 0.0457717 8 1 3 1
22729 22457 272 1 0.799892 0.768621 0.0312715 4 5 2 3
23056 22914 142 0 0.399918 0.379907 0.0200106 6 3 6 3
24356 24303 53 8 0.799936 0.793623 0.0063123 6 3 6 3
24380 24139 241 3 0.499935 0.467766 0.0321693 9 0 9 0
24410 24185 225 2 0.499904 0.471516 0.0283879 8 1 8 1
24565 24225 340 9 0.799862 0.7597 0.0401622 8 1 8 1
24719 24389 330 4 0.699958 0.660655 0.0393028 7 2 7 1
24865 24791 74 7 0.478054 0.469443 0.00861067 8 1 7 1
25213 25136 77 5 0.399932 0.388312 0.0116195 7 2 7 2
25479 25260 219 6 0.699958 0.674074 0.0258841 5 4 5 3
27084 26950 134 1 0.599937 0.580763 0.0191747 3 6 2 5
27572 27248 324 9 0.799939 0.762435 0.0375045 6 3 4 3
28014 27829 185 4 0.799955 0.776581 0.0233746 7 2 6 2
28175 27861 314 7 0.899971 0.862246 0.0377253 9 0 5 0
28591 28244 347 2 0.799899 0.756051 0.0438485 7 2 4 2
29063 28764 299 0 0.599915 0.561065 0.0388496 8 1 7 1
29414 29072 342 3 0.699954 0.659589 0.0403647 7 2 7 2
