850 797 53 7 0.89996 0.892729 0.00723093 5 0 5 0
910 815 95 5 0.89989 0.889172 0.0107181 6 0 6 0
1877 1484 393 0 0.799944 0.751546 0.0483985 7 1 7 1
2644 2357 287 6 0.699891 0.66647 0.0334215 8 1 8 1
2658 2385 273 9 0.699997 0.666227 0.0337704 8 0 8 0
2766 2481 285 8 0.699899 0.664829 0.0350705 8 1 8 1
3345 3233 112 1 0.599963 0.586649 0.013314 7 2 7 2
3414 3214 200 3 0.59994 0.575271 0.0246697 6 3 6 3
3428 3224 204 4 0.599977 0.573768 0.0262084 7 2 7 2
4179 3828 351 5 0.699915 0.657534 0.0423805 4 4 3 4
4878 4599 279 7 0.59989 0.564511 0.0353792 7 2 7 2
5203 5022 181 8 0.899963 0.876538 0.0234249 7 2 1 1
5877 5672 205 2 0.299994 0.275497 0.024497 8 1 8 1
6735 6515 220 9 0.699999 0.673605 0.0263941 6 3 6 3
7409 7356 53 8 0.799934 0.791882 0.00805193 9 0 7 0
8052 7740 312 0 0.399924 0.363667 0.0362563 7 2 7 2
8366 8140 226 6 0.499975 0.472637 0.0273378 7 2 7 2
8684 8499 185 3 0.599939 0.578363 0.0215751 8 1 7 1
8690 8375 315 7 0.799935 0.762198 0.0377371 6 3 3 3
8708 8511 197 4 0.599989 0.574476 0.0255128 8 1 6 1
9325 9060 265 8 0.899875 0.867022 0.032853 8 1 2 1
9542 9193 349 1 0.499916 0.456893 0.0430233 4 5 4 5
10503 10411 92 5 0.399863 0.387902 0.0119611 5 4 5 4
11784 11582 202 8 0.799925 0.777444 0.0224814 6 3 6 3
12370 12183 187 9 0.499973 0.479412 0.0205611 7 2 7 2
12408 12048 360 3 0.799888 0.754585 0.0453029 7 2 6 2
12459 12119 340 7 0.699912 0.659778 0.040134 7 2 5 1
12466 12355 111 0 0.799913 0.7841 0.0158136 7 2 7 1
13261 13023 238 2 0.499984 0.473106 0.0268784 7 2 4 2
13974 13761 213 6 0.599943 0.573633 0.0263096 7 2 7 2
16058 15837 221 0 0.699939 0.67096 0.0289788 9 0 9 0
16093 15909 184 1 0.499899 0.476861 0.0230376 8 1 8 1
16337 15998 339 8 0.599847 0.558912 0.0409356 8 1 8 1
17107 17054 53 4 0.199921 0.191439 0.00848154 8 1 8 1
17116 16797 319 3 0.599981 0.561337 0.038644 9 0 8 0
17218 17034 184 9 0.699976 0.67873 0.0212462 8 1 8 1
18170 17904 266 5 0.399977 0.368717 0.0312598 8 1 8 1
18193 18044 149 7 0.499968 0.481399 0.0185691 4 5 4 4
18474 18262 212 6 0.699904 0.6735 0.0264048 3 6 2 5
18989 18833 156 2 0.599992 0.580168 0.0198244 4 5 4 5
19386 19077 309 0 0.799996 0.761989 0.0380073 5 4 5 4
21720 21521 199 8 0.599992 0.577628 0.0223644 8 1 7 0
22091 21977 114 7 0.799965 0.787235 0.0127297 7 2 6 1
22279 22069 210 4 0.799931 0.775703 0.0242281 7 2 5 1
22468 22315 153 2 0.799908 0.780084 0.0198239 5 4 4 1
22486 22345 141 5 0.799995 0.782626 0.0173683 7 2 7 1
22632 22301 331 3 0.599936 0.560042 0.0398942 6 3 6 3
22673 22351 322 1 0.499987 0.461974 0.0380128 7 2 7 2
22973 22703 270 9 0.49995 0.468579 0.0313704 8 1 7 1
23950 23721 229 7 0.899864 0.869764 0.0301003 8 1 2 1
23980 23642 338 0 0.599953 0.55869 0.0412631 5 4 5 4
24143 24027 116 4 0.899932 0.886555 0.013377 6 3 2 1
25113 25060 53 5 0.799929 0.792545 0.00738441 8 1 4 0
25416 25100 316 8 0.799987 0.760416 0.0395713 5 4 3 3
25491 25291 200 3 0.899967 0.8759 0.0240665 5 4 4 2
25960 25873 87 2 0.699958 0.685607 0.0143504 6 3 4 2
26376 26232 144 4 0.799995 0.780516 0.0194793 5 4 4 2
26668 26571 97 6 0.199772 0.186769 0.0130026 6 3 6 3
28267 28057 210 1 0.599916 0.572881 0.0270353 7 2 6 2
28309 28213 96 0 0.699967 0.688794 0.0111727 9 0 7 0
28429 28374 55 5 0.699802 0.692294 0.00750797 8 1 7 1
28485 28397 88 3 0.699897 0.687864 0.0120333 7 2 5 2
29348 29241 107 9 0.499891 0.487513 0.0123774 7 2 6 2
29960 29826 134 4 0.699964 0.67964 0.0203237 5 4 5 3
