919 781 138 3 0.899997 0.884804 0.0151928 6 0 6 0
1080 731 349 5 0.899891 0.85937 0.0405209 3 0 3 0
1715 1618 97 8 0.799918 0.78694 0.012978 7 2 7 2
2481 2425 56 0 0.699952 0.692105 0.00784769 7 1 7 1
2642 2423 219 7 0.699903 0.672906 0.0269969 6 1 6 1
2653 2380 273 4 0.699991 0.667542 0.032449 7 0 7 0
3340 3286 54 1 0.599945 0.593643 0.0063017 7 1 7 1
3481 3193 288 9 0.599931 0.5651 0.0348306 5 3 5 3
4320 4060 260 2 0.499965 0.466101 0.0338642 9 0 9 0
4486 4289 197 8 0.79992 0.774152 0.0257674 4 5 3 4
4517 4129 388 6 0.499887 0.451138 0.0487497 7 1 7 1
4841 4742 99 3 0.599947 0.585971 0.0139766 6 2 6 2
5162 5040 122 5 0.599988 0.584844 0.015144 6 2 5 2
5870 5760 110 4 0.799906 0.785952 0.0139536 5 3 1 3
7199 7058 141 0 0.59997 0.579539 0.0204309 9 0 7 0
8562 8210 352 1 0.59994 0.555818 0.0441222 9 0 9 0
8894 8664 230 9 0.599992 0.570976 0.0290162 6 3 6 3
9112 9012 100 7 0.399899 0.386821 0.0130783 6 3 6 3
9351 9234 117 5 0.699899 0.684681 0.0152184 5 4 5 4
9393 9064 329 2 0.699936 0.659147 0.0407885 8 1 7 1
9400 9199 201 4 0.699914 0.675267 0.0246468 7 2 6 2
10830 10706 124 3 0.499964 0.483719 0.0162451 7 2 7 2
10850 10606 244 0 0.799849 0.769306 0.0305427 7 2 3 2
11137 11084 53 8 0.299834 0.292719 0.00711453 9 0 9 0
12355 12054 301 1 0.799958 0.761877 0.0380814 7 2 5 2
12551 12240 311 9 0.799962 0.762874 0.0370884 6 3 5 1
12750 12416 334 4 0.799849 0.758806 0.0410429 5 4 3 4
12847 12618 229 6 0.29991 0.271696 0.0282134 4 5 4 5
13562 13300 262 2 0.699983 0.670023 0.0299598 7 2 4 2
14151 14012 139 5 0.599997 0.581742 0.0182551 6 3 6 3
14490 14122 368 7 0.699787 0.653784 0.0460028 7 2 6 2
15355 15127 228 0 0.599982 0.57231 0.0276719 6 3 6 3
15472 15351 121 4 0.799957 0.783986 0.0159715 6 3 6 3
15476 15209 267 9 0.799881 0.769497 0.0303839 6 3 4 1
16413 16195 218 3 0.599905 0.57017 0.0297357 5 4 5 4
17107 16752 355 7 0.89992 0.851219 0.0487001 7 2 3 0
17844 17496 348 2 0.699956 0.656672 0.0432841 6 3 6 3
18052 17987 65 9 0.799894 0.790252 0.00964264 7 2 5 1
18672 18370 302 1 0.399954 0.365132 0.0348218 7 2 7 2
18778 18403 375 5 0.699944 0.655922 0.0440218 6 3 6 3
19016 18830 186 4 0.699989 0.678321 0.0216676 6 3 6 3
20007 19849 158 6 0.499976 0.480629 0.0193471 7 2 7 1
20138 19871 267 3 0.799901 0.768883 0.0310189 5 4 4 2
20164 20111 53 2 0.899925 0.893603 0.00632223 7 2 3 1
21083 20708 375 8 0.199956 0.152347 0.047609 6 3 6 3
21218 21101 117 7 0.599941 0.583866 0.0160752 5 4 4 4
23227 22981 246 6 0.899915 0.872071 0.0278447 6 3 1 1
24042 23901 141 2 0.599965 0.584131 0.0158338 7 2 6 2
24112 23826 286 0 0.199894 0.166264 0.0336304 7 2 7 2
24664 24354 310 5 0.499988 0.460949 0.039039 7 2 7 2
24732 24606 126 1 0.599936 0.583588 0.0163479 7 2 7 2
24953 24715 238 9 0.299912 0.272234 0.0276774 7 2 7 2
25374 25236 138 3 0.499997 0.483089 0.0169082 7 2 7 2
25446 25278 168 4 0.399951 0.378837 0.0211133 6 3 6 3
25475 25420 55 6 0.799943 0.791269 0.00867411 3 6 2 5
25543 25440 103 7 0.699964 0.687756 0.0122082 6 3 6 2
26410 26240 170 8 0.799954 0.779838 0.0201153 6 3 2 2
28144 28012 132 6 0.799973 0.783306 0.016667 3 6 3 5
28283 28202 81 2 0.699806 0.686625 0.0131814 9 0 7 0
29200 28919 281 1 0.699947 0.663001 0.0369465 6 3 5 3
29493 29242 251 0 0.799946 0.768029 0.0319173 7 2 5 0
29659 29368 291 5 0.699894 0.664968 0.0349263 8 1 6 1
29809 29665 144 4 0.799999 0.784024 0.0159743 6 3 5 2
29885 29634 251 9 0.799942 0.769524 0.0304186 8 1 5 1
