809 755 54 3 0.899948 0.893097 0.00685127 5 0 5 0
1773 1598 175 6 0.799977 0.77905 0.0209265 5 0 5 0
1948 1662 286 0 0.799932 0.76465 0.0352818 6 0 6 0
1955 1555 400 7 0.799929 0.747943 0.0519865 8 0 8 0
2509 2386 123 2 0.699929 0.684807 0.0151225 6 1 6 1
2638 2454 184 4 0.699915 0.677731 0.0221839 8 1 8 1
2981 2875 106 3 0.799961 0.786924 0.0130372 6 2 5 2
3363 3241 122 5 0.59995 0.584772 0.0151783 5 4 5 4
3641 3303 338 8 0.599915 0.561854 0.0380613 6 3 6 3
4292 4063 229 1 0.499976 0.474133 0.0258433 7 1 7 1
4760 4377 383 6 0.799919 0.751956 0.0479631 6 1 6 1
4940 4824 116 9 0.399997 0.384151 0.0158462 6 3 6 3
5595 5540 55 4 0.799986 0.791331 0.0086543 6 3 3 3
6241 5937 304 5 0.89998 0.863895 0.036085 6 3 2 1
6381 6267 114 0 0.599967 0.586162 0.0138055 5 3 5 3
6475 6239 236 2 0.699981 0.671589 0.0283923 6 3 6 3
7413 7166 247 7 0.499956 0.47015 0.0298055 6 3 6 3
7439 7162 277 3 0.599921 0.566064 0.0338567 8 1 7 1
8219 8097 122 1 0.799926 0.783939 0.0159869 6 2 4 2
8266 7923 343 8 0.69998 0.661172 0.0388083 5 4 5 3
8528 8341 187 9 0.899975 0.878523 0.0214516 5 4 1 2
9979 9755 224 0 0.799905 0.775115 0.0247902 8 1 6 1
10996 10941 55 5 0.499922 0.492969 0.00695336 9 0 8 0
11543 11393 150 4 0.399973 0.383355 0.0166183 9 0 9 0
11711 11654 57 6 0.299973 0.291953 0.00802011 8 1 8 1
11775 11561 214 9 0.699976 0.674476 0.0254994 8 1 8 1
11896 11567 329 1 0.69993 0.658684 0.0412457 7 2 7 1
12044 11909 135 2 0.499953 0.481414 0.018539 5 4 5 4
12520 12218 302 8 0.699959 0.663399 0.0365596 7 2 6 2
14583 14273 310 0 0.599983 0.559347 0.0406365 5 4 5 4
14924 14568 356 7 0.399892 0.358586 0.041306 7 2 7 2
15198 14869 329 3 0.299992 0.263121 0.036871 6 3 6 3
15705 15599 106 8 0.799987 0.785885 0.0141023 5 4 3 3
17203 17075 128 5 0.499949 0.482156 0.0177928 5 4 4 4
17421 17294 127 9 0.499926 0.484934 0.0149926 8 1 8 1
17523 17405 118 1 0.499912 0.484429 0.0154835 6 3 6 3
17818 17540 278 2 0.59993 0.566968 0.0329623 7 2 7 2
18141 18079 62 0 0.799914 0.79226 0.0076548 6 3 4 2
18313 17971 342 6 0.599991 0.558804 0.0411876 8 1 7 1
19446 19129 317 4 0.4 0.36327 0.0367295 5 4 5 4
20181 20092 89 7 0.699931 0.688154 0.0117771 7 2 4 0
20212 19923 289 8 0.599951 0.562969 0.0369821 6 3 5 3
21680 21501 179 3 0.599898 0.577405 0.0224925 5 4 5 4
21733 21464 269 0 0.699958 0.664968 0.03499 7 2 6 2
22002 21780 222 5 0.699954 0.674163 0.0257909 6 3 5 2
22232 22043 189 1 0.699968 0.677512 0.0224557 6 3 5 3
23286 23082 204 7 0.799962 0.775091 0.0248708 5 4 4 4
23994 23801 193 2 0.499774 0.477732 0.0220421 9 0 8 0
24779 24520 259 4 0.699833 0.666741 0.0330926 6 3 6 2
25134 25076 58 6 0.399893 0.392134 0.00775903 6 3 6 3
25336 25272 64 8 0.599997 0.59179 0.00820704 9 0 9 0
25386 25061 325 7 0.899901 0.862175 0.0377261 6 3 2 0
25913 25827 86 3 0.699889 0.688223 0.0116655 5 4 4 4
26337 26013 324 9 0.199956 0.161952 0.0380037 7 2 7 2
26562 26456 106 0 0.599895 0.584785 0.0151105 8 1 8 1
26753 26699 54 5 0.599995 0.592983 0.00701149 7 2 5 2
28146 27866 280 4 0.799937 0.766083 0.0338544 5 4 3 3
28542 28406 136 7 0.699936 0.683904 0.0160319 7 2 6 1
28659 28446 213 1 0.399933 0.375367 0.0245657 5 4 5 4
28926 28659 267 8 0.799996 0.770008 0.0299885 9 0 5 0
28944 28883 61 3 0.799982 0.790557 0.00942527 4 5 3 5
29740 29451 289 2 0.599955 0.562126 0.0378286 6 3 6 3
