830 762 68 5 0.899983 0.891019 0.00896439 8 0 8 0
953 799 154 7 0.899954 0.879458 0.0204957 8 0 7 0
1598 1522 76 9 0.799789 0.789736 0.0100527 8 1 8 1
1755 1605 150 6 0.799972 0.780786 0.0191861 9 0 9 0
2392 2046 346 5 0.899958 0.859016 0.0409418 9 0 8 0
2518 2433 85 1 0.699918 0.690577 0.00934111 9 0 9 0
2721 2389 332 0 0.699983 0.662715 0.0372687 8 1 8 1
3531 3284 247 2 0.599948 0.570233 0.0297149 8 1 8 1
4364 4016 348 4 0.49996 0.459604 0.0403557 6 3 6 3
5062 4721 341 7 0.599976 0.556323 0.0436526 6 3 6 3
5882 5690 192 8 0.299957 0.276818 0.023139 6 3 6 3
5926 5715 211 3 0.299943 0.275577 0.024366 7 2 7 2
5937 5756 181 0 0.799894 0.777756 0.0221377 6 3 6 3
6430 6286 144 5 0.599992 0.584161 0.0158311 6 3 6 3
6520 6249 271 1 0.699964 0.669731 0.0302336 7 2 6 2
6870 6768 102 6 0.499898 0.486322 0.0135758 4 5 4 5
6987 6591 396 9 0.499867 0.452185 0.0476818 9 0 9 0
8850 8496 354 0 0.79999 0.755773 0.0442175 4 5 3 5
9764 9385 379 7 0.69989 0.656172 0.0437182 4 5 4 5
9967 9800 167 5 0.799912 0.777443 0.0224692 6 3 5 3
10014 9856 158 4 0.599916 0.579479 0.0204377 5 4 5 4
10029 9698 331 8 0.899885 0.861112 0.0387735 5 4 5 2
10528 10354 174 2 0.399983 0.380836 0.019147 7 2 7 2
10677 10327 350 1 0.699954 0.657743 0.0422103 6 3 6 3
10827 10609 218 6 0.799904 0.773883 0.0260205 7 2 6 1
10857 10711 146 0 0.899944 0.882526 0.0174184 7 2 4 1
11957 11694 263 9 0.699959 0.668442 0.0315169 5 4 5 4
13103 12933 170 1 0.899995 0.878534 0.021461 8 1 5 1
13430 13347 83 4 0.799901 0.789356 0.0105449 7 2 7 1
13733 13664 69 7 0.699907 0.689838 0.010069 7 2 7 2
13996 13927 69 3 0.399863 0.390796 0.00906672 8 1 8 1
14228 14127 101 5 0.59997 0.588427 0.0115434 7 2 7 2
14725 14672 53 0 0.599999 0.591578 0.00842114 6 3 5 3
15081 14719 362 8 0.499978 0.456036 0.043942 7 2 7 2
15127 14987 140 6 0.599953 0.582344 0.0176092 7 2 7 2
15392 15118 274 4 0.899946 0.868925 0.0310207 7 2 3 1
15789 15542 247 2 0.699956 0.671783 0.0281725 3 6 3 6
16349 16122 227 1 0.699932 0.671236 0.0286954 6 3 4 3
16908 16753 155 4 0.899934 0.88 0.0199343 4 5 3 4
17627 17568 59 9 0.499952 0.492119 0.00783293 7 2 7 2
18213 18160 53 3 0.799939 0.79407 0.00586893 8 1 6 1
18291 17959 332 2 0.899938 0.857087 0.0428505 7 2 7 1
18529 18474 55 7 0.599921 0.591475 0.00844568 7 2 7 2
18593 18529 64 6 0.799973 0.792241 0.00773193 6 3 6 3
18878 18551 327 1 0.899982 0.860974 0.0390084 6 3 5 1
19491 19145 346 5 0.599979 0.558311 0.0416678 5 4 5 4
20068 19713 355 0 0.599972 0.556303 0.0436698 6 3 6 3
20774 20685 89 4 0.59996 0.587543 0.0124174 6 3 6 3
20945 20585 360 9 0.899996 0.85606 0.0439368 7 2 5 2
21503 21449 54 3 0.699789 0.691989 0.00780043 5 4 5 4
21786 21444 342 8 0.499982 0.460239 0.0397429 6 3 6 3
22172 21936 236 6 0.699946 0.668954 0.0309916 6 3 6 3
22444 22194 250 2 0.599949 0.571572 0.0283769 5 4 5 4
23689 23547 142 1 0.499873 0.481698 0.0181745 6 3 6 3
23746 23515 231 0 0.799933 0.770187 0.0297461 8 1 6 1
24326 24066 260 9 0.699969 0.667071 0.0328983 8 1 6 1
24963 24563 400 5 0.599829 0.551236 0.048593 5 4 5 3
25893 25765 128 4 0.599763 0.583739 0.0160242 7 2 7 2
26209 26012 197 7 0.299908 0.27496 0.0249486 6 3 6 3
26418 26068 350 6 0.69994 0.656712 0.0432279 6 3 6 3
26629 26495 134 8 0.699916 0.681555 0.0183614 5 4 5 4
27818 27711 107 3 0.399891 0.38813 0.0117611 7 2 7 2
28155 28100 55 9 0.699972 0.692885 0.00708693 6 3 6 3
28880 28781 99 0 0.499945 0.488777 0.0111677 7 2 7 2
29307 29081 226 1 0.599917 0.572296 0.0276202 7 2 7 2
29488 29201 287 2 0.399914 0.364466 0.0354478 7 2 7 2
