984 833 151 9 0.899922 0.878109 0.0218127 9 0 9 0
2408 2339 69 7 0.699924 0.691593 0.00833125 9 0 9 0
2436 2378 58 1 0.699946 0.692268 0.00767725 8 1 8 1
2523 2355 168 5 0.699937 0.680958 0.0189799 9 0 9 0
2572 2444 128 0 0.699921 0.684755 0.0151666 8 1 8 1
2670 2417 253 3 0.69989 0.670742 0.0291482 9 0 9 0
3323 3257 66 2 0.59995 0.592633 0.00731754 5 4 5 4
4228 3953 275 6 0.499984 0.465965 0.0340191 8 1 8 1
4856 4644 212 5 0.899865 0.872412 0.0274536 8 1 6 1
5055 4824 231 8 0.399913 0.372357 0.0275566 6 3 6 3
5085 4864 221 4 0.399899 0.374741 0.0251585 6 3 6 3
5908 5629 279 9 0.499966 0.465196 0.0347702 8 1 8 1
6378 6200 178 1 0.699983 0.676076 0.0239067 7 2 7 2
6382 6202 180 7 0.699905 0.678312 0.0215935 6 3 5 3
6473 6247 226 5 0.8999 0.874131 0.0257689 7 2 4 2
6516 6251 265 0 0.699911 0.668551 0.0313601 8 1 5 1
7724 7382 342 3 0.599912 0.559905 0.0400073 7 2 6 2
8359 8090 269 6 0.799991 0.768584 0.0314072 6 3 6 3
8600 8529 71 7 0.899937 0.891299 0.00863823 8 1 4 1
8777 8611 166 5 0.799915 0.779186 0.0207293 6 3 6 3
9671 9514 157 0 0.799975 0.780359 0.0196161 6 3 6 2
9677 9380 297 1 0.799956 0.762708 0.0372484 6 3 5 2
10123 10017 106 2 0.399959 0.388002 0.0119571 8 1 8 1
10446 10073 373 8 0.699932 0.654909 0.0450237 7 2 6 2
11324 11035 289 4 0.599989 0.567387 0.0326013 7 2 7 2
11595 11348 247 0 0.899986 0.867827 0.0321597 5 4 4 2
11773 11492 281 9 0.599969 0.565382 0.0345874 7 2 7 2
12710 12629 81 6 0.599945 0.587713 0.0122321 5 4 5 3
13402 13159 243 7 0.499969 0.473538 0.0264314 6 3 6 3
13547 13440 107 2 0.899935 0.883021 0.0169142 6 3 3 3
13581 13143 438 1 0.699962 0.646094 0.0538678 7 2 7 2
14004 13769 235 0 0.799974 0.769748 0.0302257 4 5 4 5
14436 13822 614 5 0.499835 0.416016 0.0838193 7 2 6 2
14436 14381 55 8 0.699981 0.692372 0.00760902 4 5 4 4
14632 14521 111 3 0.399999 0.383771 0.0162275 6 3 6 3
15772 15688 84 4 0.699897 0.688698 0.0111985 7 2 7 2
16254 16052 202 9 0.699956 0.674194 0.0257621 6 3 6 3
17205 16920 285 6 0.699911 0.666412 0.033499 7 2 7 2
17284 17198 86 7 0.799918 0.787253 0.0126656 7 2 5 2
17505 17371 134 8 0.799907 0.781066 0.0188412 6 3 6 3
18655 18342 313 1 0.599916 0.562288 0.037628 7 2 7 2
19107 18778 329 2 0.39998 0.358308 0.0416714 7 2 7 2
19835 19781 54 7 0.799949 0.7923 0.00764916 7 2 6 2
19991 19893 98 0 0.399958 0.3871 0.0128585 7 2 7 2
20131 20058 73 8 0.79998 0.789356 0.0106241 6 3 5 3
20656 20388 268 3 0.599972 0.568964 0.0310074 7 2 7 2
21327 21095 232 6 0.699909 0.67236 0.0275484 8 1 6 1
21940 21726 214 5 0.399899 0.375159 0.02474 5 4 5 4
22056 21999 57 4 0.399819 0.392302 0.00751752 5 4 5 4
23300 23149 151 7 0.69994 0.681554 0.0183866 6 3 5 3
23322 23269 53 3 0.899923 0.89223 0.00769353 7 2 4 2
23579 23519 60 8 0.699896 0.691589 0.00830694 7 2 7 2
23646 23426 220 9 0.299893 0.272498 0.0273952 5 4 5 4
24722 24591 131 3 0.899952 0.883087 0.0168647 8 1 5 1
25428 25348 80 5 0.899921 0.889841 0.0100796 8 1 6 0
25704 25473 231 7 0.899905 0.873373 0.0265319 6 3 5 2
26006 25953 53 6 0.599986 0.593625 0.00636099 6 3 6 3
26455 26288 167 1 0.299975 0.280339 0.0196366 7 2 7 2
26739 26628 111 0 0.499914 0.485364 0.0145507 7 2 7 2
27104 26748 356 2 0.399905 0.357388 0.0425169 7 2 7 2
28276 28166 110 8 0.599909 0.586849 0.01306 8 1 8 0
28684 28622 62 4 0.499978 0.492164 0.00781418 6 3 6 3
29059 28726 333 7 0.699889 0.655307 0.0445813 7 2 7 2
29684 29351 333 3 0.499968 0.459587 0.0403816 4 5 4 4
