1001 769 232 7 0.9 0.87273 0.0272701 7 0 7 0
1663 1533 130 0 0.799821 0.780819 0.019002 9 0 9 0
1711 1559 152 8 0.79993 0.78097 0.0189594 8 1 8 1
1759 1562 197 1 0.799961 0.775019 0.0249417 7 2 7 2
1789 1592 197 3 0.79993 0.776487 0.0234422 7 2 7 2
1851 1646 205 5 0.799908 0.774844 0.025064 7 2 7 2
2570 2394 176 6 0.699891 0.679391 0.0204996 5 4 5 4
2575 2369 206 4 0.699973 0.675389 0.0245833 8 1 8 1
2618 2448 170 9 0.699921 0.679565 0.0203564 8 1 8 1
3785 3509 276 1 0.899846 0.86633 0.0335156 3 6 3 4
4338 3971 367 2 0.499892 0.452286 0.0476067 5 4 5 4
4392 4016 376 7 0.699947 0.652686 0.0472606 5 4 5 4
4526 4379 147 3 0.799957 0.783479 0.016478 5 4 4 4
5074 4793 281 9 0.899969 0.862575 0.0373935 8 1 5 1
5380 5034 346 8 0.699997 0.659029 0.0409682 6 3 6 3
6414 6361 53 6 0.699954 0.692579 0.00737525 6 3 6 3
6544 6409 135 4 0.699927 0.685086 0.0148411 8 1 7 1
6938 6640 298 0 0.49999 0.463356 0.0366344 8 1 8 1
7139 6939 200 5 0.499845 0.476988 0.0228572 5 4 5 4
7242 7053 189 3 0.799966 0.776959 0.0230069 7 2 6 2
7777 7650 127 1 0.599999 0.582504 0.0174945 4 5 4 5
8670 8483 187 8 0.799951 0.778936 0.0210149 7 2 6 2
9122 8973 149 9 0.599925 0.583395 0.0165296 4 5 4 5
9789 9736 53 2 0.59988 0.593163 0.00671666 9 0 9 0
10213 9880 333 7 0.499994 0.458647 0.0413476 8 1 8 1
10317 10204 113 6 0.699829 0.685812 0.0140174 7 2 7 2
10397 10256 141 1 0.899974 0.881652 0.0183221 3 6 3 3
10688 10601 87 3 0.699942 0.687504 0.0124371 7 2 6 2
10723 10347 376 4 0.699896 0.65388 0.0460161 7 2 7 2
12549 12431 118 6 0.899961 0.885917 0.0140434 7 2 7 1
12715 12444 271 0 0.599919 0.565634 0.0342853 7 2 7 2
13157 12889 268 8 0.599847 0.567921 0.0319254 7 2 7 2
13498 13340 158 5 0.499999 0.481542 0.0184567 8 1 8 1
13657 13603 54 3 0.799911 0.791641 0.00827005 6 3 6 3
14048 13853 195 4 0.799929 0.77733 0.0225989 8 1 7 1
14229 14104 125 7 0.799979 0.784482 0.0154972 6 3 5 3
14478 14221 257 1 0.599997 0.570092 0.0299057 6 3 6 3
15146 14947 199 9 0.499896 0.476262 0.0236337 4 5 4 5
16029 15925 104 7 0.899958 0.886391 0.0135669 6 3 5 2
16564 16410 154 2 0.399788 0.380256 0.0195316 7 2 7 2
16697 16348 349 6 0.599945 0.557734 0.0422117 6 3 6 3
17515 17447 68 8 0.699836 0.689808 0.0100279 6 3 6 3
18221 18088 133 5 0.699971 0.679866 0.0201052 9 0 8 0
18586 18277 309 4 0.599901 0.561679 0.0382218 7 2 7 2
18700 18584 116 3 0.499903 0.484609 0.0152941 5 4 5 4
18980 18782 198 1 0.699995 0.676918 0.0230766 6 3 6 3
19124 18987 137 7 0.699988 0.68265 0.0173383 5 4 5 4
20689 20380 309 0 0.299947 0.260998 0.0389492 6 3 6 3
20733 20583 150 9 0.599965 0.580746 0.019219 7 2 6 2
20751 20536 215 8 0.799777 0.766935 0.0328418 6 3 4 2
20987 20790 197 2 0.8 0.776361 0.0236389 7 2 5 2
21313 21003 310 6 0.69993 0.663268 0.0366611 4 5 4 4
22680 22496 184 8 0.899927 0.877385 0.0225421 8 1 6 1
23620 23298 322 3 0.699905 0.660057 0.0398479 7 2 6 2
23822 23694 128 5 0.499894 0.483975 0.0159191 7 2 7 2
24135 23960 175 8 0.89992 0.879539 0.0203803 7 2 6 2
24427 24122 305 9 0.79993 0.763164 0.0367655 6 3 5 3
24611 24527 84 7 0.499938 0.489213 0.0107245 8 1 8 1
24854 24488 366 1 0.499906 0.456707 0.043199 7 2 7 2
25480 25221 259 2 0.599985 0.568037 0.031948 6 3 6 3
26368 26212 156 4 0.299911 0.280549 0.0193618 6 3 6 3
26906 26694 212 3 0.799965 0.77418 0.0257854 6 3 5 3
28019 27780 239 6 0.399943 0.371554 0.0283891 7 2 7 2
28140 27902 238 8 0.599999 0.572344 0.0276548 8 1 8 1
28576 28438 138 5 0.699967 0.684685 0.0152825 8 1 8 1
28701 28645 56 0 0.399996 0.391805 0.00819063 7 2 7 2
28748 28695 53 9 0.599904 0.590862 0.00904263 5 4 5 4
29191 28939 252 2 0.799991 0.772057 0.0279338 5 4 4 4
29777 29465 312 3 0.799944 0.763958 0.035986 6 3 3 3
29820 29542 278 1 0.69998 0.668099 0.0318808 6 3 5 3
