735 682 53 5 0.89997 0.893026 0.0069444 6 0 6 0
806 655 151 2 0.899979 0.883063 0.016916 7 0 7 0
850 797 53 7 0.899977 0.892393 0.0075842 3 0 3 0
1746 1642 104 3 0.799907 0.788295 0.0116125 7 2 7 2
1809 1569 240 1 0.799911 0.769042 0.0308688 7 0 7 0
2492 2388 104 6 0.699922 0.687916 0.012006 8 0 8 0
2664 2475 189 9 0.699857 0.6767 0.0231574 7 2 7 2
2692 2414 278 0 0.699956 0.668537 0.0314192 7 2 7 2
2739 2482 257 4 0.699906 0.668009 0.0318972 6 3 6 3
3599 3265 334 8 0.599966 0.561578 0.0383881 6 3 6 3
4474 4296 178 3 0.799989 0.779073 0.0209166 4 5 4 5
4810 4528 282 2 0.59992 0.564715 0.0352045 7 2 7 2
5021 4843 178 0 0.899931 0.877942 0.0219892 6 3 6 3
5161 4815 346 9 0.899936 0.858006 0.0419305 7 2 4 2
5328 5204 124 5 0.499996 0.482744 0.0172521 5 4 5 4
5776 5723 53 4 0.799973 0.791941 0.00803215 6 3 3 2
5787 5414 373 6 0.799941 0.754791 0.0451502 4 5 3 5
6203 5982 221 1 0.599967 0.572942 0.0270246 3 6 3 6
6509 6318 191 0 0.899987 0.87645 0.0235374 6 3 3 3
7360 7066 294 7 0.299997 0.264529 0.035468 3 6 3 6
8337 8284 53 2 0.799957 0.793891 0.00606553 7 2 6 2
8526 8443 83 6 0.799808 0.786192 0.0136151 5 4 5 3
9820 9524 296 3 0.499921 0.464871 0.0350504 7 2 7 2
9935 9585 350 1 0.799827 0.75636 0.0434663 5 4 4 4
10096 9934 162 4 0.599929 0.579788 0.0201415 6 3 6 3
10230 9907 323 5 0.699899 0.661262 0.0386367 9 0 8 0
10379 10296 83 0 0.599948 0.588672 0.0112752 4 5 4 5
10969 10731 238 9 0.399912 0.370085 0.0298265 3 6 3 6
11018 10859 159 2 0.799822 0.778955 0.0208669 5 4 4 3
11185 11106 79 6 0.799935 0.790827 0.00910743 6 3 6 3
11540 11330 210 8 0.299929 0.275071 0.024858 4 5 4 5
12868 12730 138 2 0.899967 0.884796 0.0151711 7 2 6 2
13682 13293 389 5 0.799918 0.751151 0.0487672 6 3 6 3
13756 13654 102 0 0.799981 0.786387 0.0135942 6 3 6 2
13869 13726 143 3 0.79991 0.783131 0.0167782 5 4 4 4
14367 14297 70 1 0.599997 0.591905 0.00809248 7 2 7 2
14369 14123 246 2 0.899969 0.8716 0.0283686 6 3 4 3
15393 15241 152 9 0.799982 0.783271 0.0167111 6 3 6 2
15670 15399 271 7 0.399959 0.366852 0.0331068 6 3 6 3
16210 15943 267 4 0.499921 0.468439 0.031482 8 1 8 1
16671 16618 53 2 0.79999 0.794179 0.00581109 5 4 4 2
16980 16871 109 1 0.899962 0.88777 0.0121917 9 0 3 0
17225 17123 102 0 0.699984 0.687287 0.0126964 7 2 7 2
17242 17027 215 6 0.399962 0.375454 0.0245083 7 2 7 2
18025 17884 141 8 0.599864 0.581786 0.0180783 7 2 6 2
18106 17963 143 9 0.799865 0.781565 0.0182996 7 2 7 2
18118 18065 53 5 0.599977 0.592255 0.00772225 3 6 2 6
18274 18063 211 3 0.599999 0.575128 0.0248709 5 4 4 4
20212 19917 295 1 0.699904 0.664972 0.0349324 5 4 5 4
20242 19919 323 2 0.699896 0.658768 0.041128 4 5 3 5
21193 20877 316 4 0.699927 0.661726 0.0382006 7 2 6 1
21902 21767 135 0 0.599912 0.58315 0.0167614 7 2 7 2
22601 22490 111 3 0.699891 0.684141 0.0157506 7 2 7 2
22692 22282 410 5 0.699892 0.648159 0.0517329 8 1 8 1
23325 23016 309 6 0.599996 0.56218 0.0378166 6 3 6 3
23347 23261 86 7 0.399999 0.389462 0.0105366 6 3 6 3
23506 23228 278 1 0.799997 0.766521 0.0334767 8 1 6 1
24219 23887 332 8 0.499854 0.459687 0.0401673 3 6 3 6
24919 24865 54 9 0.299895 0.291395 0.00849964 4 5 4 5
25196 25072 124 4 0.699904 0.685416 0.0144881 6 3 6 3
26071 25836 235 2 0.499912 0.471681 0.0282313 4 5 4 5
26875 26676 199 5 0.699902 0.677862 0.0220403 6 3 5 3
27869 27624 245 6 0.699905 0.669468 0.0304376 6 3 5 3
27953 27692 261 1 0.599954 0.57021 0.029744 9 0 8 0
28241 28016 225 3 0.499952 0.471901 0.0280514 6 3 6 3
28399 28346 53 7 0.699912 0.691571 0.00834054 5 4 5 4
28494 28123 371 4 0.799915 0.75088 0.0490349 7 2 6 2
29401 29212 189 0 0.299867 0.273996 0.0258706 4 5 4 5
