837 783 54 2 0.899891 0.893542 0.00634911 5 0 5 0
1754 1657 97 0 0.799995 0.788366 0.0116293 9 0 9 0
1881 1596 285 9 0.799896 0.767382 0.0325138 8 0 8 0
2013 1604 409 1 0.799997 0.752327 0.0476698 8 0 8 0
2582 2458 124 3 0.699993 0.685832 0.0141603 7 2 7 2
2621 2409 212 8 0.699972 0.671596 0.0283759 7 2 7 2
3243 3189 54 7 0.599947 0.592239 0.0077083 5 4 5 4
3381 3254 127 4 0.599989 0.58292 0.0170697 6 3 6 3
3584 3240 344 6 0.599832 0.557221 0.0426114 5 4 5 4
3876 3717 159 2 0.699919 0.68042 0.0194992 4 4 4 4
4227 4086 141 5 0.49997 0.480888 0.0190815 5 4 5 4
5418 5096 322 0 0.699917 0.662817 0.0371006 8 1 6 1
5614 5312 302 9 0.699913 0.66244 0.0374731 3 6 3 6
6294 5974 320 2 0.899828 0.861588 0.03824 7 2 6 2
6438 6303 135 1 0.599966 0.581232 0.0187339 7 2 7 2
6620 6453 167 8 0.699998 0.675564 0.0244338 3 6 3 6
7021 6723 298 4 0.799979 0.765485 0.0344938 4 5 4 5
7768 7396 372 7 0.699827 0.654047 0.0457792 7 2 6 1
8057 8004 53 5 0.799846 0.792436 0.00740971 4 5 3 5
8859 8651 208 3 0.399967 0.373691 0.0262765 6 3 6 3
9042 8725 317 6 0.599923 0.562904 0.0370191 7 2 7 2
9631 9364 267 2 0.699921 0.666881 0.0330405 6 3 5 2
9752 9587 165 8 0.799959 0.781818 0.0181411 7 2 7 2
9782 9520 262 9 0.69992 0.667875 0.0320448 5 4 5 2
10091 10038 53 0 0.599837 0.593191 0.00664578 6 3 6 3
10632 10515 117 4 0.699951 0.683679 0.0162716 4 5 4 4
11552 11302 250 5 0.699983 0.670043 0.02994 5 4 5 3
12360 12294 66 8 0.799952 0.790517 0.00943472 6 3 5 2
13110 12773 337 4 0.899984 0.860427 0.0395562 7 2 6 0
13431 13112 319 3 0.79986 0.762093 0.0377662 5 4 4 4
13564 13408 156 6 0.699927 0.681336 0.0185905 8 1 7 1
14193 13913 280 1 0.299992 0.262426 0.0375656 6 3 6 3
14431 14132 299 2 0.599948 0.563124 0.0368236 8 1 7 1
14460 14255 205 0 0.699962 0.674495 0.0254668 6 3 4 3
14565 14199 366 7 0.39991 0.357517 0.0423931 7 2 7 2
15530 15339 191 9 0.499961 0.477369 0.0225917 9 0 8 0
15601 15430 171 5 0.699956 0.67799 0.0219662 5 4 5 4
15781 15690 91 6 0.899937 0.888934 0.0110035 8 1 4 1
16671 16512 159 8 0.599963 0.579658 0.0203053 4 5 4 5
17238 16942 296 4 0.599971 0.564018 0.035953 6 3 6 3
17745 17475 270 0 0.799856 0.767033 0.0328229 6 3 6 3
18155 17792 363 3 0.599921 0.553139 0.0467818 6 3 6 3
18837 18759 78 2 0.699926 0.688406 0.0115209 6 3 6 3
18931 18819 112 7 0.79982 0.784871 0.0149487 4 5 4 4
19689 19422 267 5 0.69993 0.669418 0.0305119 9 0 8 0
20458 20147 311 9 0.699993 0.663243 0.0367504 7 2 6 2
21405 21238 167 0 0.699906 0.679446 0.0204606 8 1 8 1
21546 21202 344 6 0.399963 0.359256 0.0407063 8 1 8 1
21752 21699 53 3 0.799836 0.791783 0.00805351 5 4 4 4
22716 22347 369 7 0.699908 0.65503 0.0448772 7 2 7 2
22865 22571 294 2 0.699764 0.664246 0.0355183 7 2 7 1
23036 22956 80 1 0.299912 0.286895 0.0130168 6 3 6 3
23719 23542 177 9 0.79998 0.779237 0.0207432 7 2 6 2
24150 23959 191 4 0.399914 0.376276 0.0236383 4 5 4 5
24401 24302 99 8 0.299997 0.287072 0.0129252 6 3 6 3
24676 24435 241 5 0.599902 0.569274 0.0306283 5 4 5 4
25300 25121 179 3 0.699989 0.677961 0.0220284 5 4 4 4
25391 25023 368 6 0.899921 0.855276 0.0446449 6 3 6 3
25403 25250 153 0 0.699926 0.680975 0.0189508 3 6 3 6
27671 27414 257 7 0.599956 0.570781 0.0291747 7 2 7 2
27705 27608 97 2 0.599912 0.586691 0.0132214 6 3 5 2
27710 27595 115 1 0.799928 0.785907 0.0140213 9 0 9 0
28208 27865 343 9 0.599953 0.557621 0.0423313 7 2 7 2
28695 28501 194 6 0.699965 0.678633 0.0213311 7 2 7 2
29074 28944 130 5 0.699982 0.685265 0.0147169 8 1 8 1
29389 29211 178 0 0.699893 0.679976 0.0199168 7 2 7 2
29944 29791 153 8 0.699945 0.681972 0.0179734 5 4 5 4
