875 817 58 8 0.899893 0.891373 0.0085199 4 1 4 1
875 732 143 9 0.899917 0.883771 0.0161461 6 1 6 1
899 768 131 1 0.899957 0.883921 0.0160361 4 0 4 0
906 718 188 4 0.89992 0.877667 0.0222527 8 0 8 0
1853 1575 278 2 0.799952 0.762652 0.0372998 6 2 6 2
1942 1615 327 6 0.799799 0.758149 0.0416497 7 1 7 1
2607 2331 276 5 0.699944 0.664788 0.0351559 6 2 6 2
2693 2344 349 7 0.69999 0.657791 0.042199 9 0 9 0
3295 2951 344 1 0.799803 0.75733 0.0424724 6 3 6 3
3433 3247 186 3 0.599928 0.578545 0.0213834 6 3 6 3
3895 3702 193 8 0.699933 0.677238 0.0226951 7 2 7 2
3939 3652 287 2 0.899837 0.863454 0.0363831 7 2 6 2
4645 4538 107 9 0.599904 0.587885 0.0120191 4 5 4 5
5014 4678 336 4 0.599987 0.561129 0.0388577 6 3 6 3
5788 5604 184 0 0.299965 0.27537 0.0245957 8 1 8 1
5941 5786 155 7 0.799955 0.781994 0.0179608 6 3 6 3
6050 5897 153 1 0.799929 0.780249 0.0196804 6 3 6 3
6469 6274 195 6 0.599903 0.576986 0.0229171 4 5 4 5
7503 7286 217 5 0.599907 0.571186 0.0287213 7 2 6 1
7959 7642 317 3 0.699929 0.662995 0.0369335 6 3 6 3
8829 8546 283 8 0.59997 0.566222 0.0337488 8 1 7 1
9177 9025 152 6 0.899977 0.881456 0.0185216 7 2 6 0
9527 9387 140 7 0.699912 0.681079 0.0188327 6 3 6 3
10402 10283 119 2 0.299918 0.286239 0.0136789 6 3 6 3
10410 10298 112 1 0.599956 0.587362 0.0125947 6 3 6 3
10987 10934 53 3 0.79989 0.793044 0.0068461 6 3 6 3
11084 10988 96 4 0.499931 0.485874 0.0140567 5 4 5 4
11343 11289 54 9 0.399952 0.392121 0.00783147 5 4 5 4
11416 11312 104 6 0.799922 0.785809 0.0141135 5 4 4 4
11417 11212 205 0 0.699938 0.675872 0.0240656 9 0 7 0
11553 11409 144 8 0.899932 0.881792 0.0181395 8 1 3 0
12087 11809 278 5 0.699917 0.666637 0.0332799 4 5 4 5
13773 13657 116 8 0.799812 0.786078 0.0137338 7 2 6 2
13909 13609 300 1 0.799905 0.762523 0.0373819 7 2 5 1
14271 13921 350 6 0.799958 0.759434 0.040524 4 5 4 4
14486 14176 310 7 0.599924 0.562661 0.0372636 6 3 6 3
14639 14288 351 3 0.699992 0.65625 0.0437422 6 3 6 3
15692 15591 101 4 0.699924 0.685925 0.0139991 6 3 6 3
16146 15866 280 2 0.699922 0.662047 0.037875 6 3 6 2
16367 15924 443 0 0.599937 0.542585 0.0573527 6 3 6 3
16985 16644 341 5 0.599803 0.560335 0.0394678 6 3 6 3
17255 17044 211 9 0.599977 0.5748 0.0251776 5 4 4 4
17867 17814 53 4 0.899905 0.893488 0.00641757 8 1 4 1
18520 18362 158 2 0.899897 0.882213 0.0176843 7 2 4 2
19094 19037 57 1 0.499947 0.491586 0.00836121 8 1 8 1
19686 19399 287 3 0.599902 0.567319 0.0325828 7 2 6 2
19783 19459 324 6 0.499851 0.462975 0.0368764 6 3 6 3
19849 19558 291 7 0.599905 0.565509 0.0343966 9 0 9 0
20604 20460 144 5 0.79991 0.782626 0.0172842 5 4 4 3
20762 20384 378 8 0.299928 0.25367 0.0462578 5 4 5 4
20889 20831 58 4 0.699943 0.693572 0.00637111 5 4 5 4
22466 22371 95 2 0.599997 0.588638 0.0113586 7 2 7 2
22552 22416 136 0 0.499921 0.482165 0.0177559 3 6 3 6
22691 22342 349 9 0.599919 0.557115 0.0428039 6 3 6 3
23132 22969 163 4 0.899998 0.878122 0.0218757 5 4 2 2
23328 23191 137 3 0.799896 0.7828 0.0170964 6 3 4 2
24319 24136 183 7 0.699951 0.677515 0.0224367 4 5 4 5
25328 25273 55 1 0.499896 0.491712 0.00818368 8 1 8 1
25464 25372 92 6 0.599932 0.588277 0.0116555 8 1 7 1
25716 25579 137 5 0.499833 0.484694 0.0151393 6 3 6 3
25748 25490 258 0 0.8999 0.868836 0.0310636 7 2 5 1
26611 26450 161 7 0.8999 0.882136 0.0177648 7 2 5 1
26743 26690 53 3 0.699975 0.692798 0.00717735 7 2 7 2
27271 26965 306 4 0.599928 0.563837 0.0360907 7 2 7 2
27356 27191 165 8 0.599961 0.578321 0.0216396 4 5 4 5
27366 27054 312 9 0.69996 0.661764 0.0381961 4 5 4 5
28202 28004 198 0 0.799903 0.776152 0.0237511 4 5 4 5
28671 28318 353 2 0.499946 0.457394 0.0425518 7 2 7 2
28901 28809 92 6 0.799983 0.787655 0.0123281 5 4 4 4
29000 28678 322 7 0.799921 0.760712 0.0392092 6 3 3 2
