796 719 77 3 0.899981 0.890416 0.00956469 6 0 6 0
830 732 98 4 0.899963 0.886796 0.013167 7 0 7 0
850 764 86 2 0.899855 0.887949 0.0119059 6 2 6 2
1709 1656 53 8 0.79995 0.791876 0.00807329 6 3 6 3
1737 1648 89 1 0.799944 0.788465 0.0114789 7 1 7 1
1842 1620 222 0 0.79993 0.772661 0.027269 9 0 9 0
2735 2396 339 6 0.699943 0.662087 0.0378559 8 1 8 1
3234 2919 315 4 0.799948 0.764929 0.0350187 7 2 7 2
3384 3324 60 7 0.599949 0.591051 0.00889763 5 4 5 4
3556 3270 286 5 0.599944 0.565942 0.0340019 7 2 7 2
3845 3792 53 2 0.699959 0.693978 0.00598095 4 4 4 4
4951 4611 340 3 0.599999 0.560299 0.0396995 6 3 6 3
5270 5099 171 1 0.69993 0.679841 0.0200887 7 2 7 2
6060 5686 374 9 0.299997 0.255115 0.0448822 7 2 7 2
6770 6715 55 7 0.799844 0.791659 0.00818455 8 1 8 1
6817 6718 99 8 0.499934 0.487685 0.0122489 9 0 9 0
6847 6794 53 0 0.49982 0.492402 0.00741765 5 4 5 4
6870 6727 143 4 0.699993 0.682829 0.0171642 6 3 6 3
7882 7774 108 5 0.699988 0.685569 0.01442 6 3 6 3
9248 9182 66 2 0.499966 0.492715 0.00725111 6 3 6 3
9427 9137 290 6 0.399969 0.364653 0.0353157 5 4 5 4
10090 10036 54 3 0.59994 0.593977 0.00596303 9 0 9 0
11145 10876 269 7 0.599934 0.566689 0.0332451 7 2 7 2
11767 11443 324 4 0.599948 0.562071 0.037877 7 2 7 2
11878 11631 247 5 0.69996 0.670987 0.0289735 6 3 6 3
12561 12346 215 1 0.299998 0.275108 0.0248904 5 4 5 4
12660 12417 243 9 0.599951 0.572424 0.0275272 5 4 5 4
13145 13056 89 0 0.499998 0.487754 0.0122442 4 5 4 5
14280 14180 100 3 0.699892 0.682439 0.0174527 8 1 8 1
14821 14579 242 6 0.699979 0.670624 0.0293544 5 4 5 4
14832 14774 58 8 0.299965 0.290591 0.00937429 5 4 5 4
15041 14649 392 2 0.599855 0.552052 0.0478033 6 3 6 3
15396 15214 182 9 0.899967 0.876918 0.0230492 7 2 3 1
15418 15205 213 4 0.799942 0.772115 0.0278275 5 4 5 4
16528 16195 333 7 0.599901 0.561061 0.0388398 4 5 3 5
16657 16541 116 5 0.599926 0.583796 0.0161299 7 2 7 2
17777 17587 190 9 0.799974 0.773943 0.0260308 6 3 3 3
18360 18061 299 4 0.799964 0.765886 0.0340779 7 2 5 2
18503 18176 327 3 0.69976 0.6607 0.0390606 8 1 5 1
18794 18533 261 2 0.79993 0.765822 0.0341081 6 3 4 2
19092 18838 254 1 0.5999 0.56799 0.0319096 6 3 6 3
19504 19412 92 8 0.799898 0.787363 0.0125358 5 4 4 4
20285 19420 865 0 0.499986 0.404146 0.0958396 5 4 5 4
20706 20333 373 9 0.799993 0.756471 0.0435221 7 2 5 2
21315 20946 369 4 0.799926 0.754099 0.0458263 5 4 5 3
21484 21201 283 8 0.899946 0.866537 0.0334098 5 4 4 3
21977 21694 283 5 0.599991 0.564946 0.0350456 5 4 5 4
22040 21960 80 6 0.299928 0.287981 0.0119467 4 5 4 5
23350 23297 53 3 0.59985 0.592418 0.00743205 6 3 6 3
23373 23100 273 2 0.599901 0.568765 0.0311359 8 1 7 1
23736 23524 212 0 0.899918 0.873678 0.0262397 7 2 4 1
23781 23697 84 8 0.799931 0.790278 0.00965354 6 3 5 3
24311 23951 360 4 0.799893 0.755124 0.0447687 7 2 5 1
24477 24116 361 7 0.299983 0.254559 0.0454236 5 4 5 4
26152 25945 207 9 0.499954 0.476381 0.0235732 7 2 7 2
26869 26628 241 1 0.299971 0.270905 0.0290661 7 2 7 2
26921 26785 136 2 0.799895 0.782264 0.0176307 9 0 7 0
27417 27095 322 5 0.599986 0.559582 0.0404039 9 0 8 0
27555 27442 113 0 0.599908 0.58497 0.0149376 4 5 4 5
28886 28644 242 2 0.899996 0.866634 0.0333619 7 2 5 2
28921 28768 153 8 0.49993 0.479556 0.0203739 5 4 5 4
29150 29094 56 6 0.499991 0.491164 0.0088266 4 5 4 5
29469 29112 357 3 0.499946 0.455471 0.0444747 4 5 4 5
