880 796 84 5 0.89988 0.889956 0.00992457 8 0 8 0
941 814 127 6 0.899917 0.885017 0.0149007 8 0 8 0
966 747 219 9 0.899964 0.87341 0.0265544 8 0 8 0
1144 816 328 0 0.899931 0.860988 0.0389433 4 1 4 1
2600 2377 223 2 0.699899 0.674767 0.0251317 9 0 9 0
2770 2432 338 7 0.699796 0.658115 0.0416811 8 1 8 1
3145 2998 147 6 0.799984 0.78202 0.0179637 7 2 7 2
3282 3173 109 1 0.599977 0.58655 0.0134265 6 2 6 2
3324 3000 324 5 0.799968 0.760724 0.0392434 7 1 6 1
3379 3274 105 8 0.599902 0.585441 0.0144604 6 3 6 3
3440 3269 171 4 0.599989 0.577691 0.0222978 7 2 7 2
3468 3198 270 3 0.599913 0.567954 0.0319591 7 2 7 2
5797 5540 257 9 0.499983 0.465785 0.0341977 8 1 8 1
6049 5841 208 7 0.799854 0.773068 0.026786 8 1 5 1
6119 6053 66 3 0.899936 0.892685 0.00725111 8 1 5 1
6209 5875 334 8 0.899977 0.861416 0.0385611 6 3 6 1
7632 7350 282 6 0.599919 0.565646 0.034273 6 3 6 2
7713 7376 337 3 0.899983 0.860776 0.0392076 8 1 7 0
7762 7644 118 4 0.699993 0.685126 0.0148672 6 3 6 3
7826 7539 287 0 0.299903 0.267148 0.0327549 4 5 4 5
8897 8800 97 2 0.399933 0.389272 0.0106611 7 2 6 2
8899 8809 90 9 0.8999 0.88976 0.0101399 5 4 4 3
10136 9874 262 1 0.399935 0.366702 0.0332328 6 3 6 3
10231 10138 93 8 0.599888 0.587084 0.0128039 5 4 5 4
10288 10147 141 7 0.599914 0.581135 0.0187789 8 1 8 1
10433 10085 348 5 0.299936 0.257479 0.0424566 8 1 8 1
11850 11573 277 4 0.69995 0.662535 0.037415 5 4 5 4
12184 11869 315 6 0.699966 0.662684 0.0372824 5 4 5 4
13068 12728 340 9 0.59999 0.557952 0.0420378 4 5 4 5
13683 13326 357 3 0.399946 0.357759 0.0421873 5 4 5 4
14438 14177 261 0 0.59993 0.568618 0.0313126 7 2 7 2
15376 15212 164 8 0.599852 0.57899 0.0208629 7 2 7 2
15380 15325 55 7 0.599987 0.590496 0.00949009 5 4 5 4
15383 15186 197 5 0.799946 0.776771 0.0231744 6 3 6 3
15621 15452 169 2 0.49997 0.479256 0.0207135 5 4 5 4
17344 17089 255 5 0.899975 0.87046 0.0295149 8 1 6 1
17375 17104 271 3 0.899993 0.866968 0.0330249 6 3 5 3
18025 17887 138 0 0.799977 0.779946 0.020031 6 3 5 2
18138 17785 353 6 0.499977 0.457415 0.0425621 6 3 6 3
18282 18197 85 9 0.599987 0.588125 0.0118629 8 1 7 1
18657 18259 398 4 0.399901 0.346929 0.0529724 7 2 7 2
18669 18570 99 1 0.299998 0.286822 0.0131759 6 3 6 3
18940 18711 229 8 0.799988 0.774057 0.0259302 7 2 7 2
18992 18743 249 7 0.799895 0.766643 0.0332518 7 2 7 2
20515 20347 168 5 0.699955 0.680741 0.0192137 5 4 5 4
21970 21666 304 9 0.799921 0.762168 0.0377532 9 0 5 0
22073 21764 309 2 0.499967 0.460777 0.0391897 9 0 9 0
22649 22422 227 7 0.699918 0.671518 0.0284006 8 1 8 1
23239 23008 231 0 0.499924 0.471165 0.028759 6 3 6 3
23345 22993 352 4 0.799939 0.757311 0.0426278 6 3 5 2
23882 23652 230 3 0.299954 0.272224 0.0277304 9 0 9 0
24110 24055 55 1 0.699934 0.692224 0.00771011 7 2 7 2
24871 24620 251 9 0.799974 0.769509 0.0304649 6 3 4 3
24978 24795 183 8 0.399968 0.377548 0.0224202 6 3 6 3
25412 25156 256 5 0.599919 0.56841 0.0315087 4 5 4 5
26144 26033 111 4 0.799936 0.78646 0.0134761 4 5 4 5
26398 26114 284 6 0.299979 0.267594 0.0323847 7 2 7 2
26690 26197 493 0 0.899812 0.840803 0.0590091 5 4 5 3
27595 27535 60 9 0.799933 0.792963 0.00697073 6 3 5 3
28015 27844 171 4 0.899984 0.881071 0.0189125 6 3 5 1
28454 28225 229 7 0.499892 0.471384 0.0285075 7 2 7 2
28836 28752 84 1 0.599901 0.588241 0.0116602 8 1 8 1
29122 28874 248 5 0.799949 0.771829 0.0281196 8 1 6 0
29402 29289 113 9 0.899928 0.887443 0.0124848 7 2 5 1
29440 29376 64 3 0.699956 0.690975 0.00898129 5 4 5 4
29542 29294 248 2 0.399976 0.370214 0.0297622 6 3 6 3
