934 807 127 1 0.899947 0.88406 0.0158875 9 0 9 0
953 812 141 7 0.899969 0.884356 0.0156125 9 0 8 0
1023 795 228 8 0.899939 0.871101 0.0288375 8 0 8 0
1759 1583 176 9 0.799781 0.77777 0.0220106 5 2 5 2
1830 1626 204 6 0.79996 0.77524 0.0247197 6 3 6 3
1930 1558 372 5 0.799903 0.754408 0.0454952 5 3 5 3
2762 2447 315 4 0.699952 0.659367 0.0405842 5 3 5 3
3333 3241 92 3 0.599961 0.587306 0.0126552 4 4 4 4
3348 3056 292 7 0.799974 0.76504 0.0349342 7 2 6 2
3423 3184 239 0 0.599778 0.570777 0.0290008 6 3 6 3
3443 3168 275 2 0.599913 0.566264 0.0336488 7 2 7 2
4604 4443 161 6 0.799964 0.777702 0.0222612 6 3 6 3
4940 4653 287 5 0.799905 0.764564 0.0353403 4 4 3 3
6000 5635 365 8 0.499937 0.45497 0.0449669 8 1 8 1
6176 6017 159 9 0.599939 0.582057 0.0178818 6 3 6 3
6197 5992 205 7 0.799893 0.776533 0.0233604 7 2 7 2
6328 6273 55 1 0.399947 0.392103 0.00784406 7 2 7 2
7595 7455 140 4 0.599936 0.582969 0.0169674 6 3 6 3
7847 7703 144 2 0.699935 0.680713 0.0192219 7 2 6 2
8208 7998 210 6 0.699978 0.674511 0.0254673 5 4 5 4
9352 9224 128 5 0.599993 0.583832 0.0161604 7 2 7 2
9544 9368 176 0 0.499927 0.479201 0.0207264 5 4 5 4
9628 9510 118 1 0.899798 0.885594 0.0142044 8 1 3 1
9774 9531 243 9 0.79981 0.769482 0.0303282 8 1 6 1
10231 10004 227 3 0.399912 0.372834 0.0270786 6 3 6 3
11514 11203 311 6 0.799924 0.764547 0.0353777 5 4 3 2
11917 11808 109 4 0.699912 0.68191 0.0180014 7 2 7 2
11968 11646 322 2 0.699986 0.663861 0.0361249 7 2 6 2
12463 12410 53 8 0.499936 0.493556 0.00638019 7 2 6 2
12518 12412 106 9 0.799972 0.787941 0.0120304 8 1 4 1
12670 12599 71 1 0.69991 0.691195 0.00871454 5 4 4 4
13212 12916 296 7 0.299904 0.263462 0.0364421 5 4 5 4
13551 13334 217 0 0.799927 0.771085 0.028842 6 3 6 3
14626 14395 231 5 0.599917 0.570752 0.0291653 7 2 7 2
14705 14453 252 3 0.799974 0.771426 0.0285483 6 3 5 2
15320 15058 262 9 0.799899 0.769879 0.0300205 7 2 6 2
15617 15342 275 8 0.899924 0.866634 0.03329 6 3 5 2
16530 16177 353 0 0.799824 0.756487 0.0433365 5 4 5 3
16679 16613 66 6 0.499991 0.491185 0.00880572 7 2 7 2
16933 16698 235 2 0.599905 0.570422 0.0294826 6 3 6 3
17177 17009 168 8 0.899994 0.880296 0.0196981 8 1 7 1
18206 18083 123 5 0.799904 0.785862 0.014042 9 0 6 0
18222 17873 349 7 0.799806 0.758342 0.0414638 6 3 6 3
18375 18077 298 1 0.499994 0.461611 0.0383828 7 2 7 2
19104 19051 53 4 0.299887 0.291894 0.00799349 4 5 4 5
19334 19220 114 0 0.799918 0.786121 0.0137971 7 2 7 2
19529 19341 188 8 0.799906 0.778372 0.0215346 6 3 4 3
19894 19565 329 6 0.899913 0.860676 0.0392369 9 0 4 0
20426 20351 75 2 0.799888 0.789973 0.00991531 9 0 6 0
21734 21418 316 3 0.299988 0.263872 0.0361162 8 1 8 1
21934 21842 92 0 0.799915 0.787764 0.0121502 7 2 7 2
22084 21981 103 9 0.299872 0.285512 0.0143594 7 2 7 2
22396 22106 290 6 0.799973 0.765797 0.0341756 8 1 5 1
23497 23391 106 7 0.499897 0.486088 0.013809 7 2 7 2
23978 23725 253 8 0.599972 0.568431 0.0315407 7 2 7 2
24261 24051 210 5 0.399914 0.373008 0.0269062 4 5 4 5
24812 24743 69 1 0.499925 0.491454 0.00847043 6 3 6 3
25767 25371 396 4 0.599964 0.551797 0.0481665 5 4 5 3
26314 25926 388 6 0.699996 0.65251 0.047486 5 4 5 4
27258 27052 206 2 0.299982 0.274415 0.0255671 3 6 3 6
27325 26973 352 0 0.499911 0.455998 0.0439125 5 4 5 4
28444 28309 135 9 0.599896 0.584729 0.0151665 7 2 7 2
28620 28263 357 8 0.699976 0.655579 0.0443969 7 2 6 2
28976 28920 56 3 0.499986 0.49208 0.00790673 7 2 7 2
29147 28950 197 7 0.599904 0.575897 0.0240073 6 3 5 3
29611 29300 311 5 0.69999 0.663242 0.0367477 5 4 4 4
29700 29421 279 6 0.799896 0.768386 0.0315102 6 3 5 2
