795 741 54 2 0.899934 0.892479 0.00745503 7 1 7 1
806 707 99 0 0.899968 0.887774 0.0121938 6 0 6 0
862 768 94 4 0.899826 0.88669 0.013136 7 0 7 0
1002 805 197 8 0.899838 0.873438 0.0264004 7 1 7 1
1764 1638 126 5 0.799966 0.78496 0.0150062 8 1 8 1
1765 1648 117 7 0.799972 0.784072 0.0158998 9 0 9 0
1845 1583 262 1 0.799923 0.76916 0.0307629 7 2 7 2
2459 2406 53 9 0.699992 0.692908 0.00708435 8 1 8 1
2670 2451 219 6 0.699938 0.671739 0.0281993 8 1 8 1
2806 2470 336 3 0.699912 0.654496 0.0454154 7 2 7 2
4039 3829 210 4 0.699991 0.674763 0.0252283 4 5 4 5
4577 4270 307 7 0.799894 0.765103 0.0347911 7 2 7 2
5198 5059 139 3 0.899934 0.882062 0.0178719 8 1 5 0
5536 5359 177 2 0.499897 0.478032 0.0218653 7 2 7 2
5709 5350 359 1 0.699982 0.657462 0.04252 7 2 7 2
6345 5982 363 5 0.599912 0.553288 0.0466234 6 3 6 3
6408 6252 156 0 0.399899 0.380074 0.0198253 7 2 7 2
6551 6470 81 8 0.399986 0.391085 0.00890111 5 4 5 4
6699 6484 215 6 0.699964 0.672251 0.0277132 6 3 6 2
7390 7151 239 7 0.799898 0.772535 0.0273632 5 4 5 4
7900 7843 57 9 0.499965 0.491418 0.0085474 5 4 5 4
9296 8993 303 3 0.599924 0.565852 0.0340724 6 3 6 3
10112 9791 321 0 0.899905 0.862796 0.0371086 7 2 5 0
10553 10451 102 1 0.599898 0.588259 0.0116388 6 3 6 3
10625 10398 227 4 0.399919 0.372269 0.0276495 8 1 8 1
10900 10593 307 6 0.699961 0.660508 0.0394532 8 1 7 1
11320 11029 291 2 0.599942 0.564199 0.0357427 7 2 7 2
11655 11498 157 8 0.69994 0.681204 0.0187357 6 3 6 3
12304 12249 55 5 0.499907 0.491633 0.00827415 5 4 5 4
12728 12378 350 0 0.799968 0.760062 0.0399061 4 5 4 4
12774 12517 257 9 0.699907 0.667273 0.0326337 6 3 5 3
14235 14161 74 7 0.299903 0.291335 0.00856731 7 2 7 2
14897 14562 335 3 0.599936 0.55854 0.0413959 8 1 7 1
15085 14791 294 6 0.699919 0.666717 0.033202 7 2 6 2
15806 15633 173 2 0.699958 0.678459 0.0214988 6 3 5 3
16459 16231 228 0 0.699943 0.671342 0.0286015 4 5 4 4
16797 16498 299 4 0.599921 0.561944 0.0379769 6 3 6 3
17295 17081 214 8 0.49997 0.470698 0.029272 5 4 5 4
17675 17448 227 9 0.599998 0.571679 0.0283187 5 4 5 3
17728 17668 60 5 0.599984 0.592744 0.00724042 5 4 5 4
17792 17575 217 3 0.899995 0.873004 0.0269911 7 2 4 2
18135 18011 124 1 0.299937 0.286305 0.0136311 6 3 6 3
18337 18078 259 6 0.799965 0.769356 0.0306094 5 4 5 4
19685 19615 70 7 0.699973 0.692282 0.00769111 5 4 5 4
20359 20269 90 4 0.799923 0.787648 0.012275 5 4 4 4
20370 20001 369 3 0.799892 0.755355 0.0445372 7 2 7 2
20644 20338 306 0 0.699949 0.663094 0.0368547 7 2 7 2
21476 21123 353 9 0.799962 0.758654 0.0413081 5 4 5 3
22264 21883 381 1 0.899915 0.851483 0.0484318 6 3 2 0
22825 22601 224 6 0.599995 0.57466 0.0253357 7 2 7 2
23108 22758 350 8 0.599998 0.558457 0.0415409 6 3 6 3
23115 22889 226 2 0.29978 0.270026 0.0297544 7 2 7 2
23656 23443 213 7 0.699946 0.673646 0.0263005 6 3 6 3
23788 23516 272 5 0.499994 0.469197 0.0307978 7 2 6 2
23970 23673 297 4 0.699895 0.664114 0.035781 7 2 7 2
25919 25564 355 3 0.499956 0.457225 0.0427308 5 4 5 4
26134 25842 292 9 0.599935 0.565223 0.0347124 5 4 5 3
26830 26598 232 8 0.799982 0.774212 0.0257707 8 1 7 1
26974 26683 291 7 0.799927 0.766541 0.0333857 6 3 5 2
27001 26908 93 2 0.899932 0.886749 0.0131832 6 3 3 2
27138 27052 86 0 0.399807 0.3865 0.0133078 4 5 4 5
28880 28827 53 4 0.599898 0.592929 0.00696862 7 2 7 2
28896 28545 351 6 0.499969 0.456391 0.0435775 7 2 7 2
28997 28879 118 1 0.299905 0.285617 0.014288 7 2 7 2
29149 28997 152 3 0.899962 0.881879 0.0180825 8 1 5 0
29360 29307 53 5 0.599898 0.592187 0.00771186 6 3 6 3
