786 717 69 5 0.899784 0.890091 0.00969358 3 1 3 1
841 707 134 0 0.899979 0.88222 0.0177588 4 0 4 0
2544 2349 195 2 0.699904 0.67649 0.0234141 8 0 8 0
3513 3282 231 1 0.599918 0.565608 0.0343101 8 0 8 0
3612 3257 355 6 0.599928 0.559506 0.0404218 8 0 8 0
4127 4074 53 9 0.499934 0.493557 0.00637709 7 2 7 2
4273 4086 187 3 0.499856 0.474767 0.0250889 8 1 8 1
4689 4467 222 0 0.599907 0.573476 0.026431 7 2 7 2
5043 4888 155 4 0.399944 0.381561 0.0183824 7 2 8 2
5794 5714 80 7 0.299837 0.287914 0.0119234 4 5 4 5
6782 6605 177 8 0.199899 0.17986 0.020039 6 3 6 3
7198 6905 293 5 0.299925 0.266151 0.0337744 7 2 7 2
9065 8860 205 2 0.399937 0.373701 0.0262355 8 1 8 1
11335 11184 151 6 0.29991 0.281095 0.0188147 8 1 8 1
11528 11190 338 9 0.39995 0.361369 0.038581 8 1 6 1
12424 12077 347 3 0.299958 0.254491 0.0454678 8 1 7 1
12900 12691 209 1 0.099899 0.0757559 0.0241431 9 0 9 0
13341 13280 61 4 0.299868 0.290794 0.0090736 7 2 7 2
13926 13813 113 0 0.099978 0.0866787 0.0132994 7 2 7 2
15334 15135 199 8 0.399913 0.377274 0.0226394 7 2 7 2
16145 16092 53 7 0.0999816 0.0901526 0.00982897 8 1 8 1
17068 16868 200 5 0.199945 0.17617 0.0237744 9 0 9 0
17656 17429 227 2 0.299946 0.272462 0.0274838 4 5 4 5
19861 19643 218 3 0.499982 0.473592 0.0263898 6 3 5 3
20185 20127 58 6 0.299897 0.290892 0.00900541 6 3 6 3
21828 21644 184 9 0.099975 0.076421 0.0235541 9 0 9 0
22087 21734 353 1 0.399777 0.356496 0.0432811 6 3 6 3
22871 22714 157 0 0.399964 0.379314 0.0206505 5 4 5 4
22988 22799 189 4 0.199975 0.175608 0.0243671 5 4 4 4
24004 23650 354 8 0.299959 0.256401 0.0435587 5 4 5 4
26704 26462 242 2 0.299931 0.268386 0.0315452 7 2 7 2
27217 26966 251 5 0.199997 0.171331 0.0286664 8 1 8 1
27332 27279 53 7 0.0998942 0.0923508 0.00754344 9 0 9 0
29819 29447 372 3 0.0999148 0.0550712 0.0448436 9 0 9 0
30556 30478 78 6 0.0999139 0.0900715 0.00984244 5 4 5 4
31663 31383 280 4 0.399929 0.364421 0.0355084 8 1 8 1
32433 32227 206 1 0.0999349 0.077077 0.0228579 6 3 6 3
33008 32791 217 0 0.0999408 0.0738657 0.0260751 8 1 8 1
33072 32872 200 8 0.299933 0.274688 0.0252457 5 4 5 4
33332 33112 220 9 0.0999127 0.0744458 0.0254669 9 0 9 0
34788 34726 62 2 0.399936 0.391122 0.00881395 4 5 4 5
37048 36767 281 7 0.299935 0.267721 0.0322146 6 3 6 3
38118 38063 55 5 0.0999429 0.0920342 0.00790879 9 0 9 0
38190 37879 311 3 0.499957 0.463283 0.0366743 8 1 8 1
41320 41263 57 1 0.399921 0.392447 0.00747367 7 2 7 2
41579 41320 259 9 0.499908 0.468567 0.0313409 8 1 6 1
41852 41656 196 6 0.0998103 0.0754577 0.0243525 7 2 7 2
41936 41830 106 4 0.0999709 0.0883197 0.0116511 7 2 7 2
42707 42626 81 0 0.29999 0.288812 0.0111783 7 2 7 2
43038 42754 284 8 0.199981 0.166596 0.0333858 4 5 4 5
44673 44620 53 2 0.0999037 0.0917736 0.00813006 5 4 5 4
45600 45374 226 3 0.399954 0.373344 0.0266103 4 5 4 5
46183 45873 310 7 0.299899 0.262224 0.037675 7 2 7 2
48844 48786 58 9 0.399964 0.392437 0.00752699 6 3 6 3
48987 48813 174 1 0.399998 0.379096 0.020902 6 3 6 3
49572 49244 328 5 0.0999364 0.0616208 0.0383156 8 1 8 1
50867 50610 257 4 0.399969 0.367389 0.0325806 7 2 7 2
51022 50688 334 6 0.399918 0.360698 0.03922 6 3 6 3
51619 51400 219 0 0.299928 0.274562 0.0253661 7 2 7 2
54269 53903 366 8 0.0999229 0.053731 0.0461919 7 2 7 2
54300 54009 291 3 0.299913 0.264627 0.0352863 8 1 8 1
55580 55443 137 9 0.499899 0.482935 0.0169647 9 0 9 0
56157 55809 348 2 0.0998215 0.060244 0.0395775 6 3 6 3
56873 56556 317 7 0.0999427 0.0604808 0.0394619 8 1 8 1
57355 57249 106 1 0.299924 0.285657 0.0142668 7 2 7 2
60121 60035 86 5 0.1998 0.188307 0.011493 6 3 6 3
60375 60036 339 4 0.199918 0.15823 0.0416884 6 3 6 3
61229 61124 105 6 0.0999706 0.0872545 0.0127161 9 0 9 0
61486 61195 291 0 0.19994 0.165152 0.0347879 6 3 6 3
64041 63849 192 3 0.19994 0.176607 0.0233328 6 3 6 3
64535 64264 271 9 0.199954 0.167548 0.0324062 6 3 6 3
65578 65423 155 8 0.0999023 0.0808 0.0191023 7 2 7 2
66859 66593 266 2 0.19998 0.168592 0.031388 5 4 5 4
67683 67381 302 7 0.199924 0.165224 0.0346993 7 2 7 2
67785 67617 168 5 0.49993 0.478703 0.0212269 4 5 4 5
67864 67742 122 1 0.0999793 0.0835657 0.0164135 5 4 5 4
70827 70460 367 4 0.199982 0.156922 0.0430598 7 2 7 2
71096 70800 296 0 0.299973 0.266183 0.0337898 6 3 6 3
72599 72518 81 6 0.0998994 0.0903751 0.00952427 6 3 6 3
73318 73203 115 3 0.299936 0.285275 0.0146613 7 2 7 2
75308 75099 209 8 0.29995 0.273467 0.0264828 8 1 8 1
75372 75318 54 9 0.0999205 0.090993 0.00892753 6 3 6 3
75580 75260 320 2 0.399897 0.361152 0.0387456 8 1 8 1
75939 75864 75 5 0.299907 0.291666 0.00824111 7 2 7 2
76286 76134 152 7 0.399978 0.379421 0.0205565 5 4 4 4
77681 77404 277 1 0.299976 0.266827 0.0331492 7 2 7 2
79298 79028 270 0 0.399911 0.367196 0.032715 8 1 7 1
79410 79272 138 4 0.399935 0.382936 0.0169986 7 2 7 2
82496 82354 142 9 0.599959 0.583408 0.0165511 8 1 8 1
82958 82858 100 3 0.199941 0.187505 0.0124361 7 2 7 2
83968 83805 163 6 0.0999542 0.0809566 0.0189976 9 0 9 0
84239 83932 307 2 0.299951 0.265173 0.0347778 9 0 9 0
84327 84095 232 8 0.299964 0.272863 0.0271009 9 0 9 0
85748 85394 354 7 0.199981 0.159005 0.0409765 7 2 7 2
86170 86115 55 5 0.0999521 0.0924518 0.00750024 8 1 8 1
87845 87767 78 4 0.299994 0.290146 0.00984886 5 4 5 4
88232 87987 245 1 0.0999317 0.0718745 0.0280572 5 4 5 4
89229 88907 322 0 0.099961 0.0602837 0.0396773 5 4 5 4
91537 91306 231 3 0.399979 0.374514 0.0254648 7 2 6 2
91780 91725 55 9 0.0999076 0.0926373 0.00727032 7 2 7 2
93306 93126 180 2 0.299963 0.276673 0.0232903 7 2 7 2
93494 93222 272 8 0.29994 0.265072 0.0348682 5 4 5 4
95302 95138 164 6 0.0999373 0.0792772 0.0206601 6 3 6 3
95988 95658 330 4 0.39993 0.361102 0.0388281 8 1 8 1
96547 96494 53 9 0.871934 0.864944 0.00698975 5 4 0 2
96673 96594 79 7 0.0945327 0.0837484 0.0107844 5 4 5 4
97327 97192 135 5 0.0998464 0.0842529 0.0155935 6 3 6 3
99023 98750 273 1 0.199908 0.167764 0.032144 5 4 5 4
99938 99758 180 0 0.199931 0.178047 0.0218832 5 4 5 4
100046 99897 149 3 0.29992 0.282448 0.0174718 5 4 5 4
101720 101437 283 8 0.399902 0.363321 0.0365812 7 2 7 2
102306 102062 244 9 0.399891 0.371261 0.0286299 5 4 5 4
102324 102039 285 2 0.299896 0.267792 0.032104 9 0 8 0
103390 103203 187 6 0.499923 0.476256 0.0236665 7 2 7 2
104702 104462 240 4 0.29992 0.272841 0.0270787 7 2 7 2
107055 106687 368 0 0.599908 0.553566 0.0463412 7 2 7 2
108125 107898 227 7 0.0999535 0.0706093 0.0293442 9 0 9 0
108330 108272 58 1 0.29991 0.291693 0.0082167 7 2 7 2
108718 108485 233 5 0.0999484 0.0731149 0.0268336 6 3 6 3
110543 110476 67 3 0.0889878 0.0788722 0.0101156 7 2 7 2
112109 111831 278 8 0.0999615 0.0683213 0.0316402 6 3 6 3
112217 112164 53 9 0.0999274 0.0911996 0.00872782 7 2 7 2
113065 112873 192 2 0.0999315 0.0771929 0.0227386 5 4 5 4
113369 113126 243 6 0.0999557 0.071045 0.0289107 8 1 8 1
115350 115038 312 4 0.0999378 0.0581929 0.0417449 7 2 7 2
116743 116432 311 0 0.0998917 0.0606266 0.0392651 6 3 6 3
117138 116965 173 1 0.299903 0.278953 0.0209502 6 3 6 3
117796 117620 176 7 0.299919 0.277028 0.0228906 6 3 6 3
119383 119207 176 5 0.199964 0.178525 0.021439 6 3 6 3
120106 120053 53 9 0.49999 0.493647 0.0063426 6 3 6 3
120615 120496 119 6 0.599966 0.584289 0.0156773 7 2 6 2
120953 120899 54 8 0.399924 0.39246 0.00746449 6 3 6 3
121481 121102 379 2 0.499919 0.454508 0.0454113 6 3 6 3
122206 121874 332 3 0.0999947 0.0617985 0.0381962 5 4 5 4
122464 122272 192 0 0.799999 0.778001 0.0219977 6 3 2 1
123753 123428 325 4 0.49989 0.460877 0.0390121 7 2 6 2
124615 124283 332 1 0.499834 0.460888 0.0389467 4 5 4 5
125985 125763 222 7 0.399963 0.375241 0.0247224 6 3 6 3
125991 125611 380 6 0.599933 0.551638 0.048295 6 3 6 3
127019 126894 125 5 0.49995 0.484521 0.0154289 7 2 7 2
129841 129657 184 9 0.0999531 0.0768407 0.0231124 9 0 9 0
130250 130090 160 0 0.199923 0.179179 0.0207435 8 1 8 1
130971 130783 188 3 0.399998 0.376179 0.0238193 8 1 8 0
131062 131009 53 2 0.0972349 0.088737 0.00849791 6 3 6 3
131091 130800 291 8 0.099973 0.0637016 0.0362713 8 1 8 1
131999 131807 192 1 0.399968 0.377592 0.0223764 8 1 7 1
132610 132553 57 4 0.199932 0.192799 0.00713303 8 1 8 1
134507 134209 298 5 0.399971 0.362487 0.0374849 7 2 7 2
134510 134333 177 7 0.299964 0.279061 0.0209029 3 6 3 6
134761 134511 250 6 0.199997 0.16931 0.0306865 5 4 5 4
139398 139337 61 3 0.299941 0.291445 0.00849576 9 0 9 0
139884 139763 121 2 0.399926 0.384671 0.0152551 9 0 9 0
140515 140268 247 9 0.19997 0.17049 0.0294795 8 1 8 1
140696 140386 310 1 0.299898 0.262466 0.037432 9 0 9 0
141210 141059 151 0 0.0999039 0.0805362 0.0193678 7 2 7 2
142593 142346 247 8 0.0999616 0.0717734 0.0281882 7 2 7 2
143507 143336 171 4 0.0999963 0.0773998 0.0225964 6 3 6 3
144841 144594 247 5 0.0999004 0.0685229 0.0313775 5 4 5 4
144984 144859 125 6 0.199904 0.182434 0.0174704 4 5 4 5
145368 145060 308 7 0.0999105 0.0629116 0.0369989 8 1 8 1
146516 146423 93 2 0.499977 0.486781 0.0131954 4 5 4 5
148453 148151 302 3 0.299973 0.26428 0.0356934 5 4 5 4
149111 148787 324 1 0.399979 0.361866 0.0381131 6 3 5 3
151483 151426 57 8 0.399904 0.392016 0.00788772 7 2 7 2
151726 151413 313 9 0.0999583 0.0650025 0.0349558 7 2 7 2
152602 152338 264 0 0.0999177 0.0694886 0.0304291 7 2 7 2
154964 154689 275 4 0.099876 0.0667296 0.0331464 9 0 9 0
155307 155189 118 2 0.199997 0.185587 0.0144106 7 2 7 2
155869 155780 89 6 0.0999815 0.0892075 0.010774 5 4 5 4
156478 156111 367 5 0.0999879 0.0566769 0.0433111 5 4 5 4
156803 156677 126 7 0.0999951 0.0829301 0.0170649 8 1 8 1
159071 158924 147 3 0.0999168 0.0821687 0.0177481 8 1 8 1
159565 159161 404 1 0.0999909 0.0479031 0.0520878 6 3 6 3
160776 160563 213 8 0.199912 0.175325 0.0245868 5 4 5 4
161470 161371 99 0 0.399968 0.386119 0.013849 7 2 7 2
163338 163197 141 9 0.0999051 0.081779 0.0181261 7 2 7 2
164734 164434 300 2 0.299974 0.264961 0.0350129 5 4 5 4
166492 166236 256 4 0.0999833 0.0670034 0.03298 8 1 8 1
166498 166244 254 6 0.199915 0.169328 0.0305868 7 2 7 2
167438 167198 240 7 0.199916 0.173398 0.0265184 7 2 6 2
168160 167757 403 5 0.0997664 0.0504883 0.0492781 7 2 7 2
169882 169536 346 3 0.199905 0.15689 0.0430155 5 4 5 4
171031 170766 265 8 0.199979 0.167516 0.0324631 5 4 5 4
171114 171044 70 1 0.0999368 0.0922457 0.00769111 6 3 6 3
171708 171449 259 0 0.0999101 0.0673581 0.032552 9 0 9 0
173989 173641 348 9 0.199926 0.156012 0.0439139 6 3 6 3
174660 174536 124 2 0.199905 0.184716 0.0151884 7 2 7 2
175234 175181 53 4 0.399922 0.391632 0.00828953 7 2 5 2
177813 177454 359 6 0.0999758 0.0575257 0.04245 6 3 6 3
178469 178299 170 7 0.0999019 0.0808027 0.0190992 8 1 8 1
178606 178304 302 3 0.399962 0.36578 0.034182 8 1 7 1
178715 178611 104 8 0.499996 0.486363 0.0136331 8 1 8 1
179796 179532 264 5 0.0999947 0.0695657 0.030429 6 3 6 3
181501 181404 97 1 0.19993 0.186822 0.0131084 5 4 5 4
181588 181482 106 0 0.299916 0.284564 0.0153522 2 7 2 7
183136 182782 354 4 0.399929 0.360178 0.0397505 6 3 6 3
183392 183272 120 9 0.299956 0.285002 0.0149548 5 4 5 4
183969 183820 149 2 0.299913 0.280192 0.0197212 7 2 6 2
185753 185439 314 3 0.499942 0.463149 0.0367931 9 0 6 0
186025 185860 165 8 0.399994 0.378854 0.0211396 5 4 5 4
188456 188266 190 6 0.199921 0.178088 0.0218326 8 1 8 1
188754 188662 92 0 0.499987 0.48837 0.0116173 8 1 8 1
189009 188933 76 7 0.199918 0.189147 0.0107711 9 0 9 0
191322 191077 245 5 0.0999424 0.0689757 0.0309667 7 2 7 2
192477 192276 201 1 0.0998832 0.0774775 0.0224057 6 3 6 3
193104 193019 85 4 0.0999592 0.0872235 0.0127357 7 2 7 2
194091 193733 358 9 0.0999497 0.0581018 0.0418479 9 0 9 0
194553 194252 301 2 0.0999197 0.0649353 0.0349844 6 3 6 3
195537 195484 53 3 0.0999601 0.0914486 0.0085115 6 3 6 3
196190 196037 153 8 0.0999045 0.0813877 0.0185168 6 3 6 3
197948 197699 249 6 0.299885 0.272105 0.0277801 6 3 6 3
198498 198347 151 0 0.099891 0.080315 0.019576 5 4 5 4
199082 198860 222 7 0.199928 0.173795 0.0261329 6 3 6 3
199380 199282 98 5 0.49982 0.486828 0.0129921 3 6 3 6
201892 201639 253 4 0.399946 0.370506 0.0294399 7 2 6 2
202238 202185 53 9 0.499844 0.492002 0.00784233 7 2 6 2
202639 202197 442 1 0.299916 0.233616 0.0662994 6 3 6 3
202868 202815 53 3 0.568246 0.56177 0.00647629 4 5 3 4
203635 203355 280 2 0.399979 0.367743 0.0322365 6 3 6 3
205071 204795 276 5 0.599905 0.568434 0.0314712 7 2 6 1
205315 205147 168 6 0.499892 0.477588 0.0223041 7 2 7 2
205854 205611 243 0 0.59995 0.569422 0.0305282 7 2 6 1
206747 206694 53 8 0.199923 0.19266 0.007263 7 2 7 2
208555 208305 250 7 0.29996 0.268738 0.0312223 8 1 8 1
209953 209681 272 3 0.399945 0.366131 0.0338135 8 1 8 1
210096 209953 143 1 0.499909 0.479857 0.020052 7 2 6 2
210431 210139 292 9 0.299979 0.263508 0.0364707 8 1 8 1
210640 210265 375 4 0.299945 0.256059 0.0438855 6 3 6 3
211835 211734 101 5 0.399905 0.387358 0.0125469 5 4 5 4
212958 212723 235 2 0.199938 0.165782 0.0341561 5 4 5 4
212992 212681 311 0 0.399917 0.362083 0.0378341 6 3 6 3
214086 214017 69 6 0.199978 0.191911 0.00806755 6 3 5 3
215766 215706 60 7 0.499907 0.491048 0.00885841 7 2 7 2
216045 215918 127 8 0.299911 0.285643 0.0142686 6 3 6 3
216092 215888 204 3 0.599951 0.576207 0.0237443 6 3 6 3
216424 216356 68 1 0.499891 0.490029 0.00986213 7 2 7 2
217914 217751 163 4 0.499871 0.481327 0.0185434 5 4 5 4
217950 217661 289 5 0.599915 0.565007 0.0349078 9 0 7 0
218786 218425 361 9 0.399908 0.359526 0.0403816 8 1 7 1
219069 218927 142 0 0.599953 0.581111 0.0188417 6 3 4 3
219153 218929 224 2 0.699927 0.673413 0.0265144 7 2 6 1
220505 220392 113 7 0.699981 0.685645 0.0143369 5 4 3 4
221634 221433 201 5 0.8 0.776675 0.0233247 8 1 5 1
223143 222835 308 3 0.399896 0.364992 0.0349049 9 0 9 0
223975 223877 98 8 0.399932 0.385631 0.0143012 9 0 9 0
224270 224083 187 6 0.199914 0.177064 0.02285 8 1 8 1
224721 224377 344 1 0.29994 0.256143 0.0437967 8 1 8 1
225714 225660 54 4 0.299821 0.291155 0.00866668 5 4 5 4
226659 226591 68 0 0.299778 0.289892 0.0098863 8 1 8 1
228096 227855 241 2 0.0999671 0.0709542 0.0290129 7 2 7 2
228142 227999 143 9 0.199962 0.180407 0.0195543 6 3 6 3
228465 228346 119 5 0.299996 0.285639 0.0143564 6 3 6 3
229592 229328 264 7 0.0998914 0.0679956 0.0318958 4 5 4 5
230678 230562 116 8 0.499955 0.485 0.0149552 8 1 5 1
230770 230717 53 3 0.399907 0.392844 0.00706306 7 2 6 2
232829 232697 132 6 0.399986 0.382979 0.0170068 7 2 7 2
233814 233547 267 1 0.299943 0.267711 0.0322318 6 3 6 3
234642 234492 150 4 0.299957 0.281551 0.0184059 8 1 8 1
234773 234676 97 5 0.599964 0.586496 0.0134683 6 3 6 3
234790 234543 247 0 0.4 0.368895 0.0311042 9 0 9 0
235142 234848 294 9 0.599895 0.564377 0.0355186 8 1 7 1
236811 236741 70 7 0.599989 0.588984 0.0110053 6 3 6 3
237157 236846 311 2 0.399904 0.364838 0.0350655 5 4 4 4
239659 239434 225 8 0.199897 0.172503 0.0273942 7 2 7 2
240941 240648 293 3 0.099982 0.0668716 0.0331104 8 1 8 1
241364 241202 162 6 0.299927 0.281198 0.0187295 7 2 7 2
241759 241657 102 1 0.39994 0.387272 0.0126681 9 0 9 0
242165 241902 263 9 0.399893 0.367588 0.0323047 7 2 7 2
243936 243852 84 5 0.0999532 0.0887734 0.0111799 6 3 6 3
244283 244178 105 4 0.199951 0.185412 0.0145394 6 3 6 3
244944 244767 177 0 0.0997583 0.0775821 0.0221762 7 2 7 2
246015 245931 84 7 0.0999891 0.0892253 0.0107638 7 2 7 2
246745 246400 345 2 0.199946 0.158603 0.0413439 5 4 5 3
249104 248935 169 8 0.299968 0.280247 0.0197208 5 4 5 4
249929 249792 137 9 0.399907 0.382444 0.0174624 6 3 6 3
250459 250183 276 6 0.299922 0.267856 0.0320664 7 2 6 2
250688 250626 62 3 0.299903 0.291611 0.00829212 7 2 6 2
251314 250973 341 1 0.199902 0.159421 0.0404808 3 6 3 6
252823 252665 158 4 0.399954 0.380109 0.0198447 6 3 5 3
254608 254441 167 2 0.499985 0.479316 0.020669 6 3 5 3
255460 255188 272 5 0.0999803 0.0690871 0.0308932 6 3 6 3
256373 256280 93 0 0.0997716 0.0855519 0.0142197 6 3 6 3
256558 256471 87 7 0.199915 0.190242 0.00967297 6 3 5 3
258168 258108 60 9 0.299979 0.290995 0.00898392 5 4 5 4
258866 258500 366 3 0.399911 0.357494 0.0424168 5 4 5 3
259053 258850 203 8 0.199977 0.176289 0.0236877 7 2 7 1
259466 259402 64 6 0.299988 0.292094 0.00789354 6 3 6 3
261462 261213 249 1 0.199935 0.166885 0.0330502 7 2 7 2
263145 262805 340 4 0.0999937 0.0600894 0.0399043 8 1 8 1
263367 263283 84 2 0.199896 0.187955 0.0119407 6 3 6 3
266011 265633 378 3 0.499995 0.451978 0.0480169 8 1 8 1
266813 266514 299 8 0.499962 0.463402 0.0365604 6 3 6 3
266979 266663 316 5 0.0998906 0.0634677 0.0364229 7 2 7 2
267031 266860 171 9 0.299919 0.276664 0.0232545 5 4 5 4
267433 267310 123 7 0.0999502 0.0794168 0.0205333 6 3 6 3
267662 267424 238 0 0.0998789 0.0701453 0.0297336 7 2 7 2
269241 269047 194 6 0.199974 0.176608 0.0233666 6 3 6 3
269922 269869 53 8 0.899863 0.891009 0.00885398 3 6 0 3
269983 269902 81 1 0.399893 0.388953 0.0109398 3 6 3 5
271917 271679 238 2 0.399965 0.372811 0.0271543 5 4 5 4
272161 272047 114 4 0.399943 0.385728 0.0142155 5 4 4 4
274182 274125 57 3 0.299886 0.291595 0.00829137 7 2 7 2
276195 275848 347 9 0.299941 0.257799 0.0421418 6 3 6 3
276332 275991 341 8 0.299987 0.259675 0.040311 8 1 8 1
278097 277773 324 7 0.199903 0.162971 0.0369316 9 0 9 0
278191 278136 55 1 0.299928 0.292453 0.00747445 7 2 7 2
278484 278188 296 5 0.0999742 0.0645778 0.0353964 9 0 9 0
278960 278866 94 0 0.0999252 0.0883169 0.0116082 8 1 8 1
280016 279919 97 6 0.0997725 0.0865379 0.0132346 5 4 5 4
281529 281205 324 4 0.19991 0.158526 0.0413835 5 4 5 4
282172 281979 193 2 0.0999136 0.0775466 0.022367 6 3 6 3
283845 283640 205 8 0.499924 0.474735 0.0251895 8 1 5 1
284820 284617 203 3 0.0999961 0.0753619 0.0246342 6 3 6 3
285227 285146 81 1 0.499904 0.487429 0.0124743 8 1 7 1
285925 285829 96 9 0.199862 0.187516 0.0123459 4 5 4 5
289181 288887 294 5 0.199846 0.163406 0.0364402 7 2 7 2
289232 289024 208 7 0.0999695 0.0749055 0.0250639 8 1 8 1
290490 290436 54 6 0.199874 0.192002 0.00787273 7 2 7 2
290512 290182 330 0 0.0999366 0.0609563 0.0389803 7 2 7 2
290959 290786 173 4 0.299999 0.277596 0.0224023 8 1 8 1
293464 293411 53 2 0.0999864 0.0923292 0.00765716 7 2 7 2
293652 293535 117 8 0.099982 0.0867515 0.0132305 6 3 6 3
294951 294744 207 1 0.0998942 0.0748024 0.0250918 7 2 7 2
295218 295081 137 9 0.299957 0.283873 0.0160837 6 3 5 3
295513 295290 223 3 0.199952 0.171219 0.0287332 6 3 6 3
298389 298113 276 7 0.399977 0.363152 0.036825 6 3 6 3
299322 299230 92 5 0.199967 0.189638 0.0103286 8 1 8 1
