1347 827 520 0 0.899925 0.839569 0.060356 3 0 3 0
2451 2352 99 6 0.69978 0.686762 0.0130179 8 0 8 0
2478 2371 107 9 0.699983 0.687219 0.0127643 8 0 8 0
2572 2402 170 4 0.699976 0.678118 0.0218576 6 3 6 3
3332 3277 55 8 0.599873 0.591771 0.0081025 6 3 6 3
3527 3246 281 5 0.599914 0.564705 0.0352087 7 0 7 0
4400 4039 361 1 0.499947 0.453633 0.0463144 6 3 6 3
4814 4656 158 2 0.399932 0.377236 0.0226959 9 0 9 0
6030 5692 338 3 0.299956 0.259035 0.0409202 7 2 7 2
7679 7362 317 7 0.0999124 0.061053 0.0388594 7 2 7 2
7950 7765 185 9 0.499991 0.477314 0.0226768 7 2 7 2
7970 7784 186 6 0.499809 0.475205 0.0246038 6 3 6 3
9094 8717 377 0 0.199878 0.154283 0.0455949 7 2 7 2
10577 10332 245 5 0.399935 0.369337 0.0305984 7 2 7 2
11419 11236 183 4 0.0999509 0.076218 0.0237329 7 2 7 2
11850 11494 356 2 0.499932 0.450967 0.0489643 8 1 7 1
12642 12472 170 1 0.299957 0.280973 0.018984 4 5 4 5
12734 12383 351 8 0.0999834 0.0586744 0.0413091 5 4 5 4
15982 15885 97 9 0.299883 0.287742 0.0121406 7 2 7 2
16105 15922 183 6 0.299923 0.27903 0.0208934 7 2 7 2
16537 16433 104 3 0.0999944 0.0861872 0.0138072 7 2 7 2
18339 18171 168 7 0.199913 0.178057 0.0218558 8 1 8 1
18585 18188 397 5 0.399861 0.349598 0.0502632 7 2 7 2
19238 19161 77 2 0.399946 0.388326 0.0116197 5 4 5 4
19447 19181 266 0 0.19992 0.168407 0.0315127 6 3 6 3
20281 20219 62 4 0.39989 0.39127 0.00861989 5 4 4 4
22653 22350 303 8 0.299925 0.262702 0.0372237 5 4 5 3
23162 22977 185 1 0.0999952 0.0789481 0.0210471 7 2 7 2
23909 23683 226 9 0.399963 0.372324 0.0276392 6 3 6 2
25299 24944 355 6 0.299906 0.258827 0.0410784 7 2 7 2
26456 26193 263 3 0.299911 0.268209 0.0317016 7 2 7 2
26613 26527 86 7 0.399962 0.388119 0.0118434 6 3 6 3
27194 27051 143 5 0.299982 0.282467 0.0175146 6 3 6 3
27788 27641 147 4 0.399906 0.382054 0.0178517 4 5 4 4
29472 29150 322 2 0.0999685 0.0600691 0.0398994 5 4 5 4
30405 30284 121 0 0.0999983 0.0852686 0.0147297 6 3 6 3
32020 31933 87 1 0.399894 0.388844 0.0110498 9 0 9 0
33417 33226 191 8 0.0999111 0.0761962 0.0237148 6 3 6 3
34173 33938 235 9 0.0999776 0.0741365 0.0258411 7 2 7 2
35162 34868 294 6 0.199978 0.165927 0.034051 6 3 6 3
36117 35737 380 7 0.19999 0.155666 0.0443241 6 3 6 3
37136 36955 181 4 0.199908 0.179895 0.0200124 4 5 4 5
37176 37005 171 3 0.0999239 0.077102 0.022822 6 3 6 3
37919 37591 328 5 0.0999173 0.0598832 0.040034 7 2 7 2
41091 40844 247 2 0.0999241 0.0718893 0.0280348 6 3 6 3
41130 41077 53 1 0.199934 0.191356 0.00857836 6 3 6 3
41973 41671 302 0 0.0998971 0.0625962 0.0373009 6 3 6 3
42384 42147 237 9 0.499952 0.46935 0.0306026 7 2 7 2
44938 44676 262 8 0.0999156 0.066642 0.0332735 6 3 6 3
45096 44783 313 4 0.499943 0.461909 0.0380338 5 4 5 3
46359 46018 341 6 0.0999074 0.0618007 0.0381067 6 3 6 2
46398 46067 331 7 0.199918 0.159039 0.0408794 6 3 6 3
48691 48447 244 3 0.0997873 0.0707348 0.0290526 7 2 7 2
48919 48536 383 5 0.199913 0.151001 0.0489119 6 3 6 3
50672 50347 325 9 0.299999 0.26013 0.0398686 7 2 7 2
50911 50679 232 2 0.299944 0.273914 0.02603 6 3 6 3
52195 51680 515 0 0.299991 0.244674 0.0553166 7 2 7 2
52195 51815 380 1 0.0999868 0.0562902 0.0436966 5 4 5 4
54979 54775 204 4 0.0998521 0.0724045 0.0274476 7 2 7 2
56016 55602 414 7 0.299991 0.249676 0.0503148 9 0 9 0
56407 56085 322 8 0.09977 0.0595797 0.0401903 7 2 7 2
57638 57376 262 5 0.399998 0.369312 0.0306856 6 3 6 3
57694 57497 197 6 0.0999126 0.0739627 0.0259499 5 4 5 4
58485 58248 237 3 0.299926 0.269643 0.0302829 5 4 5 4
60863 60808 55 1 0.399896 0.39204 0.00785577 2 7 2 6
61307 60566 741 2 0.199907 0.0919389 0.107968 6 3 6 3
61442 61226 216 9 0.0999454 0.0712233 0.0287221 6 3 6 3
62130 61905 225 0 0.199781 0.171448 0.0283334 9 0 9 0
65062 64834 228 7 0.299902 0.272851 0.0270512 6 3 5 3
66406 66103 303 4 0.0999193 0.0622728 0.0376465 8 1 8 1
67770 67674 96 5 0.0998772 0.0858681 0.0140091 8 1 8 1
67785 67522 263 8 0.0999489 0.0683 0.031649 7 2 7 2
68174 68000 174 6 0.199989 0.180031 0.019958 8 1 8 1
69012 68905 107 3 0.0999173 0.0866822 0.013235 6 3 6 3
71083 70758 325 1 0.0999924 0.0619483 0.038044 6 3 6 3
72098 71746 352 9 0.199893 0.154974 0.0449191 4 5 4 5
72450 72224 226 7 0.499914 0.4726 0.0273132 5 4 5 4
72666 72511 155 2 0.0999346 0.0780085 0.0219261 7 2 7 2
73252 72905 347 0 0.0999316 0.0613983 0.0385333 5 4 4 4
76120 76060 60 4 0.28337 0.276137 0.00723362 6 3 6 3
76349 76247 102 5 0.399979 0.384944 0.0150344 4 5 4 5
76665 76611 54 8 0.399927 0.392424 0.00750357 7 2 7 2
76824 76490 334 6 0.399975 0.35898 0.0409944 5 4 5 4
78787 78600 187 3 0.299868 0.269361 0.0305072 7 2 7 2
79933 79880 53 1 0.399988 0.391612 0.0083764 8 1 6 1
80591 80433 158 9 0.399929 0.375965 0.0239638 7 2 7 1
81592 81269 323 7 0.199896 0.1633 0.0365956 7 2 7 2
83591 83438 153 0 0.199947 0.180507 0.0194397 7 2 7 2
83968 83796 172 2 0.0999338 0.080784 0.0191498 6 3 6 3
84136 84028 108 8 0.399978 0.386611 0.0133672 9 0 9 0
85596 85231 365 6 0.299928 0.256041 0.0438876 7 2 7 2
86571 86338 233 5 0.0999678 0.0723839 0.0275839 5 4 5 4
86823 86566 257 4 0.0999591 0.0705505 0.0294086 5 4 5 4
87122 86798 324 3 0.399911 0.362363 0.0375481 8 1 7 1
89248 88921 327 9 0.299921 0.259249 0.0406716 5 4 5 4
90121 89970 151 1 0.0999796 0.0818264 0.0181532 5 4 5 4
92520 92467 53 7 0.0999267 0.0922165 0.00771018 7 2 7 2
92735 92682 53 0 0.299962 0.292709 0.00725333 9 0 9 0
93045 92677 368 2 0.399941 0.355369 0.044572 7 2 7 2
93072 92740 332 6 0.49996 0.457922 0.0420377 7 2 6 2
94496 94153 343 8 0.0998938 0.0596725 0.0402213 6 3 6 3
95908 95635 273 4 0.39997 0.367494 0.0324754 5 4 5 4
97160 97034 126 5 0.199946 0.183532 0.0164139 6 3 6 3
97207 97154 53 3 0.0998794 0.0922267 0.0076527 7 2 7 2
97257 97195 62 1 0.599881 0.593473 0.00640791 4 5 4 5
97424 97371 53 2 0.799845 0.793256 0.00658891 7 2 3 0
99908 99796 112 9 0.0999914 0.0862291 0.0137623 6 3 6 3
101138 100813 325 2 0.699947 0.660528 0.0394192 6 3 5 3
101316 101208 108 7 0.399961 0.38759 0.0123708 6 3 6 3
102570 102308 262 0 0.199819 0.169235 0.0305841 7 2 7 2
102783 102527 256 6 0.0999226 0.0685006 0.031422 8 1 8 1
104530 104349 181 4 0.29996 0.279086 0.0208735 7 2 7 1
104746 104497 249 1 0.299978 0.268199 0.031779 8 1 8 1
105750 105671 79 8 0.0999755 0.090332 0.0096435 7 2 7 2
107725 107582 143 3 0.199909 0.182405 0.0175043 7 2 7 2
108457 108115 342 5 0.0998932 0.0566344 0.0432588 7 2 7 2
109130 108842 288 7 0.399928 0.364836 0.0350922 8 1 7 0
109255 109202 53 2 0.199936 0.192183 0.00775284 6 3 6 3
109390 109337 53 9 0.299767 0.290925 0.00884161 6 3 5 3
112190 111941 249 1 0.499976 0.469075 0.0309012 5 4 5 4
113585 113281 304 6 0.199929 0.164907 0.0350227 6 3 6 3
113919 113565 354 0 0.099998 0.0577306 0.0422674 6 3 6 3
114248 114145 103 4 0.199979 0.186569 0.0134103 7 2 7 2
114640 114499 141 8 0.399986 0.38247 0.0175156 8 1 8 1
118773 118499 274 3 0.0999385 0.0670454 0.0328931 9 0 9 0
118802 118536 266 1 0.499951 0.467479 0.0324712 8 1 8 1
119511 119163 348 7 0.0999415 0.0574514 0.0424901 9 0 9 0
120046 119985 61 2 0.0999629 0.0907174 0.00924549 7 2 7 2
120051 119789 262 9 0.0999757 0.067646 0.0323298 9 0 9 0
120078 119790 288 5 0.0999039 0.0628058 0.037098 8 1 8 1
123276 123023 253 8 0.299917 0.268123 0.0317946 5 4 5 4
124568 124418 150 6 0.0998916 0.0831016 0.0167899 8 1 8 1
125359 125082 277 4 0.0999982 0.0656734 0.0343247 6 3 6 3
125438 125155 283 0 0.0999268 0.066566 0.0333607 8 1 8 1
128647 128414 233 1 0.0999086 0.0706307 0.0292779 6 3 6 3
129334 129089 245 7 0.299891 0.266076 0.033815 6 3 6 3
129389 129228 161 3 0.199951 0.176231 0.02372 6 3 6 3
130465 130406 59 2 0.199906 0.191497 0.00840816 9 0 9 0
131451 131359 92 9 0.0999042 0.0896334 0.0102707 6 3 5 3
131594 131303 291 5 0.0999654 0.0676939 0.0322715 5 4 5 4
132144 131965 179 8 0.299952 0.279143 0.0208088 7 2 7 1
133713 133392 321 6 0.399931 0.363493 0.0364373 3 6 3 6
135193 135062 131 0 0.299864 0.284693 0.0151708 7 2 7 2
135229 135047 182 4 0.299937 0.278121 0.0218165 6 3 6 3
136163 136103 60 3 0.599898 0.590965 0.00893261 5 4 5 4
136626 136572 54 1 0.499939 0.493637 0.00630198 6 3 4 3
139570 139471 99 2 0.299973 0.2886 0.0113732 8 1 8 1
140149 139763 386 7 0.0999355 0.0506893 0.0492463 8 1 8 1
141896 141717 179 9 0.199952 0.175608 0.0243441 8 1 8 1
142279 142051 228 5 0.199931 0.171427 0.0285036 6 3 6 3
142626 142426 200 8 0.0999834 0.0757856 0.0241979 9 0 8 0
143673 143620 53 3 0.299991 0.293088 0.00690376 6 3 6 3
144010 143911 99 0 0.299913 0.287174 0.0127388 6 3 6 3
144119 143860 259 6 0.0999526 0.0681934 0.0317592 5 4 5 4
145726 145673 53 4 0.099917 0.0911214 0.0087956 4 5 4 5
146460 146188 272 1 0.0999538 0.0671107 0.0328431 8 1 8 1
149284 149159 125 2 0.199793 0.18506 0.0147326 9 0 9 0
149708 149485 223 9 0.499948 0.468606 0.0313417 7 2 7 2
150875 150643 232 7 0.199941 0.172316 0.0276247 7 2 7 2
150903 150609 294 8 0.499921 0.464073 0.0358478 5 4 5 4
153163 153096 67 5 0.0999354 0.0903797 0.00955572 7 2 7 2
153431 153138 293 3 0.199904 0.164777 0.0351277 6 3 6 3
154536 154463 73 6 0.199899 0.191846 0.00805287 6 3 6 3
154645 154420 225 0 0.0999929 0.0698989 0.030094 7 2 7 2
155524 155213 311 4 0.299971 0.262568 0.0374038 7 2 7 2
157620 157338 282 8 0.499907 0.464703 0.035204 7 2 6 2
157924 157751 173 1 0.0999202 0.0762211 0.0236991 5 4 5 4
158606 158480 126 9 0.19989 0.183788 0.0161022 6 3 6 3
160063 159993 70 2 0.0999386 0.0920542 0.00788446 6 3 6 3
161072 160998 74 7 0.199966 0.191538 0.00842769 6 3 6 3
162098 162045 53 5 0.368757 0.360949 0.00780779 6 3 6 3
162759 162570 189 3 0.299995 0.277494 0.0225014 8 1 8 1
163803 163644 159 6 0.299961 0.279949 0.0200127 9 0 9 0
165057 164749 308 8 0.399977 0.362456 0.0375208 6 3 6 3
165671 165344 327 4 0.199958 0.16317 0.0367879 6 3 6 3
166008 165908 100 0 0.0999031 0.0873425 0.0125605 9 0 9 0
168890 168548 342 9 0.199985 0.158093 0.0418925 7 2 7 2
168903 168805 98 2 0.39985 0.387024 0.0128252 6 3 6 3
169192 169093 99 1 0.0999869 0.0884952 0.0114917 6 3 6 3
171227 170961 266 6 0.499995 0.466545 0.0334495 9 0 7 0
171238 171046 192 7 0.199957 0.175758 0.0241986 7 2 7 2
171549 171308 241 5 0.199897 0.170662 0.029235 6 3 6 3
172425 172288 137 3 0.199911 0.184302 0.0156085 6 3 6 3
173713 173424 289 8 0.299998 0.268217 0.0317811 5 4 5 4
174318 174162 156 4 0.399961 0.380986 0.018975 8 1 8 1
175761 175581 180 0 0.299958 0.276688 0.0232709 7 2 7 2
177664 177288 376 9 0.399905 0.354904 0.045001 7 2 7 2
179346 178994 352 2 0.0999067 0.0538642 0.0460425 6 3 6 3
180489 180431 58 1 0.0998942 0.090901 0.00899323 7 2 7 2
181064 180841 223 6 0.0999319 0.0729616 0.0269703 8 1 8 1
181523 181393 130 3 0.299892 0.282572 0.0173195 5 4 5 4
181698 181442 256 5 0.199947 0.169597 0.0303502 7 2 7 2
182269 181984 285 7 0.0999827 0.0650094 0.0349733 8 1 8 1
182852 182608 244 4 0.299995 0.271054 0.0289413 7 2 7 2
184357 184256 101 8 0.0999781 0.0873534 0.0126247 6 3 6 3
185523 185365 158 0 0.199901 0.181847 0.0180533 2 7 2 7
186298 186218 80 9 0.299914 0.285716 0.0141974 5 4 5 4
187449 187178 271 2 0.499917 0.461955 0.0379617 7 2 6 1
187516 187461 55 5 0.69984 0.69202 0.00781999 5 4 5 4
188975 188859 116 6 0.499902 0.485803 0.0140995 4 5 4 5
189743 189439 304 3 0.399984 0.361639 0.0383449 7 2 6 2
191081 190733 348 4 0.399969 0.358093 0.0418758 6 3 6 3
191921 191672 249 1 0.0999097 0.0709973 0.0289124 7 2 7 2
193096 192754 342 7 0.199999 0.159069 0.0409298 6 3 6 3
193370 193081 289 0 0.499972 0.46256 0.0374117 5 4 5 4
194450 194249 201 9 0.399905 0.375483 0.0244221 8 1 8 1
194800 194747 53 8 0.199901 0.19338 0.00652065 8 1 7 1
195436 195341 95 5 0.199974 0.185275 0.0146994 4 5 4 5
197220 196891 329 6 0.299897 0.259333 0.0405642 5 4 5 3
197406 197048 358 2 0.0999079 0.0546535 0.0452544 5 4 5 4
198057 197906 151 4 0.499909 0.478647 0.0212626 6 3 6 3
198392 198255 137 3 0.29985 0.282833 0.0170168 5 4 5 4
200599 200546 53 7 0.499911 0.492455 0.00745591 5 4 4 4
200619 200525 94 0 0.399826 0.387924 0.0119022 5 4 5 4
202614 202391 223 1 0.199892 0.172696 0.0271964 9 0 9 0
203800 203618 182 9 0.19994 0.175611 0.0243293 9 0 9 0
205431 205361 70 5 0.199971 0.191492 0.00847974 9 0 9 0
205514 205446 68 8 0.099902 0.0912118 0.00869013 9 0 9 0
205670 205401 269 3 0.499874 0.468713 0.0311609 6 3 6 3
207065 206816 249 4 0.199945 0.169265 0.0306794 7 2 7 2
207198 207079 119 2 0.299902 0.283978 0.0159242 7 2 7 2
208005 207779 226 6 0.0999821 0.0747119 0.0252702 7 2 7 2
210626 210269 357 7 0.0999679 0.0547516 0.0452163 5 4 4 4
210982 210613 369 0 0.09994 0.055164 0.044776 6 3 5 3
211440 211082 358 1 0.399923 0.356419 0.0435039 6 3 5 3
212169 211943 226 9 0.399996 0.374159 0.0258372 5 4 4 4
215170 215088 82 8 0.299899 0.290196 0.00970305 7 2 7 2
215321 215204 117 3 0.099898 0.0856068 0.0142912 7 2 7 2
215541 215488 53 4 0.399903 0.393324 0.00657995 7 2 7 2
215983 215927 56 2 0.299997 0.291912 0.00808459 6 3 6 3
216421 216205 216 5 0.0999022 0.0760556 0.0238466 7 2 7 2
217876 217618 258 6 0.299963 0.268429 0.0315345 6 3 6 3
219713 219647 66 9 0.399974 0.391372 0.0086014 7 2 7 2
221701 221505 196 1 0.0997875 0.0758976 0.0238899 7 2 7 2
221903 221847 56 7 0.0999437 0.0919902 0.00795354 6 3 6 3
222357 222125 232 4 0.499815 0.471154 0.0286608 8 1 8 1
222625 222314 311 0 0.0998275 0.0591325 0.040695 8 1 8 1
224203 224014 189 3 0.399984 0.377206 0.0227781 6 3 6 3
224846 224620 226 2 0.299947 0.272851 0.0270961 6 3 6 3
225808 225469 339 8 0.0999331 0.0576207 0.0423125 6 3 6 3
228183 227815 368 5 0.0998992 0.0529023 0.0469968 8 1 8 1
228423 228299 124 6 0.0999985 0.084728 0.0152705 7 2 7 2
230072 229713 359 9 0.0998915 0.0567364 0.0431551 8 1 8 1
232313 231983 330 4 0.0999928 0.0606016 0.0393912 6 3 6 3
233173 232928 245 1 0.0999015 0.0709121 0.0289894 7 2 7 2
233378 233035 343 7 0.0999104 0.059582 0.0403284 9 0 9 0
234080 233987 93 0 0.0998977 0.0872037 0.0126939 5 4 5 4
234244 234185 59 3 0.0999939 0.0907993 0.00919462 6 3 6 3
234378 234323 55 2 0.199876 0.191711 0.00816491 5 4 5 4
235662 235445 217 8 0.299967 0.275058 0.0249093 6 3 6 3
238655 238334 321 9 0.499868 0.461305 0.0385633 6 3 5 3
238851 238571 280 4 0.699916 0.666009 0.0339075 6 3 4 2
239004 238894 110 6 0.199926 0.18629 0.0136363 6 3 5 3
239790 239544 246 5 0.0999641 0.0716185 0.0283455 6 3 6 3
240638 240528 110 7 0.59991 0.587092 0.0128171 8 1 8 1
242306 242145 161 3 0.49993 0.479008 0.0209218 7 2 5 2
243039 242836 203 8 0.499925 0.473137 0.0267881 7 2 6 1
243572 243519 53 2 0.299913 0.291863 0.00805036 8 1 7 1
244586 244456 130 0 0.199894 0.183969 0.0159248 5 4 5 4
244741 244465 276 1 0.0998356 0.0647944 0.0350412 7 2 7 2
244807 244511 296 5 0.899935 0.861136 0.0387993 4 5 1 2
246110 246056 54 4 0.299867 0.293389 0.00647779 7 2 7 2
246185 245870 315 9 0.39993 0.359959 0.0399704 6 3 6 3
248420 248108 312 7 0.299978 0.260547 0.0394303 5 4 5 4
249800 249638 162 5 0.499935 0.481671 0.018264 6 3 6 3
250123 249864 259 6 0.0998974 0.0695176 0.0303798 6 3 6 3
251258 250931 327 8 0.299915 0.261056 0.0388593 8 1 8 1
252134 251875 259 3 0.0999534 0.0710763 0.0288771 8 1 8 1
253291 253031 260 2 0.199934 0.170671 0.0292628 5 4 5 4
254754 254429 325 0 0.199934 0.159159 0.0407754 8 1 7 1
254823 254583 240 9 0.299905 0.273009 0.0268964 7 2 7 2
256091 255966 125 1 0.0999308 0.0837891 0.0161418 6 3 6 3
256708 256515 193 4 0.099947 0.0761768 0.0237702 7 2 7 2
257804 257702 102 5 0.299931 0.287562 0.0123682 7 2 7 2
259130 258982 148 7 0.0999555 0.0813299 0.0186256 7 2 7 2
260280 260070 210 8 0.299972 0.276202 0.0237698 6 3 6 3
261081 260933 148 3 0.399924 0.382419 0.0175048 5 4 5 4
261398 261299 99 6 0.0997718 0.0866399 0.0131319 6 3 6 3
262664 262337 327 0 0.499921 0.460454 0.039467 6 3 5 2
263716 263656 60 9 0.299937 0.290999 0.00893725 6 3 6 3
264447 264113 334 2 0.099981 0.0598394 0.0401416 7 2 7 2
264961 264869 92 5 0.499907 0.487003 0.0129042 5 4 5 3
265804 265480 324 4 0.399954 0.361764 0.0381899 7 2 7 2
267614 267373 241 1 0.0999457 0.0717798 0.028166 7 2 7 2
269960 269777 183 0 0.399907 0.377825 0.0220818 8 1 8 1
270427 270314 113 7 0.0999688 0.0865229 0.0134459 9 0 9 0
270817 270718 99 8 0.0999906 0.0864344 0.0135562 9 0 9 0
271223 271142 81 3 0.0999236 0.0910225 0.00890111 8 1 8 1
272561 272335 226 9 0.299797 0.27055 0.0292467 7 2 7 2
272611 272520 91 6 0.0999062 0.0877545 0.0121517 9 0 9 0
273950 273659 291 5 0.199905 0.165953 0.0339522 4 5 4 5
274275 274119 156 2 0.299897 0.281676 0.0182203 4 5 4 5
276138 275887 251 4 0.0999287 0.0717543 0.0281744 6 3 6 3
276167 275866 301 0 0.599984 0.566256 0.0337278 7 2 5 2
279040 278905 135 1 0.0999856 0.0839551 0.0160306 8 1 8 1
279411 279147 264 7 0.399981 0.368448 0.0315328 7 2 7 2
279937 279685 252 9 0.499933 0.469495 0.0304382 7 2 7 1
280143 279939 204 3 0.399896 0.3761 0.0237954 7 2 7 2
282028 281944 84 8 0.0999804 0.087269 0.0127114 5 4 5 4
283014 282756 258 6 0.199982 0.169535 0.0304468 6 3 6 3
283953 283841 112 2 0.199925 0.186661 0.0132637 9 0 9 0
285005 284847 158 5 0.0999002 0.0798203 0.0200798 6 3 6 3
285705 285456 249 0 0.0999133 0.0698063 0.030107 8 1 8 1
287635 287384 251 4 0.0999383 0.0698092 0.0301291 6 3 6 3
287864 287616 248 3 0.399909 0.372387 0.0275219 5 4 5 4
288940 288609 331 7 0.199965 0.160086 0.0398794 5 4 5 4
289701 289523 178 9 0.0999911 0.0779527 0.0220384 7 2 7 2
290414 290155 259 1 0.0998961 0.0701023 0.0297938 7 2 7 2
291666 291500 166 8 0.29999 0.278199 0.0217919 4 5 4 5
293211 293056 155 6 0.199977 0.182301 0.0176759 8 1 8 1
293416 293162 254 2 0.299978 0.269686 0.0302918 7 2 7 2
295384 295250 134 0 0.299998 0.285203 0.0147947 9 0 8 0
296591 296318 273 5 0.0999075 0.0666294 0.0332781 6 3 6 3
297307 297143 164 3 0.199916 0.180446 0.0194706 9 0 9 0
297504 297441 63 7 0.399848 0.390904 0.0089441 7 2 7 1
298414 298232 182 4 0.19997 0.180215 0.0197558 5 4 5 4
298735 298528 207 9 0.4 0.375072 0.0249279 6 3 6 3
