830 762 68 5 0.899983 0.891019 0.00896439 7 0 7 0
1616 1563 53 0 0.799794 0.792158 0.00763586 7 1 7 1
1676 1586 90 2 0.799932 0.790041 0.00989111 7 0 7 0
2532 2340 192 9 0.699901 0.67614 0.0237609 8 0 8 0
2688 2437 251 8 0.699898 0.668687 0.0312107 8 1 8 1
4121 4055 66 4 0.499933 0.490942 0.00899089 8 1 8 1
4137 4010 127 6 0.499952 0.483227 0.0167249 9 0 9 0
4235 4045 190 7 0.499929 0.478179 0.0217503 8 1 8 1
4302 4116 186 1 0.499973 0.476766 0.0232068 8 1 8 1
6095 5832 263 3 0.299906 0.267364 0.0325425 6 3 6 3
6402 6208 194 5 0.399866 0.377297 0.0225689 4 5 4 5
7708 7505 203 2 0.399909 0.376485 0.0234247 7 2 6 2
8421 8116 305 8 0.499974 0.463664 0.03631 8 1 6 1
9171 8798 373 9 0.399894 0.35368 0.046214 5 4 5 4
9189 9093 96 0 0.199981 0.187198 0.0127831 5 4 5 4
11479 11179 300 4 0.399907 0.363716 0.0361906 6 3 6 3
11543 11350 193 7 0.399911 0.378387 0.0215237 8 1 8 1
12021 11968 53 6 0.299951 0.293356 0.00659456 8 1 7 1
12239 12147 92 1 0.299979 0.28864 0.0113393 7 2 7 2
13445 13162 283 5 0.499901 0.468119 0.0317816 7 2 7 2
15960 15774 186 3 0.199957 0.178772 0.0211849 7 2 7 2
16135 15917 218 2 0.29995 0.27483 0.025119 6 3 5 3
16724 16623 101 0 0.499921 0.488252 0.0116688 9 0 9 0
18432 18072 360 8 0.0998993 0.0561874 0.0437119 6 3 6 3
19395 19040 355 4 0.399977 0.360056 0.039921 7 2 7 2
19493 19125 368 9 0.0999556 0.053953 0.0460027 7 2 7 2
19828 19766 62 7 0.299841 0.289958 0.00988345 5 4 5 4
22513 22436 77 6 0.0999805 0.0889425 0.011038 7 2 7 2
22956 22639 317 1 0.0998907 0.0639995 0.0358912 8 1 8 1
23370 23135 235 5 0.0999951 0.0740585 0.0259367 7 2 7 2
24832 24679 153 0 0.299965 0.281307 0.0186585 7 2 5 2
25067 24866 201 2 0.299948 0.276218 0.0237294 6 3 6 3
26169 26024 145 3 0.19994 0.182832 0.0171087 5 4 5 4
27988 27934 54 8 0.299972 0.290894 0.00907841 6 3 6 3
28510 28359 151 9 0.399972 0.38098 0.0189917 8 1 8 1
29780 29498 282 4 0.0999361 0.0663789 0.0335572 7 2 7 2
30452 30156 296 7 0.0999549 0.0641222 0.0358327 9 0 9 0
32076 31962 114 0 0.499894 0.485821 0.0140722 7 2 7 2
33086 33032 54 5 0.299915 0.292345 0.00756983 7 2 7 2
33358 33024 334 2 0.399997 0.361679 0.0383177 7 2 7 2
33904 33771 133 6 0.0999697 0.083565 0.0164047 5 4 5 4
34735 34367 368 1 0.0999029 0.0559186 0.0439843 6 3 6 3
35967 35833 134 8 0.399983 0.381183 0.0188004 4 5 4 5
37184 37036 148 3 0.0999918 0.0836564 0.0163354 5 4 5 4
37201 36869 332 9 0.299913 0.257401 0.0425124 6 3 6 3
38634 38576 58 4 0.399937 0.391351 0.00858613 5 4 5 4
40187 40033 154 0 0.299979 0.280246 0.0197327 6 3 6 3
40966 40913 53 7 0.1999 0.192906 0.00699378 6 3 6 3
42796 42689 107 1 0.499977 0.487091 0.0128861 7 2 6 1
43591 43456 135 5 0.0999291 0.0850879 0.0148411 7 2 7 2
43707 43471 236 2 0.0999458 0.072585 0.0273608 8 1 8 1
44656 44325 331 6 0.199992 0.161877 0.0381146 7 2 7 2
45465 45296 169 9 0.399959 0.376821 0.0231376 8 1 8 1
45513 45136 377 8 0.199975 0.155891 0.0440838 8 1 8 1
45617 45256 361 4 0.499913 0.457549 0.0423638 7 2 6 2
48461 48406 55 3 0.0999197 0.0919732 0.00794652 6 3 6 3
48558 48423 135 7 0.499977 0.483022 0.016955 5 4 5 4
50731 50569 162 0 0.099963 0.08099 0.0189729 6 3 6 3
51633 51556 77 1 0.19993 0.19026 0.00966972 9 0 9 0
54930 54661 269 9 0.199926 0.167544 0.0323828 7 2 7 2
55049 54947 102 2 0.0999514 0.0859218 0.0140296 7 2 7 2
55119 54818 301 5 0.0999663 0.0650372 0.0349292 7 2 7 2
55493 55186 307 4 0.0999455 0.0618006 0.0381449 6 3 6 3
55701 55444 257 6 0.0999875 0.0702672 0.0297203 7 2 7 2
56587 56361 226 8 0.099962 0.0728995 0.0270626 6 3 6 3
58119 58021 98 3 0.299898 0.287266 0.0126322 3 6 3 6
58290 58237 53 7 0.0999627 0.0933044 0.0066583 5 4 5 4
59169 59056 113 9 0.899978 0.881659 0.0183192 3 6 0 4
59461 59408 53 2 0.899188 0.890868 0.00832008 5 4 1 2
59813 59553 260 0 0.399943 0.36567 0.0342727 6 3 4 2
61535 61473 62 5 0.699931 0.692084 0.00784645 7 2 5 2
62764 62493 271 1 0.0999231 0.063249 0.0366741 8 1 8 1
63577 63452 125 4 0.499948 0.486207 0.0137411 8 1 8 1
64293 64031 262 2 0.499785 0.47041 0.0293758 8 1 8 1
64626 64502 124 8 0.499945 0.486314 0.0136311 8 1 8 1
66333 65982 351 3 0.399901 0.357521 0.0423805 6 3 6 2
66381 66326 55 9 0.199834 0.193195 0.00663937 4 5 4 5
67195 67096 99 6 0.0999687 0.0865547 0.0134139 5 4 5 4
67444 67076 368 7 0.399978 0.354419 0.0455593 7 2 7 2
67469 67416 53 0 0.399902 0.391889 0.00801237 4 5 4 5
68055 67831 224 5 0.399907 0.372489 0.0274181 7 2 7 2
69314 69254 60 8 0.699974 0.690855 0.00911891 8 1 5 1
71599 71543 56 1 0.3999 0.392068 0.00783182 6 3 5 3
71778 71521 257 2 0.399926 0.369368 0.0305579 7 2 7 2
72533 72219 314 4 0.199771 0.160412 0.0393593 9 0 9 0
74704 74572 132 9 0.399984 0.384461 0.0155239 9 0 9 0
75196 74863 333 0 0.399917 0.360415 0.0395016 7 2 7 2
76695 76412 283 3 0.0999266 0.0685929 0.0313337 8 1 8 1
77660 77332 328 5 0.199985 0.162635 0.0373496 7 2 7 2
77876 77527 349 7 0.0999924 0.0600063 0.0399861 6 3 6 3
77886 77528 358 6 0.199948 0.157808 0.0421395 5 4 5 4
78168 78054 114 8 0.0999148 0.0861518 0.013763 5 4 5 4
80724 80669 55 1 0.199973 0.192468 0.00750438 5 4 5 4
81202 81068 134 2 0.199902 0.183495 0.0164069 7 2 7 2
81255 81055 200 4 0.399982 0.375991 0.0239914 4 5 4 5
82294 82060 234 9 0.399933 0.371767 0.0281662 7 2 6 2
83015 82832 183 0 0.399989 0.376777 0.0232121 8 1 8 0
85307 85069 238 7 0.599944 0.571751 0.0281928 8 1 6 0
85690 85418 272 6 0.499987 0.468984 0.0310034 4 5 4 5
85694 85444 250 4 0.799992 0.769355 0.0306373 6 3 6 1
86603 86335 268 3 0.299978 0.266978 0.0329998 8 1 8 1
87205 86853 352 5 0.29984 0.25835 0.0414892 7 2 7 1
87226 86883 343 8 0.3999 0.359021 0.0408793 7 2 6 2
88072 87853 219 2 0.599967 0.573852 0.0261156 7 2 6 2
89002 88949 53 0 0.599962 0.59407 0.00589182 7 2 4 2
89106 88912 194 1 0.399963 0.377233 0.02273 7 2 7 2
90003 89884 119 9 0.399901 0.385475 0.0144263 5 4 5 4
91457 91117 340 7 0.499921 0.459559 0.040362 7 2 7 2
93537 93269 268 4 0.199867 0.168818 0.0310494 7 2 7 1
94080 93706 374 3 0.499998 0.456029 0.0439697 9 0 9 0
94140 94004 136 8 0.499967 0.484161 0.015806 8 1 8 1
95500 95221 279 6 0.0998929 0.0677018 0.0321911 8 1 8 1
95579 95522 57 2 0.299944 0.291303 0.00864148 9 0 9 0
97900 97655 245 5 0.0998087 0.0710843 0.0287244 7 2 7 2
98421 98113 308 0 0.0999792 0.0618486 0.0381306 6 3 6 3
98432 98283 149 1 0.199996 0.181861 0.0181354 9 0 9 0
100234 99894 340 9 0.0999567 0.0575041 0.0424526 5 4 5 4
101174 101083 91 7 0.0999874 0.0874106 0.0125768 4 5 4 5
103127 102830 297 8 0.199945 0.165775 0.0341699 6 3 6 3
103735 103456 279 4 0.199904 0.163483 0.0364208 7 2 7 2
103825 103728 97 3 0.0999998 0.0893302 0.0106697 5 4 5 4
104395 104206 189 6 0.399915 0.375944 0.0239708 6 3 6 3
105186 104990 196 5 0.599979 0.572332 0.0276466 7 2 4 1
105200 105117 83 2 0.199979 0.190858 0.00912111 3 6 3 6
107560 107343 217 0 0.399933 0.372156 0.0277769 6 3 6 3
108010 107671 339 1 0.299903 0.259748 0.0401553 6 3 6 3
109117 109064 53 9 0.39997 0.392021 0.00794892 7 2 7 2
109960 109880 80 7 0.399978 0.38709 0.012888 9 0 9 0
112824 112633 191 5 0.299979 0.276927 0.0230519 7 2 7 2
113075 112760 315 6 0.299795 0.263004 0.0367907 7 2 7 2
113381 113144 237 8 0.2 0.17282 0.0271794 8 1 8 1
113660 113286 374 3 0.299988 0.255777 0.0442114 8 1 7 1
114084 113748 336 4 0.199901 0.159576 0.040325 8 1 7 1
115283 115139 144 2 0.199947 0.181739 0.0182087 7 2 7 2
116288 115957 331 0 0.299817 0.25841 0.041407 5 4 5 4
116880 116827 53 6 0.899666 0.891594 0.008072 5 4 1 2
117637 117431 206 9 0.299932 0.275123 0.0248083 7 2 7 1
118751 118588 163 1 0.0999365 0.0804068 0.0195298 8 1 8 1
119470 119207 263 7 0.199988 0.167879 0.0321092 5 4 4 4
121075 120784 291 5 0.399952 0.362867 0.0370851 7 2 7 2
121915 121762 153 4 0.499986 0.480826 0.0191607 5 4 5 4
122470 122375 95 6 0.399915 0.387621 0.0122944 6 3 6 3
122646 122579 67 3 0.299935 0.291184 0.00875173 6 3 6 3
123759 123591 168 2 0.399965 0.379371 0.0205936 5 4 5 4
124446 124284 162 8 0.0999399 0.0800905 0.0198494 8 1 8 1
125784 125524 260 9 0.399923 0.369091 0.0308312 7 2 7 2
126095 125965 130 0 0.199974 0.183152 0.0168216 7 2 7 2
128431 128378 53 1 0.299862 0.292174 0.00768797 7 2 7 2
129040 128749 291 7 0.299879 0.26445 0.0354294 8 1 8 1
129505 129326 179 5 0.299956 0.278656 0.0213004 7 2 7 2
129638 129583 55 3 0.499939 0.490754 0.00918558 7 2 7 2
130711 130584 127 4 0.199901 0.183726 0.016175 7 2 7 2
132024 131663 361 6 0.199937 0.158049 0.041888 5 4 5 4
132206 132146 60 2 0.299985 0.291434 0.00855091 4 5 4 5
134384 132351 2033 8 0.499938 0.287361 0.212577 6 3 5 3
135422 135041 381 9 0.199916 0.151988 0.047928 6 3 6 3
137173 136973 200 0 0.0999582 0.077316 0.0226423 7 2 7 2
137554 137465 89 3 0.299948 0.290167 0.00978111 8 1 8 1
138144 137824 320 7 0.299953 0.263411 0.0365422 7 2 7 2
138200 137928 272 1 0.199973 0.169512 0.0304608 7 2 7 2
139821 139593 228 6 0.499998 0.473023 0.0269755 5 4 5 4
140233 139937 296 5 0.0999844 0.0662184 0.033766 7 2 7 2
141146 140989 157 2 0.299962 0.27919 0.0207714 4 5 4 5
141785 141574 211 4 0.0998998 0.0745617 0.0253382 3 6 3 6
143313 143116 197 9 0.499913 0.477 0.0229133 8 1 8 1
144950 144827 123 8 0.0999341 0.0828773 0.0170568 9 0 9 0
145598 145449 149 3 0.399935 0.379285 0.0206499 6 3 6 3
146575 146194 381 6 0.499936 0.45073 0.0492056 7 2 7 2
147289 146942 347 7 0.299983 0.25719 0.0427927 7 2 7 2
148640 148356 284 0 0.0999545 0.0668538 0.0331007 7 2 7 2
149396 149074 322 1 0.0999881 0.0640711 0.035917 4 5 4 5
151472 151269 203 9 0.299897 0.275505 0.0243918 8 1 8 1
151594 151529 65 2 0.0997977 0.0895447 0.010253 6 3 6 3
151634 151378 256 5 0.0999242 0.0649696 0.0349546 7 2 7 2
152581 152197 384 4 0.199964 0.15217 0.0477939 6 3 6 3
154102 153894 208 3 0.299905 0.274432 0.0254734 5 4 5 4
154747 154544 203 8 0.299994 0.273605 0.0263888 4 5 4 5
156483 156173 310 6 0.099895 0.0613396 0.0385554 6 3 6 3
158064 157688 376 7 0.099916 0.0560865 0.0438294 6 3 6 3
158678 158329 349 0 0.299949 0.258481 0.0414683 8 1 8 1
160816 160720 96 1 0.0999771 0.0888274 0.0111497 6 3 6 3
161370 161093 277 2 0.299973 0.26711 0.0328633 7 2 7 2
161888 161779 109 9 0.0999733 0.087632 0.0123412 7 2 7 2
162964 162798 166 5 0.0999216 0.0793842 0.0205374 9 0 9 0
163689 163425 264 4 0.0999344 0.0672962 0.0326381 7 2 7 2
164811 164606 205 3 0.099957 0.0755828 0.0243742 5 4 5 4
165442 165150 292 8 0.0999219 0.064838 0.0350839 7 2 7 2
167288 166946 342 6 0.199902 0.157852 0.0420507 6 3 6 3
167550 167472 78 0 0.299822 0.288166 0.0116555 4 5 4 5
169413 169342 71 7 0.0999843 0.0899114 0.0100729 6 3 6 3
170660 170428 232 1 0.299946 0.271986 0.0279608 6 3 6 3
170937 170570 367 9 0.399929 0.353343 0.0465856 6 3 6 3
172103 171846 257 2 0.0999269 0.0691955 0.0307314 9 0 9 0
174416 174097 319 5 0.0997877 0.0624051 0.0373826 8 1 8 1
174464 174237 227 4 0.199992 0.172218 0.0277748 8 1 8 1
174504 174202 302 8 0.39997 0.364254 0.0357161 9 0 9 0
174921 174857 64 6 0.499957 0.489845 0.0101111 7 2 7 2
175365 175281 84 3 0.199973 0.188509 0.0114638 8 1 8 1
175557 175443 114 0 0.399995 0.384289 0.0157065 5 4 5 4
178818 178717 101 1 0.399974 0.386311 0.0136634 6 3 5 3
179142 178890 252 7 0.299902 0.269474 0.0304279 7 2 7 2
179699 179474 225 9 0.299922 0.272973 0.0269483 9 0 9 0
181205 181113 92 6 0.499933 0.487066 0.0128676 7 2 5 2
182110 181951 159 4 0.499794 0.479756 0.020038 8 1 8 1
182377 182204 173 8 0.399895 0.379204 0.020691 7 2 7 2
182427 182260 167 0 0.499893 0.478398 0.0214949 5 4 5 4
182731 182548 183 2 0.199969 0.17612 0.0238486 6 3 5 3
184159 184058 101 5 0.299978 0.285566 0.0144126 5 4 5 4
184671 184429 242 3 0.299983 0.273084 0.0268988 5 4 5 4
186180 186042 138 9 0.599811 0.583827 0.0159842 6 3 5 3
188400 188051 349 1 0.199998 0.155749 0.0442485 9 0 9 0
188615 188337 278 6 0.399974 0.369247 0.0307262 7 2 6 2
189019 188819 200 7 0.199951 0.176579 0.0233723 6 3 6 3
189967 189912 55 8 0.399917 0.39278 0.00713652 8 1 8 1
191097 190796 301 4 0.199983 0.165731 0.0342525 7 2 7 2
191371 191315 56 0 0.199932 0.191255 0.00867688 7 2 7 2
192201 192055 146 5 0.399809 0.380067 0.0197419 6 3 4 3
192783 192658 125 2 0.199971 0.185458 0.0145135 7 2 7 2
193729 193415 314 3 0.299851 0.261198 0.0386528 7 2 7 2
195382 195197 185 1 0.599982 0.57872 0.0212617 5 4 4 4
195622 195398 224 9 0.0999204 0.0718965 0.0280239 5 4 5 4
196855 196525 330 7 0.49998 0.460358 0.039622 4 5 3 5
198869 198716 153 6 0.0999474 0.0830087 0.0169387 9 0 9 0
199902 199818 84 8 0.0999251 0.0884112 0.0115139 7 2 7 2
200524 200337 187 4 0.299858 0.276494 0.0233638 8 1 8 1
200647 200318 329 2 0.499939 0.461203 0.0387352 7 2 6 2
202345 202182 163 0 0.0999636 0.0817764 0.0181871 8 1 8 1
202498 202219 279 5 0.0999008 0.0665235 0.0333773 6 3 6 3
204586 204445 141 1 0.099891 0.0799178 0.0199733 8 1 8 1
204597 204283 314 3 0.0999846 0.0621134 0.0378712 7 2 7 2
205964 205752 212 7 0.1999 0.174426 0.0254736 7 2 6 2
207005 206900 105 9 0.0999983 0.0862014 0.0137969 5 4 5 4
207945 207599 346 6 0.399975 0.359941 0.0400339 5 4 4 4
208962 208668 294 2 0.299938 0.265712 0.0342263 9 0 9 0
210275 210211 64 8 0.199987 0.192663 0.00732401 5 4 5 4
211036 210892 144 4 0.0999614 0.0812524 0.0187089 6 3 6 3
212510 212138 372 5 0.299881 0.254848 0.0450327 6 3 6 3
212899 212685 214 0 0.199904 0.174655 0.0252485 7 2 7 2
213492 213431 61 1 0.399894 0.391763 0.00813126 5 4 5 4
215835 215563 272 6 0.399942 0.368153 0.0317896 6 3 6 3
216142 215933 209 3 0.0999101 0.0755327 0.0243774 8 1 8 1
216297 216230 67 2 0.499948 0.490771 0.0091765 5 4 3 4
217200 216821 379 7 0.0999955 0.0539496 0.0460459 8 1 7 1
217337 217186 151 9 0.19992 0.180329 0.0195914 7 2 7 2
219736 219661 75 5 0.499948 0.489122 0.0108262 7 2 7 2
221394 221025 369 8 0.0999534 0.0565002 0.0434532 6 3 6 3
221563 221493 70 4 0.199895 0.189801 0.0100945 6 3 6 3
222878 222549 329 1 0.199981 0.16202 0.0379606 8 1 8 1
223215 222955 260 0 0.199932 0.168527 0.0314049 8 1 8 1
224391 224232 159 2 0.29989 0.2807 0.0191898 8 1 8 1
226000 225907 93 6 0.0999178 0.0863841 0.0135337 5 4 5 4
226844 226577 267 3 0.19989 0.168147 0.0317437 5 4 5 4
227183 226910 273 7 0.299967 0.26793 0.0320369 6 3 6 3
227472 227350 122 9 0.199799 0.181351 0.0184483 5 4 4 4
227860 227656 204 5 0.299896 0.275097 0.0247991 5 4 5 4
229568 229379 189 8 0.499943 0.478907 0.0210366 6 3 6 3
231652 231366 286 1 0.399942 0.366466 0.0334766 9 0 9 0
231894 231679 215 0 0.399946 0.375257 0.0246888 6 3 6 3
232601 232430 171 4 0.0999176 0.0805453 0.0193723 9 0 9 0
233423 233281 142 2 0.29991 0.282139 0.0177709 5 4 5 4
234431 234376 55 7 0.499928 0.492283 0.00764561 8 1 8 1
234475 234224 251 8 0.699981 0.668846 0.031135 6 3 3 2
235015 234921 94 9 0.499923 0.488359 0.0115639 6 3 5 2
236523 236425 98 6 0.199899 0.188248 0.0116514 8 1 8 1
237141 236873 268 3 0.199897 0.168229 0.0316682 7 2 7 2
237757 237476 281 5 0.199898 0.166561 0.0333369 8 1 8 1
240227 239999 228 8 0.499985 0.472004 0.0279812 7 2 6 2
240260 240100 160 1 0.299903 0.279593 0.0203093 6 3 6 3
241322 241115 207 0 0.199993 0.17333 0.0266636 5 4 5 4
242260 242204 56 4 0.299926 0.291882 0.00804387 6 3 6 3
243132 242929 203 2 0.199944 0.175255 0.0246891 6 3 5 3
243152 243088 64 7 0.199908 0.192367 0.00754027 8 1 7 1
243156 242927 229 9 0.29999 0.273986 0.0260039 8 1 8 1
245559 245379 180 5 0.499915 0.478941 0.0209732 5 4 5 4
247500 247320 180 6 0.0999786 0.0781606 0.0218181 9 0 9 0
248175 248037 138 3 0.0999722 0.0820496 0.0179226 7 2 7 2
249306 248972 334 1 0.299924 0.261501 0.0384232 8 1 8 1
250114 249770 344 8 0.0999545 0.05741 0.0425444 8 1 8 1
251125 250912 213 4 0.299934 0.272851 0.0270835 5 4 5 4
252200 252142 58 0 0.099976 0.0920078 0.00796826 7 2 7 2
252661 252326 335 7 0.29993 0.257489 0.0424412 4 5 4 5
253434 253090 344 2 0.199847 0.160812 0.0390347 7 2 7 2
254036 253715 321 9 0.0999891 0.0609217 0.0390673 4 5 4 5
255459 255158 301 5 0.0999929 0.0637339 0.036259 6 3 6 3
256621 256314 307 6 0.399951 0.361866 0.0380848 5 4 5 4
258631 258245 386 1 0.299831 0.252287 0.0475437 5 4 5 4
258993 258675 318 3 0.199976 0.161032 0.0389433 7 2 7 2
260654 260588 66 8 0.199992 0.190241 0.00975053 6 3 6 3
261176 260867 309 4 0.199922 0.165016 0.0349069 7 2 7 2
262584 262531 53 2 0.299989 0.29263 0.0073589 7 2 7 2
263322 263148 174 7 0.0999409 0.0792468 0.0206941 6 3 6 3
263370 263189 181 0 0.0998908 0.0762195 0.0236713 6 3 6 3
263894 263550 344 9 0.299995 0.259241 0.0407543 4 5 4 5
266243 265893 350 6 0.199985 0.155634 0.0443501 5 4 5 4
267159 266791 368 5 0.099878 0.0551125 0.0447655 7 2 7 2
269368 268981 387 3 0.199986 0.15183 0.0481557 7 2 7 2
269374 269074 300 1 0.0999761 0.0644279 0.0355482 7 2 7 2
270190 269811 379 8 0.299922 0.252678 0.0472439 7 2 7 2
272267 272131 136 2 0.199976 0.180772 0.0192038 7 2 7 2
272279 272125 154 7 0.399937 0.383006 0.0169311 7 2 7 2
272368 272070 298 4 0.0999098 0.059891 0.0400188 5 4 5 4
273634 273445 189 9 0.199932 0.174311 0.0256206 6 3 6 3
274778 274725 53 0 0.0999459 0.0940643 0.00588157 4 5 4 5
275430 275244 186 5 0.499893 0.478364 0.0215286 6 3 5 3
276374 276236 138 6 0.199894 0.183928 0.0159668 8 1 8 1
276474 276191 283 3 0.59991 0.567905 0.0320052 7 2 6 2
279259 279103 156 8 0.299993 0.280392 0.0196016 7 2 7 2
280012 279733 279 2 0.499973 0.467954 0.0320194 8 1 8 1
280858 280602 256 1 0.099931 0.0690584 0.0308726 8 1 8 1
281466 281128 338 4 0.399899 0.358075 0.0418248 8 1 8 1
282279 281960 319 9 0.399937 0.36149 0.0384467 7 2 7 2
282504 282271 233 7 0.0999365 0.0727974 0.0271392 8 1 8 1
283276 283159 117 5 0.299999 0.287026 0.0129724 6 3 6 3
285239 284907 332 3 0.199808 0.160639 0.0391695 7 2 7 2
285781 285556 225 2 0.599948 0.571194 0.0287542 6 3 6 3
286137 286080 57 0 0.0999049 0.0929534 0.00695146 7 2 7 2
286615 286372 243 6 0.199904 0.169144 0.0307599 6 3 5 3
286643 286393 250 8 0.499921 0.470361 0.0295605 4 5 4 4
289414 289089 325 9 0.499954 0.461878 0.0380759 8 1 7 1
290941 290737 204 4 0.199761 0.176455 0.023306 8 1 8 1
291579 291373 206 1 0.199976 0.176518 0.0234581 7 2 7 2
292177 291887 290 5 0.299949 0.263696 0.0362528 8 1 8 1
292637 292525 112 2 0.399906 0.38468 0.0152258 7 2 7 2
294119 293753 366 7 0.0999514 0.0589336 0.0410177 6 3 5 3
296070 295845 225 6 0.3 0.272031 0.0279682 7 2 7 2
296232 296036 196 2 0.899907 0.877415 0.0224914 9 0 4 0
296238 296185 53 8 0.0998913 0.0938297 0.00606152 5 4 5 4
296255 296041 214 3 0.0999221 0.0756895 0.0242326 8 1 8 1
297386 297268 118 0 0.0999098 0.0857918 0.0141179 8 1 7 1
299325 299272 53 4 0.39987 0.390887 0.00898253 6 3 5 3
299328 299088 240 9 0.0999129 0.0688986 0.0310143 5 4 5 4
