1060 807 253 3 0.899903 0.869285 0.0306171 4 0 4 0
1757 1620 137 0 0.799848 0.781655 0.0181924 8 0 8 0
1814 1648 166 1 0.799892 0.779018 0.0208741 8 0 8 0
2642 2345 297 8 0.69991 0.664639 0.0352708 9 0 9 0
4277 3963 314 7 0.499901 0.465068 0.0348323 9 0 9 0
5655 5551 104 5 0.299775 0.286926 0.0128487 7 2 7 2
5794 5555 239 6 0.299959 0.269222 0.0307362 7 2 7 2
5823 5736 87 4 0.299936 0.290375 0.00956111 9 0 9 0
6005 5641 364 3 0.499898 0.457484 0.0424143 8 0 8 0
6998 6622 376 9 0.199912 0.152125 0.0477875 8 1 8 1
7431 7273 158 2 0.0999932 0.0795696 0.0204236 3 6 3 6
8673 8520 153 1 0.299969 0.280337 0.019632 5 4 4 4
9673 9342 331 0 0.199773 0.161715 0.0380576 5 4 5 4
10868 10626 242 8 0.199997 0.170854 0.0291435 6 3 6 3
11009 10653 356 7 0.499955 0.45676 0.0431956 7 2 6 2
13120 12987 133 6 0.499894 0.484291 0.015603 6 3 6 2
14119 14019 100 3 0.299986 0.287614 0.0123719 7 2 7 2
15508 15241 267 5 0.199995 0.170079 0.0299166 8 1 8 1
16439 16257 182 4 0.0999117 0.0787826 0.0211291 7 2 7 2
16848 16663 185 1 0.399906 0.375749 0.0241578 7 2 7 2
18220 17897 323 9 0.0999795 0.0607245 0.039255 8 1 8 1
19019 18731 288 2 0.0999522 0.0659787 0.0339735 7 2 7 2
20845 20521 324 0 0.099912 0.0637 0.036212 7 2 7 2
20894 20647 247 7 0.0998022 0.0680416 0.0317606 7 2 7 2
22009 21697 312 8 0.0999585 0.0639975 0.0359611 7 2 7 2
22120 21811 309 6 0.199892 0.164066 0.0358263 7 2 7 2
24607 24425 182 1 0.399965 0.377695 0.0222704 7 2 7 2
24850 24526 324 3 0.0999378 0.0610425 0.0388953 6 3 6 3
24979 24734 245 5 0.299958 0.271308 0.0286501 5 4 4 4
27099 26744 355 4 0.199942 0.157278 0.0426636 7 2 6 2
28027 27905 122 9 0.299799 0.283964 0.0158354 7 2 7 2
28754 28490 264 2 0.299891 0.268358 0.0315331 7 2 7 2
30573 30456 117 7 0.299806 0.284073 0.0157322 7 2 7 2
30609 30517 92 0 0.299946 0.287701 0.0122446 6 3 6 3
31369 31316 53 4 0.899855 0.891669 0.00818613 6 3 1 1
32456 32232 224 6 0.199892 0.17178 0.0281117 5 4 5 4
33405 33347 58 8 0.0999153 0.0925249 0.0073904 8 1 8 1
35014 34695 319 1 0.0998994 0.0623603 0.0375391 8 1 8 1
35434 35362 72 3 0.199808 0.190071 0.00973768 8 1 8 1
35645 35394 251 5 0.0999171 0.0668751 0.033042 7 2 7 2
37924 37611 313 4 0.299915 0.263158 0.0367569 5 4 5 3
38462 38409 53 9 0.0998846 0.0938708 0.00601384 9 0 9 0
38597 38384 213 2 0.199978 0.175395 0.0245826 6 3 6 3
40194 40013 181 6 0.499956 0.477977 0.0219798 4 5 4 5
41079 40934 145 7 0.0999249 0.0825597 0.0173651 7 2 7 2
41219 40949 270 0 0.099938 0.0679597 0.0319783 8 1 8 1
44058 43744 314 3 0.399961 0.362586 0.0373752 9 0 8 0
44796 44588 208 8 0.0999967 0.0762678 0.0237289 9 0 9 0
45435 45271 164 5 0.299939 0.279686 0.0202526 6 3 6 3
45923 45602 321 1 0.199981 0.163701 0.0362805 7 2 7 2
48477 48306 171 4 0.0999052 0.0779214 0.0219838 6 3 6 3
48894 48625 269 2 0.199996 0.169538 0.0304578 7 2 7 2
49048 48846 202 9 0.199979 0.176726 0.0232527 7 2 7 2
49721 49490 231 6 0.0999367 0.0723029 0.0276338 8 1 8 1
51092 50821 271 0 0.299913 0.268256 0.0316571 7 2 7 2
52522 52243 279 7 0.0998955 0.0653645 0.0345309 4 5 4 5
53499 53109 390 2 0.899916 0.848981 0.050935 5 4 2 2
54274 54167 107 3 0.0999066 0.0867355 0.0131711 5 4 5 4
54410 54247 163 5 0.299913 0.280436 0.0194766 6 3 6 3
55726 55235 491 8 0.19991 0.121654 0.0782555 7 2 7 2
56339 55967 372 1 0.199979 0.155207 0.0447722 6 3 6 3
57623 57436 187 9 0.399967 0.379038 0.020929 7 2 7 2
59143 58897 246 4 0.199996 0.167674 0.0323219 7 2 7 2
59419 59351 68 6 0.29996 0.287575 0.0123849 5 4 5 4
61694 61532 162 0 0.0999132 0.0796401 0.0202731 8 1 8 1
61731 61574 157 2 0.0999908 0.0802469 0.0197439 6 3 6 3
63066 62996 70 7 0.199976 0.188845 0.0111313 7 2 7 2
64311 64054 257 5 0.199826 0.170893 0.0289331 6 3 6 3
64508 64232 276 8 0.399967 0.364185 0.0357823 7 2 7 2
65378 65325 53 3 0.0999732 0.0926096 0.00736363 5 4 5 4
65839 65640 199 1 0.299989 0.27438 0.0256096 8 1 8 1
66245 66048 197 9 0.299936 0.276143 0.0237932 4 5 4 5
68489 68138 351 6 0.299874 0.259692 0.0401823 5 4 5 4
70361 70087 274 4 0.0999015 0.0664427 0.0334588 9 0 9 0
70917 70532 385 7 0.499866 0.451752 0.0481146 6 3 6 3
71412 71192 220 2 0.299943 0.273618 0.0263251 7 2 7 2
72091 71977 114 0 0.199993 0.185702 0.0142905 6 3 6 3
74042 73710 332 8 0.199946 0.160295 0.0396504 6 3 6 3
74085 73801 284 1 0.399761 0.365539 0.0342219 8 1 8 1
75223 75045 178 9 0.299895 0.276956 0.022939 6 3 6 3
75566 75224 342 5 0.0999556 0.0579433 0.0420123 6 3 6 3
76755 76617 138 3 0.0999413 0.0839626 0.0159787 4 5 4 5
76773 76484 289 6 0.399994 0.366091 0.0339032 6 3 6 3
79133 78999 134 7 0.299928 0.283964 0.015964 7 2 7 2
79696 79252 444 4 0.399919 0.339809 0.0601101 5 4 4 4
80501 80125 376 2 0.299796 0.249224 0.0505724 6 3 6 3
81571 81233 338 0 0.299991 0.257943 0.0420486 7 2 7 2
82560 82290 270 8 0.399959 0.369086 0.0308727 7 2 7 2
82797 82509 288 1 0.299874 0.264843 0.0350304 7 2 7 2
83607 83554 53 6 0.49997 0.492099 0.00787153 7 2 7 2
85135 84806 329 9 0.199901 0.162894 0.0370063 4 5 4 5
85581 85242 339 5 0.299953 0.258939 0.0410141 7 2 7 2
85669 85512 157 3 0.399865 0.379652 0.0202134 6 3 6 3
88928 88762 166 7 0.199974 0.180339 0.0196342 7 2 7 2
89087 88920 167 4 0.199993 0.179443 0.0205508 8 1 8 1
89595 89322 273 8 0.499928 0.46591 0.0340179 9 0 9 0
90363 90242 121 2 0.199944 0.1865 0.0134443 6 3 6 3
91553 91275 278 0 0.199789 0.168476 0.0313129 6 3 6 3
92635 92326 309 6 0.199851 0.162157 0.0376934 5 4 4 4
93022 92902 120 1 0.099965 0.0854857 0.0144792 5 4 5 4
94879 94769 110 3 0.19998 0.187727 0.0122529 7 2 7 2
96263 96082 181 9 0.099939 0.0787562 0.0211829 7 2 7 1
96266 95899 367 5 0.0999121 0.0548731 0.045039 5 4 5 4
97898 97606 292 8 0.29997 0.264472 0.0354983 7 2 7 2
99363 99143 220 4 0.199896 0.173214 0.026682 7 2 7 2
100117 99887 230 7 0.0998942 0.0732848 0.0266094 7 2 7 2
100570 100333 237 2 0.199947 0.171172 0.0287755 4 5 4 5
101310 101076 234 6 0.399911 0.370204 0.0297075 6 3 6 3
101934 101729 205 0 0.199922 0.1765 0.0234225 7 2 6 2
103445 103392 53 1 0.199829 0.192241 0.00758825 7 2 7 2
105106 104941 165 3 0.199937 0.181796 0.0181411 6 3 6 3
105498 105112 386 8 0.499925 0.453266 0.0466591 7 2 7 2
107879 107744 135 4 0.39998 0.381284 0.0186952 7 2 6 2
107885 107545 340 9 0.0998156 0.0585551 0.0412605 8 1 8 1
107903 107560 343 5 0.0999186 0.0589188 0.0409999 7 2 7 2
111590 111353 237 6 0.0998813 0.0680034 0.0318779 7 2 7 2
111746 111488 258 7 0.099891 0.0677241 0.0321669 6 3 6 3
111760 111401 359 2 0.0999075 0.0567322 0.0431753 7 2 7 2
112519 112312 207 1 0.299976 0.276076 0.0238993 7 2 7 2
112981 112637 344 0 0.0999662 0.0570949 0.0428713 7 2 7 2
114478 114202 276 3 0.299902 0.267205 0.0326974 5 4 5 4
115264 114985 279 8 0.0998469 0.0670661 0.0327808 5 4 5 4
116574 116324 250 4 0.299893 0.270502 0.0293908 8 1 8 1
119325 119267 58 5 0.0999953 0.092404 0.0075913 6 3 6 3
119334 119234 100 9 0.0999978 0.0877314 0.0122665 6 3 6 3
122461 122399 62 3 0.393946 0.387139 0.00680677 8 1 7 1
122838 122785 53 6 0.0999868 0.092715 0.00727177 7 2 7 2
123019 122966 53 7 0.0999758 0.0908652 0.00911064 8 1 8 1
123101 123044 57 1 0.0999187 0.0918572 0.00806156 6 3 6 3
123321 123117 204 2 0.0999787 0.0747684 0.0252103 4 5 4 4
123651 123392 259 0 0.199926 0.168769 0.0311573 8 1 8 1
125765 125451 314 4 0.299908 0.263541 0.0363675 6 3 6 3
126001 125692 309 8 0.199939 0.16517 0.0347695 8 1 8 1
128513 128430 83 1 0.79996 0.788145 0.0118149 7 2 6 1
129154 128821 333 5 0.299893 0.26026 0.0396327 6 3 6 3
129768 129713 55 9 0.199969 0.192719 0.00724972 5 4 5 4
130154 129960 194 3 0.39997 0.375846 0.0241245 7 2 7 2
131311 131153 158 0 0.49998 0.480826 0.0191531 7 2 7 2
131736 131490 246 6 0.399907 0.369681 0.0302262 7 2 7 2
131766 131713 53 7 0.39994 0.391789 0.00815132 7 2 7 2
133214 132880 334 2 0.299992 0.258524 0.0414678 6 3 6 3
133863 133517 346 8 0.499984 0.460853 0.0391309 5 4 5 4
134173 133818 355 4 0.399891 0.358399 0.0414916 4 5 4 5
135150 135053 97 7 0.899913 0.889252 0.0106611 8 1 3 0
136267 135964 303 1 0.199915 0.162117 0.037798 7 2 7 2
138770 138447 323 0 0.399866 0.358634 0.0412312 8 1 7 1
138930 138731 199 9 0.299931 0.276069 0.0238615 7 2 7 2
139197 138847 350 5 0.199914 0.156778 0.0431368 8 1 8 1
139432 139118 314 6 0.399987 0.363466 0.0365207 6 3 6 3
140208 140089 119 3 0.0999136 0.0869454 0.0129682 7 2 7 2
141522 141367 155 7 0.299908 0.278563 0.0213454 5 4 5 4
142354 142075 279 2 0.299931 0.267369 0.0325624 7 2 7 2
143421 143075 346 1 0.599996 0.553277 0.046718 5 4 3 4
143527 143453 74 8 0.0999785 0.0898647 0.0101138 6 3 6 3
143863 143546 317 4 0.199977 0.163413 0.0365638 6 3 6 3
146820 146461 359 0 0.39998 0.357821 0.0421595 7 2 7 2
147854 147585 269 9 0.299908 0.267458 0.0324493 8 1 8 1
148697 148348 349 5 0.299999 0.258818 0.0411809 7 2 7 2
149676 149494 182 6 0.099912 0.0747729 0.0251391 7 2 7 2
151159 150968 191 7 0.199972 0.176496 0.0234763 6 3 6 3
151466 151371 95 3 0.0998984 0.0876409 0.0122575 7 2 7 2
152831 152637 194 1 0.099926 0.0759781 0.0239479 7 2 7 2
152962 152832 130 2 0.0998944 0.0823121 0.0175822 6 3 6 3
154848 154724 124 8 0.0999279 0.0862968 0.0136311 7 2 7 2
154954 154682 272 4 0.0999526 0.0641242 0.0358283 7 2 7 2
157091 156782 309 0 0.0999602 0.0646933 0.0352669 7 2 7 2
157664 157531 133 9 0.199938 0.185317 0.0146211 7 2 7 2
158683 158456 227 5 0.199901 0.169377 0.0305237 6 3 6 3
161210 160865 345 6 0.099975 0.059546 0.0404289 6 3 6 3
161372 161045 327 7 0.199997 0.160288 0.0397089 4 5 4 5
161972 161663 309 2 0.399985 0.362146 0.0378393 8 1 8 1
161980 161787 193 3 0.199842 0.178645 0.0211971 6 3 6 3
164190 164080 110 1 0.0999734 0.085781 0.0141924 7 2 7 2
164578 164420 158 8 0.299916 0.279752 0.0201641 4 5 4 5
165053 164704 349 4 0.299909 0.257385 0.0425234 6 3 6 2
165952 165847 105 0 0.399997 0.385758 0.0142389 5 4 4 4
166229 166173 56 5 0.499983 0.492523 0.00745996 6 3 6 3
167676 167616 60 6 0.699919 0.690482 0.00943613 4 5 4 5
167870 167668 202 9 0.199905 0.176352 0.0235528 5 4 5 4
169067 169001 66 7 0.499971 0.492867 0.00710392 6 3 6 3
169413 169147 266 5 0.899897 0.867782 0.0321153 8 1 4 0
169557 169406 151 2 0.399903 0.37983 0.0200724 6 3 6 3
170490 170338 152 3 0.399772 0.381966 0.0178057 8 1 8 1
171931 171769 162 8 0.499943 0.480269 0.0196738 7 2 7 2
173468 173384 84 0 0.399969 0.389162 0.0108069 7 2 6 2
173843 173593 250 1 0.299996 0.269638 0.0303582 9 0 9 0
174212 173882 330 4 0.299962 0.262347 0.0376152 7 2 7 2
175858 175772 86 5 0.299984 0.287394 0.0125899 7 2 7 2
176306 176112 194 6 0.0999885 0.0753914 0.0245971 5 4 5 4
177345 176991 354 9 0.299967 0.257212 0.0427544 8 1 8 1
178748 178646 102 7 0.099909 0.0852383 0.0146707 8 1 8 1
179624 179421 203 2 0.0999922 0.0743414 0.0256509 7 2 7 2
179692 179571 121 3 0.199954 0.18302 0.0169335 6 3 6 3
181025 180972 53 0 0.399886 0.392877 0.00700932 5 4 5 4
181123 180750 373 8 0.199976 0.154995 0.0449815 6 3 6 3
183633 183521 112 1 0.199975 0.187515 0.0124598 7 2 7 2
184607 184276 331 6 0.499893 0.460015 0.0398786 5 4 5 3
185016 184744 272 4 0.0999993 0.0685229 0.0314764 5 4 5 4
185795 185439 356 5 0.199886 0.157438 0.0424479 7 2 7 2
187678 187623 55 0 0.499898 0.492107 0.00779083 7 2 7 2
187972 187918 54 8 0.599976 0.592036 0.00794031 7 2 6 1
188116 187871 245 9 0.099915 0.0731238 0.0267912 7 2 7 2
188996 188794 202 3 0.299921 0.273779 0.0261418 6 3 6 3
189275 189222 53 2 0.299916 0.292534 0.00738157 7 2 7 2
190212 189958 254 7 0.0999597 0.0694954 0.0304643 5 4 5 4
192699 192644 55 6 0.299932 0.293566 0.00636593 6 3 6 3
193831 193641 190 0 0.499985 0.478396 0.0215883 8 1 8 1
194251 194162 89 5 0.399869 0.388106 0.011763 8 1 7 1
194767 194421 346 1 0.0999413 0.057458 0.0424834 7 2 7 2
194914 194622 292 8 0.39996 0.366673 0.0332878 7 2 7 2
195553 195493 60 4 0.19991 0.19118 0.00872981 4 5 4 5
198239 197981 258 2 0.299943 0.26928 0.0306626 7 2 7 2
198656 198599 57 9 0.199934 0.191552 0.00838249 6 3 6 3
198885 198676 209 3 0.199998 0.174643 0.0253552 7 2 7 2
200306 200046 260 5 0.599943 0.569988 0.029955 7 2 6 2
201703 201400 303 6 0.299957 0.265368 0.0345887 7 2 7 2
201802 201492 310 7 0.0999306 0.063005 0.0369256 5 4 5 4
203357 202976 381 4 0.499969 0.452252 0.0477169 8 1 8 1
203528 203368 160 0 0.0998906 0.0822139 0.0176767 7 2 7 2
203914 203695 219 1 0.399899 0.373784 0.0261155 6 3 5 3
205179 205034 145 8 0.0998018 0.079782 0.0200198 6 3 6 3
206434 206375 59 2 0.399953 0.391364 0.00858856 4 5 3 5
207393 207340 53 3 0.399969 0.393357 0.00661207 6 3 6 3
209736 209679 57 5 0.099945 0.0917859 0.00815914 8 1 8 0
209767 209430 337 9 0.0999007 0.0590179 0.0408828 9 0 9 0
210598 210508 90 6 0.29997 0.287771 0.0121985 8 1 8 1
210821 210671 150 7 0.399991 0.383373 0.0166183 8 1 8 1
211496 211443 53 1 0.39989 0.392 0.00789052 8 1 8 1
213352 213036 316 4 0.0999495 0.0619658 0.0379837 6 3 6 3
214950 214659 291 0 0.099987 0.0661464 0.0338406 7 2 7 2
214969 214827 142 3 0.399999 0.382537 0.0174619 7 2 6 2
215729 215541 188 8 0.199929 0.174288 0.0256406 8 1 8 1
216519 216217 302 2 0.0998823 0.0607287 0.0391536 6 3 6 3
219226 218964 262 1 0.399927 0.368679 0.0312483 7 2 6 2
219554 219344 210 6 0.299901 0.272978 0.0269224 8 1 8 1
220480 220139 341 5 0.199967 0.159399 0.0405679 7 2 7 2
221107 220823 284 7 0.0999705 0.0680624 0.0319081 7 2 7 2
221278 221131 147 9 0.0999344 0.078624 0.0213103 4 5 4 5
222489 222152 337 4 0.399899 0.358939 0.0409594 6 3 5 3
225246 224945 301 3 0.0999448 0.0642839 0.0356609 5 4 5 4
225779 225687 92 8 0.199971 0.186698 0.0132724 8 1 8 1
225906 225401 505 0 0.19999 0.143552 0.0564378 6 3 6 3
227967 227728 239 2 0.0999904 0.0715559 0.0284345 7 2 7 2
229294 229096 198 6 0.199944 0.176311 0.0236324 6 3 6 3
229559 229216 343 1 0.0999686 0.059246 0.0407226 4 5 4 5
231596 231410 186 5 0.0999983 0.0740347 0.0259636 6 3 5 3
231652 231599 53 9 0.199783 0.190662 0.00912096 5 4 5 4
231709 231587 122 7 0.199872 0.181793 0.0180791 8 1 7 1
232110 231790 320 4 0.199916 0.161816 0.0381001 5 4 5 4
235134 234923 211 8 0.299898 0.273847 0.0260504 4 5 4 5
236786 236578 208 3 0.0999953 0.0723855 0.0276098 6 3 6 3
236968 236768 200 6 0.499967 0.477336 0.0226302 7 2 7 2
237211 236912 299 0 0.0998988 0.0656377 0.0342611 7 2 7 2
237767 237661 106 2 0.299976 0.285042 0.0149346 5 4 5 4
240029 239680 349 4 0.499987 0.458703 0.0412842 5 4 5 4
241051 240837 214 1 0.0999746 0.0715852 0.0283894 7 2 7 2
241167 240895 272 7 0.299943 0.2661 0.0338433 8 1 8 1
241835 241560 275 9 0.199945 0.167643 0.0323028 7 2 7 2
242972 242917 55 5 0.09999 0.0923425 0.00764744 7 2 7 2
243455 243221 234 8 0.399919 0.370791 0.0291278 7 2 7 2
245222 244879 343 2 0.499896 0.459571 0.0403245 6 3 6 3
245814 245666 148 6 0.199975 0.181413 0.0185617 7 2 7 2
248045 247989 56 3 0.0999609 0.0925836 0.00737727 8 1 8 1
248678 248512 166 0 0.0998907 0.0789491 0.0209416 8 1 8 1
249706 249599 107 4 0.0999304 0.086537 0.0133934 8 1 8 1
250369 250157 212 9 0.399929 0.374312 0.0256165 9 0 8 0
250697 250520 177 1 0.299914 0.277663 0.0222508 8 1 8 1
251699 251637 62 7 0.0999663 0.0928794 0.00708696 4 5 4 5
253484 253389 95 5 0.199973 0.187255 0.012718 6 3 6 3
253651 253528 123 8 0.0999029 0.0828311 0.0170718 4 5 4 5
255149 254964 185 2 0.0999959 0.0776691 0.0223268 7 2 7 2
256823 256532 291 6 0.0999497 0.0655978 0.0343519 6 3 6 3
258523 258343 180 0 0.299905 0.278625 0.0212797 7 2 7 2
258653 258429 224 3 0.199907 0.174232 0.0256746 6 3 6 3
259425 259204 221 4 0.299904 0.271291 0.0286127 8 1 8 1
259829 259561 268 9 0.199956 0.168761 0.031195 6 3 6 3
261464 261211 253 1 0.0999982 0.0696914 0.0303068 4 5 4 5
262762 262609 153 5 0.299995 0.279578 0.0204174 6 3 6 3
263121 263036 85 7 0.0999886 0.0906475 0.00934111 7 2 7 2
264374 264056 318 8 0.199909 0.164219 0.0356895 8 1 8 1
265780 265569 211 2 0.199974 0.17397 0.0260038 7 2 7 2
266782 266419 363 0 0.39993 0.354813 0.0451166 6 3 6 3
267508 267405 103 6 0.19993 0.187585 0.0123445 7 2 6 2
267724 267634 90 3 0.299906 0.288406 0.0114999 8 1 8 1
269871 269792 79 4 0.0999678 0.0897602 0.0102075 7 2 7 2
270922 270774 148 9 0.0999084 0.0833655 0.0165429 8 1 8 1
273014 272663 351 1 0.0999085 0.0595155 0.040393 9 0 9 0
273092 272838 254 8 0.399964 0.369802 0.0301621 8 1 7 1
273094 273017 77 5 0.0999044 0.0893494 0.010555 6 3 6 3
273538 273485 53 7 0.199996 0.192069 0.00792727 7 2 7 2
275276 275104 172 0 0.299991 0.279213 0.0207773 7 2 7 2
276739 276602 137 2 0.0999575 0.0823179 0.0176396 5 4 5 4
278103 277955 148 3 0.0999006 0.0816943 0.0182063 5 4 5 4
278465 278158 307 6 0.0999318 0.064195 0.0357368 7 2 7 2
278833 278502 331 4 0.399946 0.360028 0.0399186 6 3 6 3
281013 280901 112 5 0.499908 0.486885 0.0130231 6 3 5 3
281114 281031 83 1 0.4999 0.489788 0.0101121 7 2 7 2
282340 282201 139 9 0.099894 0.0812438 0.0186501 6 3 6 3
282412 282355 57 0 0.489484 0.482864 0.0066193 7 2 6 2
283335 283228 107 8 0.0999869 0.0833485 0.0166384 7 2 7 2
283388 283292 96 7 0.199969 0.186216 0.0137537 7 2 7 2
286601 286441 160 6 0.499944 0.478056 0.0218877 7 2 7 2
287169 287073 96 2 0.199877 0.186814 0.0130629 7 2 7 2
287446 287344 102 1 0.499963 0.486218 0.0137445 6 3 6 3
287680 287272 408 4 0.299924 0.248493 0.0514307 7 2 7 2
287745 287574 171 3 0.299966 0.280201 0.0197649 6 3 6 3
289889 289663 226 5 0.199922 0.172034 0.0278875 7 2 7 2
290574 290391 183 1 0.899893 0.877565 0.0223283 7 2 1 0
292329 291985 344 0 0.0999919 0.0589092 0.0410827 6 3 6 3
293695 293537 158 9 0.0999543 0.081535 0.0184192 7 2 7 2
293803 293744 59 8 0.199961 0.19153 0.00843104 6 3 6 3
294365 294030 335 7 0.0998729 0.058054 0.0418189 7 2 7 2
296548 296236 312 6 0.0998853 0.0642672 0.0356181 5 4 5 4
297025 296810 215 1 0.299916 0.273947 0.0259691 4 5 4 5
297430 297164 266 3 0.199937 0.168779 0.0311577 5 4 5 4
298193 297897 296 2 0.0999334 0.0630299 0.0369035 7 2 7 2
298367 298227 140 4 0.0999585 0.0821477 0.0178107 6 3 6 3
