1669 1585 84 2 0.799943 0.787852 0.0120911 6 0 6 0
2550 2438 112 9 0.699914 0.684893 0.0150215 9 0 9 0
3438 3160 278 3 0.599999 0.565487 0.034512 8 1 8 1
4157 4102 55 5 0.499966 0.491653 0.00831335 9 0 9 0
4170 4062 108 4 0.499934 0.484557 0.0153767 7 2 7 2
4194 4118 76 7 0.499973 0.490384 0.00958944 8 1 8 1
4927 4830 97 1 0.399978 0.388032 0.0119468 8 1 8 1
5919 5775 144 6 0.29993 0.278892 0.0210378 7 2 7 2
7032 6651 381 0 0.199992 0.152261 0.047731 9 0 9 0
7585 7388 197 8 0.0999761 0.0773466 0.0226295 8 1 8 1
7867 7545 322 2 0.399919 0.363289 0.0366303 8 1 7 1
8838 8783 55 9 0.39994 0.391786 0.0081537 6 3 5 3
10392 10214 178 5 0.499947 0.479078 0.020869 9 0 9 0
11312 11170 142 4 0.399918 0.382568 0.0173502 4 5 4 5
12101 12048 53 7 0.299852 0.292668 0.00718387 5 4 5 4
12228 11913 315 3 0.199906 0.161665 0.0382409 7 2 7 2
12735 12385 350 1 0.399954 0.356269 0.0436846 7 2 6 2
14125 13837 288 0 0.599983 0.565732 0.034251 4 5 4 5
15971 15572 399 6 0.199956 0.152548 0.0474087 5 4 5 4
16531 16373 158 8 0.399962 0.382351 0.0176104 8 1 8 1
17288 17193 95 2 0.199949 0.189508 0.0104411 8 1 8 1
19144 18813 331 9 0.0999337 0.0593885 0.0405452 6 3 6 3
20224 19940 284 5 0.0999282 0.062913 0.0370151 9 0 9 0
20609 20377 232 1 0.399904 0.37096 0.0289436 6 3 6 3
21281 21227 54 4 0.0999956 0.092773 0.00722255 7 2 7 2
22627 22571 56 0 0.199906 0.193237 0.00666959 7 2 7 2
23126 22352 774 7 0.0999982 0.0158799 0.0841182 7 2 7 2
23336 23107 229 3 0.0998948 0.0693943 0.0305005 6 3 6 3
25300 25238 62 6 0.299897 0.290753 0.00914468 7 2 7 2
26014 25778 236 8 0.199977 0.169284 0.0306926 5 4 5 4
28420 28061 359 2 0.0999736 0.0550539 0.0449197 8 1 8 1
28886 28816 70 9 0.299945 0.291289 0.00865547 6 3 6 3
29955 29742 213 1 0.199934 0.175519 0.0244146 6 3 6 3
30888 30746 142 5 0.199956 0.18163 0.0183257 5 4 5 4
31899 31713 186 0 0.299913 0.279462 0.0204511 9 0 9 0
32308 32139 169 7 0.399985 0.375325 0.0246604 5 4 5 4
32317 32263 54 3 0.399851 0.392285 0.00756622 3 6 3 6
32582 32495 87 4 0.0999571 0.0899251 0.0100321 6 3 6 3
35581 35214 367 8 0.299885 0.257878 0.0420063 4 5 4 5
35718 35665 53 6 0.0999922 0.0925688 0.00742336 7 2 7 2
38397 38299 98 5 0.499979 0.487758 0.0122209 8 1 8 1
38620 38456 164 9 0.199962 0.181626 0.0183358 8 1 8 1
40073 39774 299 2 0.0999867 0.0640003 0.0359864 9 0 9 0
40173 39912 261 1 0.199918 0.168394 0.031524 7 2 7 2
41429 41308 121 3 0.199914 0.184623 0.0152912 6 3 6 3
42542 42383 159 0 0.0999166 0.0788638 0.0210528 7 2 7 2
42719 42389 330 7 0.0999332 0.0583741 0.0415591 6 3 6 3
43335 43093 242 4 0.199976 0.172195 0.027781 5 4 5 4
45407 45302 105 6 0.299833 0.2855 0.0143331 3 6 3 6
45431 45332 99 8 0.199997 0.185629 0.0143678 4 5 4 5
45615 45493 122 5 0.399922 0.384939 0.0149835 5 4 4 4
47228 47043 185 9 0.399814 0.378115 0.0216994 8 1 8 1
47971 47794 177 1 0.499944 0.475106 0.0248381 3 6 3 6
49065 48944 121 2 0.399932 0.384482 0.0154501 7 2 4 2
50541 50416 125 0 0.499917 0.482069 0.0178473 6 3 6 2
51157 50833 324 4 0.499975 0.459907 0.0400674 6 3 6 3
52500 52358 142 3 0.0998302 0.0817868 0.0180434 7 2 7 2
53516 53208 308 7 0.199904 0.162008 0.0378956 7 2 7 2
54483 54283 200 1 0.499928 0.474369 0.0255584 8 1 8 1
55760 55637 123 5 0.099933 0.0845575 0.0153755 6 3 6 3
55951 55848 103 6 0.0999772 0.0879441 0.0120332 7 2 7 2
56397 56132 265 8 0.0999299 0.0670345 0.0328954 7 2 7 2
57277 57218 59 9 0.0999466 0.0921946 0.00775204 6 3 6 3
59240 59003 237 2 0.0999969 0.0720106 0.0279863 6 3 6 3
60338 60181 157 0 0.0999413 0.0795639 0.0203774 5 4 5 4
61010 60743 267 4 0.0999444 0.0676567 0.0322877 7 2 7 2
61895 61650 245 1 0.399942 0.371017 0.0289258 8 1 7 1
63080 62971 109 3 0.199903 0.186599 0.0133039 8 1 8 1
64030 63724 306 7 0.199917 0.162514 0.0374026 4 5 3 5
64804 64538 266 5 0.399903 0.368359 0.0315435 4 5 4 4
65747 65560 187 6 0.299918 0.277223 0.022695 7 2 7 2
66807 66683 124 9 0.299982 0.284772 0.0152103 6 3 5 3
67888 67678 210 8 0.0999198 0.073876 0.0260439 6 3 6 3
68125 67941 184 2 0.399997 0.379475 0.0205225 6 3 6 3
69204 69073 131 0 0.399895 0.382548 0.0173475 8 1 7 1
69306 69127 179 7 0.799945 0.777689 0.0222561 4 5 2 1
69979 69878 101 4 0.399898 0.387408 0.0124901 6 3 5 3
70810 70569 241 3 0.499913 0.471112 0.0288014 6 3 6 3
72310 72073 237 1 0.0999787 0.0710506 0.028928 7 2 7 2
73212 73132 80 9 0.599969 0.58901 0.0109595 5 4 3 3
74027 73963 64 5 0.199961 0.191389 0.00857198 8 1 7 1
74451 74398 53 6 0.299975 0.291439 0.00853608 5 4 5 4
76711 76574 137 0 0.399924 0.382913 0.0170106 7 2 7 2
77563 77317 246 2 0.199906 0.17167 0.0282359 6 3 6 3
77971 77612 359 7 0.0999409 0.0560441 0.0438968 8 1 8 1
78597 78336 261 4 0.299895 0.267415 0.0324803 8 1 8 1
79537 79208 329 8 0.0999581 0.0625252 0.0374329 7 2 7 2
80439 80306 133 3 0.0999768 0.083241 0.0167359 8 1 8 1
80902 80787 115 9 0.299915 0.284757 0.0151584 8 1 7 1
82912 82717 195 1 0.199801 0.172012 0.0277896 7 2 7 2
84425 84223 202 0 0.39998 0.375427 0.0245524 8 1 7 1
85101 84762 339 5 0.0998846 0.0622439 0.0376407 7 2 7 2
85123 84827 296 6 0.0999337 0.0639619 0.0359718 7 2 7 2
86002 85846 156 2 0.399957 0.379794 0.0201636 5 4 5 4
87383 87074 309 9 0.599773 0.56368 0.0360936 8 1 6 1
87855 87765 90 7 0.29994 0.287002 0.0129381 6 3 5 3
88606 88366 240 8 0.399952 0.370091 0.0298606 6 3 5 3
88690 88381 309 4 0.19996 0.163593 0.0363678 3 6 3 6
90034 89865 169 3 0.299989 0.280783 0.0192062 6 3 5 2
92149 92084 65 1 0.299895 0.290484 0.00941058 6 3 6 3
93111 93047 64 5 0.499976 0.49088 0.00909577 9 0 9 0
94300 94217 83 2 0.299918 0.288383 0.0115356 7 2 7 2
94520 94435 85 0 0.0998386 0.0893897 0.010449 8 1 8 1
95104 94977 127 9 0.299928 0.283024 0.0169039 8 1 8 1
95828 95494 334 6 0.199982 0.16083 0.0391526 7 2 7 2
96873 96548 325 7 0.299907 0.263126 0.0367811 8 1 8 1
98999 98722 277 8 0.0998911 0.0692075 0.0306836 8 1 8 1
99084 98818 266 4 0.199922 0.168528 0.0313946 7 2 7 2
100696 100546 150 3 0.0999584 0.0824568 0.0175016 9 0 9 0
101284 101046 238 5 0.299987 0.266669 0.0333183 7 2 6 2
102519 102402 117 1 0.0999715 0.0866184 0.0133531 8 1 8 1
103102 102989 113 2 0.299894 0.282175 0.0177191 5 4 5 4
104182 104009 173 7 0.499986 0.478628 0.021358 7 2 6 2
104663 104610 53 9 0.19985 0.193548 0.00630287 5 4 5 4
105744 105664 80 0 0.0999464 0.0911553 0.00879111 8 1 8 1
106129 106016 113 6 0.199979 0.186923 0.0130561 5 4 4 4
107148 106922 226 8 0.499997 0.475146 0.0248511 7 2 6 1
109447 109111 336 4 0.199895 0.161404 0.0384912 7 2 7 2
110780 110471 309 7 0.499913 0.463826 0.0360869 7 2 7 2
110894 110841 53 5 0.19996 0.192919 0.00704101 7 2 7 2
111198 111040 158 3 0.199988 0.179584 0.0204036 7 2 6 2
112457 112149 308 1 0.299941 0.264093 0.0358483 6 3 6 3
113843 113599 244 2 0.0999571 0.0693754 0.0305817 8 1 8 1
114812 114475 337 6 0.399965 0.360047 0.0399181 5 4 5 4
115598 115434 164 9 0.09996 0.0799838 0.0199762 9 0 9 0
116311 116029 282 0 0.199979 0.166757 0.0332214 7 2 7 2
117015 116797 218 8 0.0999524 0.0743617 0.0255907 8 1 8 1
119898 119647 251 7 0.199989 0.167361 0.0326285 7 2 7 2
120608 120303 305 4 0.099918 0.0633835 0.0365346 8 1 8 1
121408 121138 270 1 0.29992 0.269482 0.030438 8 1 8 1
121865 121588 277 5 0.0999553 0.0662263 0.033729 8 1 8 1
122257 122032 225 3 0.1 0.0752589 0.0247411 7 2 7 2
123526 123416 110 2 0.299894 0.285196 0.0146978 3 6 3 6
124680 124612 68 6 0.0999839 0.0900268 0.0099571 6 3 6 3
126883 126826 57 9 0.0989873 0.0911243 0.00786295 4 5 4 5
127576 127230 346 0 0.0999534 0.0594619 0.0404916 8 1 8 1
127772 127421 351 8 0.199821 0.159638 0.040183 7 2 7 2
129286 129116 170 7 0.299897 0.281205 0.0186911 6 3 6 3
129586 129300 286 1 0.399946 0.36681 0.0331361 7 2 7 2
131204 131093 111 4 0.199898 0.185266 0.0146314 6 3 6 3
131630 131459 171 2 0.399954 0.378649 0.0213054 8 1 6 0
132990 132662 328 3 0.199981 0.158852 0.0411289 5 4 5 4
133224 133153 71 5 0.0999488 0.0921477 0.00780111 6 3 6 3
134130 133872 258 9 0.599958 0.568637 0.031322 5 4 5 2
134588 134248 340 6 0.299901 0.258333 0.0415684 4 5 4 5
136706 136444 262 0 0.399899 0.368427 0.0314717 8 1 8 1
137372 137180 192 1 0.399899 0.375695 0.0242033 6 3 6 3
137432 137114 318 8 0.29993 0.258612 0.0413183 6 3 6 3
138294 138073 221 7 0.299968 0.274458 0.0255097 6 3 6 3
139186 139119 67 2 0.399908 0.392184 0.00772406 5 4 5 4
139840 139556 284 4 0.399907 0.367699 0.0322088 7 2 7 2
141816 141650 166 9 0.299893 0.281483 0.0184101 6 3 6 3
142768 142658 110 5 0.299764 0.283787 0.0159768 9 0 9 0
144116 143873 243 3 0.0999194 0.0717656 0.0281538 7 2 7 2
144366 144272 94 6 0.19989 0.185345 0.0145447 6 3 6 3
145964 145743 221 1 0.299917 0.271554 0.0283625 7 2 7 2
146815 146762 53 0 0.0998179 0.091951 0.00786684 7 2 7 2
146981 146648 333 2 0.39995 0.357793 0.0421563 6 3 6 3
147112 146991 121 8 0.199906 0.183992 0.0159143 5 4 5 4
149052 148822 230 7 0.0999869 0.0714122 0.0285747 6 3 6 3
149169 149050 119 4 0.19991 0.183119 0.0167906 5 4 5 4
151675 151481 194 9 0.199964 0.173048 0.0269167 6 3 6 3
151749 151570 179 5 0.299958 0.275624 0.024334 4 5 4 5
152016 151903 113 6 0.499998 0.486398 0.0136 6 3 5 3
154307 154010 297 1 0.399958 0.365296 0.0346625 7 2 6 2
155554 155401 153 3 0.0999391 0.0803856 0.0195535 7 2 7 2
157081 156996 85 0 0.199871 0.188044 0.0118266 6 3 6 3
157446 157178 268 2 0.0999123 0.0700529 0.0298594 7 2 7 2
157850 157776 74 8 0.0999027 0.0903287 0.00957401 9 0 9 0
159533 159184 349 4 0.199906 0.157856 0.0420508 9 0 9 0
160672 160325 347 7 0.0999848 0.05826 0.0417249 7 2 7 2
161049 160873 176 9 0.299918 0.277804 0.0221144 4 5 4 5
161722 161637 85 6 0.0999238 0.087926 0.0119977 7 2 7 2
162319 162103 216 5 0.0999016 0.07304 0.0268616 6 3 6 3
162966 162747 219 1 0.299976 0.275218 0.0247578 4 5 4 5
165355 164998 357 8 0.599962 0.555405 0.044557 5 4 5 4
165741 165516 225 0 0.39991 0.37201 0.0278998 6 3 6 2
165945 165872 73 3 0.19995 0.190786 0.00916415 6 3 5 3
166473 166258 215 2 0.39996 0.374306 0.0256536 6 3 6 3
168421 168142 279 9 0.499913 0.468049 0.0318637 6 3 6 3
168804 168657 147 7 0.499969 0.481336 0.0186334 5 4 5 4
169100 168830 270 6 0.599944 0.567937 0.0320073 6 3 5 3
170666 170313 353 4 0.0999248 0.0579023 0.0420224 5 4 5 4
171284 171153 131 5 0.399985 0.385415 0.0145704 6 3 6 3
172023 171808 215 1 0.299897 0.273436 0.0264617 6 3 6 2
174918 174721 197 2 0.299962 0.275764 0.0241981 6 3 6 2
174979 174904 75 0 0.199885 0.188738 0.0111479 7 2 7 2
175053 174713 340 8 0.0999608 0.0584929 0.0414679 7 2 7 2
176211 175839 372 3 0.19978 0.158017 0.0417637 7 2 6 2
177813 177563 250 7 0.199966 0.171809 0.0281571 6 3 6 3
178347 178081 266 9 0.0999362 0.0698075 0.0301287 7 2 7 2
178698 178356 342 6 0.0999604 0.0575881 0.0423723 6 3 6 3
179462 179318 144 5 0.299993 0.284162 0.0158311 6 3 6 3
180583 180448 135 4 0.299776 0.282224 0.0175526 7 2 6 2
182739 182622 117 1 0.0999307 0.0849198 0.0150109 7 2 7 2
183842 183725 117 8 0.399966 0.384491 0.0154744 8 1 8 1
184727 184537 190 2 0.19998 0.179088 0.0208911 9 0 8 0
185027 184932 95 0 0.19995 0.186908 0.0130424 6 3 6 3
185531 185465 66 3 0.299956 0.290458 0.00949825 8 1 8 1
187131 187078 53 9 0.399955 0.390806 0.00914923 6 3 5 3
188369 188108 261 5 0.299942 0.269108 0.0308338 4 5 4 5
188918 188739 179 7 0.0999333 0.0789554 0.020978 5 4 5 4
190124 190057 67 6 0.0999255 0.0905369 0.00938858 5 4 5 4
190482 190206 276 4 0.199905 0.167172 0.0327323 8 1 8 1
192421 192194 227 8 0.299936 0.274718 0.0252188 5 4 5 4
193313 193076 237 2 0.399939 0.370652 0.0292871 7 2 7 2
194156 194051 105 1 0.0998981 0.088357 0.0115411 5 4 5 4
195154 195045 109 0 0.19995 0.181971 0.017979 7 2 7 2
195605 195446 159 9 0.29989 0.279065 0.0208252 7 2 7 2
196041 195715 326 3 0.0998912 0.0580164 0.0418749 9 0 8 0
197992 197658 334 7 0.399985 0.36127 0.0387156 4 5 4 4
198110 198045 65 4 0.499889 0.490985 0.00890367 3 6 2 6
198123 198002 121 5 0.199913 0.179843 0.0200694 5 4 5 4
200496 200442 54 8 0.399978 0.394046 0.00593111 7 2 7 2
200652 200506 146 6 0.199979 0.181458 0.0185213 5 4 5 4
202175 202090 85 1 0.499999 0.490562 0.00943656 9 0 9 0
203052 202709 343 0 0.499981 0.460287 0.0396936 8 1 7 0
203290 203237 53 2 0.0999652 0.0919377 0.00802757 8 1 8 1
205078 204879 199 3 0.399894 0.374044 0.0258493 9 0 9 0
206302 206050 252 9 0.0999759 0.0714771 0.0284988 8 1 8 1
206525 206472 53 5 0.399939 0.39246 0.00747913 8 1 8 1
207738 207635 103 4 0.0998915 0.0875439 0.0123476 7 2 7 2
208231 208012 219 7 0.099943 0.0739057 0.0260372 6 3 6 3
209195 209081 114 6 0.399983 0.386146 0.0138376 5 4 5 4
209763 209552 211 8 0.199983 0.174906 0.0250766 7 2 7 2
210998 210898 100 1 0.199987 0.187524 0.0124631 7 2 7 2
212215 212122 93 2 0.399971 0.38757 0.012401 6 3 5 3
212230 212004 226 0 0.199985 0.172719 0.0272656 8 1 8 1
213565 213475 90 3 0.299988 0.288001 0.0119877 6 3 4 3
215076 214891 185 5 0.299949 0.277332 0.0226178 7 2 7 2
216070 215847 223 6 0.499922 0.471819 0.0281034 7 2 7 2
216249 215984 265 9 0.3 0.268264 0.0317354 8 1 8 1
217538 217335 203 4 0.299987 0.277279 0.0227083 5 4 5 4
218920 218701 219 7 0.199995 0.173209 0.026786 7 2 7 2
219971 219730 241 0 0.499897 0.471003 0.0288938 6 3 6 2
220119 219933 186 8 0.199898 0.175223 0.0246757 4 5 4 5
221687 221348 339 2 0.199862 0.157007 0.0428544 8 1 8 1
221973 221738 235 1 0.0999237 0.0719476 0.0279762 8 1 8 1
222388 222214 174 3 0.299995 0.279291 0.0207042 7 2 7 2
223284 223085 199 5 0.39997 0.375914 0.0240562 5 4 5 4
224931 224834 97 6 0.19977 0.186184 0.0135858 6 3 6 3
225104 225043 61 9 0.29994 0.291185 0.00875475 4 5 4 5
225828 225583 245 4 0.399978 0.368759 0.0312197 8 1 8 1
226028 225683 345 7 0.599976 0.555865 0.0441112 3 6 3 5
226546 226342 204 0 0.499911 0.47497 0.0249412 7 2 7 2
229441 229365 76 8 0.299928 0.291577 0.00835111 9 0 9 0
231191 231049 142 3 0.299936 0.283747 0.0161895 9 0 9 0
231230 231058 172 2 0.299776 0.277356 0.0224197 7 2 7 2
233416 233199 217 5 0.0998055 0.0715467 0.0282588 8 1 8 1
233423 233302 121 1 0.0999031 0.0837905 0.0161125 8 1 8 1
234476 234136 340 4 0.299775 0.257703 0.0420722 5 4 5 4
234855 234782 73 6 0.199897 0.190085 0.00981149 5 4 5 4
235409 235284 125 0 0.199955 0.182872 0.0170827 6 3 6 3
235643 235401 242 7 0.0999425 0.0703774 0.0295651 7 2 7 2
235901 235550 351 9 0.0998998 0.0573945 0.0425053 4 5 4 5
239500 239170 330 2 0.399904 0.361184 0.0387194 7 2 7 2
240161 239946 215 3 0.299948 0.273517 0.0264315 5 4 5 4
240215 239881 334 8 0.0997892 0.0570558 0.0427333 7 2 7 2
243489 243232 257 4 0.29989 0.271283 0.0286068 7 2 7 2
244031 243775 256 5 0.199991 0.169239 0.0307518 8 1 8 1
244761 244572 189 1 0.0999143 0.0772008 0.0227134 8 1 8 1
245709 245531 178 9 0.299917 0.279193 0.0207238 8 1 8 1
246033 245808 225 6 0.09997 0.0701352 0.0298348 9 0 9 0
246566 246275 291 0 0.099934 0.0661921 0.0337419 5 4 5 4
246953 246897 56 7 0.0999563 0.0916842 0.00827208 5 4 5 4
248920 248755 165 2 0.199942 0.179952 0.0199904 5 4 5 4
249758 249400 358 1 0.899965 0.85651 0.0434554 8 1 1 0
250068 249962 106 8 0.299886 0.287889 0.0119963 7 2 7 2
250597 250436 161 3 0.0999947 0.0817438 0.0182509 6 3 6 3
251987 251624 363 5 0.499979 0.457214 0.0427651 8 1 6 1
253185 253125 60 6 0.599971 0.591851 0.00811988 5 4 5 4
254214 253921 293 4 0.0999472 0.063889 0.0360581 7 2 7 2
254618 254482 136 1 0.499933 0.480112 0.0198211 7 2 6 1
254641 254528 113 0 0.499921 0.483465 0.0164558 6 3 6 3
255586 255296 290 9 0.199939 0.167363 0.0325762 6 3 6 3
256667 256380 287 2 0.499914 0.465575 0.0343392 7 2 7 2
257683 257342 341 7 0.199923 0.157622 0.0423015 6 3 6 3
259001 258936 65 8 0.281998 0.274004 0.00799452 8 1 8 1
259438 259182 256 5 0.39996 0.366393 0.0335675 4 5 4 5
259585 259365 220 3 0.399938 0.373179 0.0267589 7 2 7 2
261331 259691 1640 6 0.399998 0.233793 0.166206 5 4 5 4
262145 261807 338 0 0.399977 0.357952 0.0420258 3 6 3 6
263098 262896 202 5 0.899898 0.875619 0.0242789 5 4 1 0
263755 263508 247 1 0.199952 0.167109 0.032843 6 3 6 3
264023 263837 186 9 0.399915 0.379353 0.0205625 5 4 5 4
265548 265443 105 4 0.0999408 0.0858648 0.014076 8 1 8 1
265627 265479 148 2 0.199842 0.181645 0.0181975 7 2 7 2
267219 267165 54 7 0.299968 0.293245 0.00672248 6 3 6 3
269474 269396 78 8 0.0999914 0.0906349 0.00935651 6 3 6 3
270014 269671 343 3 0.0999989 0.0579419 0.042057 7 2 7 2
270599 270246 353 5 0.199946 0.160822 0.0391235 8 1 8 1
271763 271429 334 0 0.199841 0.161095 0.0387457 9 0 9 0
272448 272011 437 6 0.0999882 0.0310826 0.0689056 7 2 7 2
273336 273239 97 9 0.199993 0.186986 0.0130063 4 5 4 5
274767 274710 57 1 0.0999417 0.0913219 0.00861975 6 3 6 3
275048 274734 314 2 0.299954 0.263739 0.0362151 7 2 7 2
275886 275833 53 4 0.199989 0.19251 0.00747894 8 1 8 1
277748 277449 299 7 0.0999088 0.0621173 0.0377916 5 4 5 4
278986 278742 244 3 0.399782 0.372654 0.0271281 7 2 6 2
279053 278963 90 8 0.299912 0.289202 0.0107105 5 4 5 3
280139 279880 259 5 0.299919 0.271168 0.0287516 6 3 6 3
280345 280234 111 0 0.399892 0.385959 0.0139325 6 3 6 3
281862 281665 197 9 0.399938 0.375586 0.0243522 6 3 6 2
282323 282202 121 6 0.299923 0.283162 0.016761 5 4 5 4
283016 282671 345 1 0.499991 0.461435 0.038556 5 4 5 4
283344 283035 309 2 0.399892 0.363459 0.0364337 5 4 4 3
283647 283337 310 4 0.499972 0.463265 0.0367062 5 4 5 4
285499 285446 53 0 0.69997 0.692097 0.00787311 5 4 4 4
286787 286663 124 3 0.399981 0.383775 0.0162059 6 3 5 3
287193 286971 222 8 0.39991 0.372319 0.0275915 9 0 9 0
287692 287344 348 5 0.499914 0.454411 0.0455035 9 0 9 0
289214 289071 143 7 0.0999526 0.0834336 0.016519 7 2 7 2
289727 289341 386 9 0.399913 0.350412 0.0495008 7 2 6 2
290460 290283 177 1 0.399965 0.379746 0.0202192 7 2 7 2
291192 290851 341 4 0.399909 0.359226 0.0406831 6 3 6 2
291232 291091 141 6 0.299986 0.282028 0.0179575 6 3 6 3
291819 291672 147 0 0.399992 0.382833 0.017159 7 2 6 2
292668 292603 65 2 0.199908 0.190411 0.00949668 5 4 5 4
294591 294341 250 3 0.399943 0.368251 0.031692 5 4 5 4
296694 296354 340 8 0.199989 0.157566 0.0424237 7 2 7 2
296823 296533 290 9 0.499908 0.463769 0.0361393 8 1 7 1
297524 297440 84 5 0.0999394 0.088497 0.0114424 8 1 8 1
