1682 1577 105 6 0.799941 0.788242 0.0116993 8 0 8 0
1770 1568 202 8 0.799932 0.775077 0.0248548 6 0 6 0
3321 3212 109 4 0.599935 0.587743 0.0121916 8 1 8 1
4217 4075 142 7 0.499995 0.480984 0.0190108 9 0 9 0
4281 4144 137 3 0.499933 0.483521 0.0164114 8 1 8 1
4390 4063 327 5 0.499992 0.461507 0.0384848 9 0 9 0
4872 4774 98 2 0.399965 0.386455 0.0135095 6 3 6 3
5025 4734 291 1 0.399972 0.366577 0.0333949 6 3 6 3
5786 5722 64 9 0.299962 0.291083 0.00887907 6 3 6 3
7261 7156 105 7 0.899958 0.886046 0.0139116 7 2 1 2
7465 7382 83 0 0.0999574 0.0901628 0.00979457 6 3 6 3
8762 8575 187 8 0.299943 0.277403 0.0225401 8 1 8 1
9482 9176 306 6 0.199909 0.163626 0.036283 7 2 7 2
10281 10001 280 4 0.399997 0.367656 0.0323407 7 2 7 2
11033 10778 255 5 0.499978 0.471198 0.0287806 7 2 6 2
11962 11905 57 7 0.499911 0.493292 0.00661967 6 3 5 3
13258 13147 111 2 0.299934 0.286347 0.0135871 8 1 7 1
13710 13496 214 1 0.299971 0.271163 0.0288077 8 1 8 1
13996 13877 119 3 0.0999492 0.083994 0.0159552 7 2 7 2
14729 14395 334 9 0.299992 0.259277 0.0407155 4 5 4 4
17211 16871 340 0 0.299974 0.26107 0.0389043 6 3 6 3
17964 17881 83 4 0.399982 0.388389 0.0115939 8 1 8 1
19468 19210 258 8 0.0999929 0.068676 0.0313169 8 1 8 1
20050 19864 186 5 0.199979 0.177322 0.0226567 7 2 6 2
20743 20398 345 6 0.0999375 0.0551217 0.0448158 7 2 7 2
21645 21592 53 7 0.0999554 0.0906306 0.00932472 5 4 5 4
21945 21729 216 1 0.39989 0.372535 0.0273554 6 3 6 3
22977 22641 336 3 0.399892 0.359734 0.0401576 7 2 7 2
23834 23543 291 2 0.0999542 0.0646205 0.0353337 3 6 3 6
25553 25247 306 9 0.099977 0.0633512 0.0366258 4 5 4 5
25676 25521 155 4 0.399958 0.379561 0.0203968 7 2 6 2
26407 26108 299 0 0.299994 0.265239 0.0347546 7 2 7 2
28522 28241 281 8 0.399943 0.363557 0.0363865 7 2 7 2
29780 29554 226 1 0.399896 0.372676 0.0272195 7 2 5 2
30349 30082 267 5 0.199796 0.167533 0.0322628 5 4 4 4
31733 31408 325 3 0.299969 0.262853 0.0371154 7 2 6 2
32221 32027 194 6 0.0998989 0.0765881 0.0233107 8 1 8 1
33130 32861 269 7 0.099977 0.0668217 0.0331553 7 2 7 2
33691 33421 270 2 0.299896 0.267595 0.0323012 6 3 6 3
35043 34887 156 4 0.199898 0.180678 0.0192204 6 3 6 3
36281 36023 258 9 0.199917 0.170315 0.0296025 5 4 5 4
36985 36867 118 0 0.0999579 0.082338 0.01762 6 3 6 3
38261 38117 144 1 0.299962 0.281766 0.0181961 8 1 8 1
39000 38863 137 3 0.499903 0.484362 0.0155416 6 3 6 3
39013 38695 318 8 0.0999164 0.0596318 0.0402846 6 3 6 3
40881 40498 383 5 0.19991 0.154863 0.045047 5 4 5 4
43788 43477 311 6 0.0998953 0.0642852 0.0356101 8 1 8 1
44285 44073 212 2 0.099941 0.0747239 0.025217 8 1 8 1
44383 44304 79 7 0.0999823 0.0900539 0.00992836 6 3 6 3
45059 44944 115 4 0.19983 0.18495 0.0148807 8 1 8 1
45459 45195 264 3 0.499952 0.468769 0.0311826 8 1 7 1
47183 47120 63 9 0.0999256 0.0909626 0.00896294 6 3 6 3
47380 47296 84 0 0.199963 0.189105 0.010858 4 5 4 5
48660 48554 106 1 0.0999003 0.0882492 0.0116511 9 0 9 0
50529 50304 225 8 0.0999868 0.0724165 0.0275703 9 0 9 0
51929 51604 325 6 0.499943 0.459267 0.0406764 7 2 7 2
52171 51883 288 5 0.0999868 0.0644901 0.0354968 9 0 9 0
52328 52193 135 2 0.499915 0.483615 0.0162998 9 0 9 0
53835 53512 323 3 0.299924 0.261399 0.0385248 8 1 8 1
54250 53950 300 7 0.299893 0.26479 0.0351036 5 4 5 4
55297 55121 176 9 0.499924 0.479657 0.0202667 6 3 5 3
55525 55472 53 0 0.399838 0.389849 0.00998913 5 4 4 4
56262 55880 382 4 0.0999963 0.051304 0.0486923 5 4 5 4
58269 58214 55 1 0.299844 0.293016 0.0068271 6 3 5 3
58974 58597 377 2 0.49982 0.456005 0.0438152 8 1 8 1
59537 59261 276 8 0.399953 0.366581 0.0333723 6 3 6 3
60870 60597 273 6 0.199761 0.167712 0.0320499 7 2 7 2
63543 63482 61 5 0.0999419 0.0916528 0.00828913 8 1 8 1
64168 63834 334 7 0.199868 0.15936 0.0405082 9 0 9 0
64548 64340 208 3 0.0999031 0.0741848 0.0257183 8 1 8 1
64670 64590 80 0 0.199988 0.190228 0.00976065 7 2 7 2
65272 64924 348 9 0.0998204 0.0563082 0.0435122 7 2 7 2
67481 67428 53 4 0.0999153 0.0916305 0.00828477 6 3 6 3
67796 67739 57 1 0.19994 0.192968 0.00697211 5 4 5 4
68862 68706 156 2 0.0999887 0.081833 0.0181557 6 3 6 3
69836 69606 230 8 0.0998266 0.0739197 0.0259069 6 3 6 3
70372 70170 202 6 0.29977 0.276162 0.0236071 6 3 6 3
71602 71428 174 5 0.49996 0.476719 0.0232413 6 3 4 3
71846 71712 134 7 0.499913 0.482683 0.0172299 6 3 4 3
74751 74677 74 0 0.199928 0.191797 0.00813111 7 2 7 2
76251 75902 349 3 0.0999795 0.0582433 0.0417362 9 0 9 0
76910 76607 303 9 0.0998691 0.0616314 0.0382376 8 1 8 1
78071 77803 268 4 0.199903 0.169185 0.0307174 7 2 7 2
78150 77793 357 1 0.19991 0.158571 0.0413385 7 2 7 2
78557 78380 177 2 0.299986 0.279288 0.020698 8 1 8 1
80925 80777 148 6 0.0999189 0.0831206 0.0167983 4 5 4 5
81448 81108 340 8 0.0999948 0.0617386 0.0382562 7 2 6 2
81458 81210 248 5 0.0998997 0.0714214 0.0284783 5 4 5 4
81561 81304 257 7 0.0999272 0.0677631 0.0321641 9 0 9 0
84021 83912 109 0 0.29989 0.28678 0.0131101 6 3 6 3
86475 86383 92 4 0.399917 0.389806 0.0101111 9 0 8 0
86967 86636 331 1 0.399838 0.361382 0.0384567 6 3 6 3
87668 87428 240 2 0.299935 0.271267 0.028668 7 2 7 2
87735 87638 97 3 0.0999379 0.0858427 0.0140952 7 2 7 2
88647 88312 335 9 0.0999291 0.0583093 0.0416198 6 3 6 3
89169 88815 354 6 0.499899 0.460435 0.0394645 8 1 8 1
90444 90273 171 5 0.399906 0.377316 0.0225902 7 2 7 2
91772 91547 225 4 0.699837 0.673418 0.0264194 8 1 4 1
92192 91927 265 8 0.199993 0.167122 0.0328708 6 3 6 3
92993 92887 106 7 0.0998249 0.0867813 0.0130436 7 2 7 2
93027 92726 301 0 0.299953 0.264657 0.0352957 6 3 4 3
95137 94879 258 3 0.599891 0.567158 0.0327337 8 1 6 0
97304 97062 242 1 0.0999463 0.073033 0.0269132 7 2 7 2
98244 98180 64 9 0.289342 0.281048 0.00829314 8 1 8 1
98274 98057 217 6 0.199902 0.173959 0.0259427 9 0 9 0
98463 98136 327 2 0.0999503 0.0602659 0.0396845 9 0 9 0
98923 98733 190 5 0.299914 0.276503 0.0234108 9 0 8 0
99193 98973 220 4 0.299926 0.274564 0.0253619 9 0 9 0
100788 100564 224 8 0.399904 0.374215 0.0256892 5 4 5 4
101114 100958 156 3 0.499966 0.480141 0.0198249 2 7 2 7
101137 100939 198 7 0.499962 0.477476 0.0224859 5 4 5 4
103790 103544 246 0 0.0999553 0.0707219 0.0292334 6 3 6 3
103977 103689 288 9 0.699959 0.66738 0.0325785 7 2 7 1
106365 106068 297 1 0.39995 0.362984 0.0369659 8 1 7 1
106451 106349 102 4 0.4999 0.487629 0.0122713 7 2 7 2
106784 106677 107 6 0.399892 0.385829 0.0140625 6 3 6 3
106854 106471 383 2 0.499935 0.453511 0.0464243 7 2 6 2
108549 108217 332 8 0.399967 0.35955 0.040417 7 2 7 2
108550 108259 291 7 0.39994 0.36452 0.03542 4 5 4 5
109148 109092 56 3 0.299957 0.290773 0.0091841 5 4 5 4
109732 109463 269 5 0.0999835 0.067084 0.0328995 5 4 5 4
110724 110413 311 9 0.39998 0.362938 0.0370419 5 4 5 4
111275 111222 53 1 0.699927 0.692189 0.00773738 6 3 3 2
112871 112692 179 0 0.399988 0.377944 0.0220444 6 3 6 2
113784 113641 143 4 0.399938 0.381517 0.0184214 7 2 7 2
113901 113529 372 6 0.499957 0.45289 0.0470669 8 1 6 1
115198 114872 326 2 0.299929 0.262438 0.0374911 6 3 6 3
115697 115357 340 8 0.49999 0.457791 0.042199 6 3 5 3
118309 117964 345 3 0.299995 0.257059 0.0429362 8 1 8 1
118559 118268 291 1 0.299994 0.26664 0.0333548 7 2 7 2
118735 118682 53 7 0.099849 0.092138 0.007711 5 4 5 4
119409 119337 72 5 0.299974 0.292063 0.00791111 8 1 8 1
120213 119966 247 9 0.199943 0.169428 0.0305141 7 2 7 2
122246 122098 148 4 0.29993 0.280999 0.0189307 7 2 7 2
122660 122336 324 2 0.49986 0.460022 0.039838 6 3 5 3
123003 122855 148 0 0.0999625 0.0830593 0.0169031 6 3 6 3
123841 123661 180 6 0.0998996 0.0796597 0.0202399 6 3 6 3
125148 125095 53 8 0.099801 0.0923548 0.00744622 9 0 8 0
127394 127336 58 1 0.299959 0.291581 0.00837751 8 1 8 1
127448 127204 244 3 0.299979 0.27055 0.0294287 7 2 7 2
128797 128667 130 9 0.399918 0.385254 0.0146634 8 1 8 1
129196 129061 135 7 0.199927 0.184053 0.0158746 8 1 8 1
130034 129836 198 5 0.0999243 0.0761251 0.0237992 7 2 7 2
130426 130225 201 4 0.399901 0.375682 0.0242197 7 2 6 2
131090 130806 284 2 0.299914 0.262598 0.0373163 7 2 7 2
133872 133491 381 6 0.299983 0.250243 0.0497407 9 0 9 0
134497 134190 307 0 0.0999365 0.0639532 0.0359833 6 3 6 3
135549 135283 266 1 0.399915 0.364716 0.0351989 7 2 6 1
136584 136285 299 8 0.099991 0.0638293 0.0361616 7 2 7 2
137264 137088 176 3 0.19993 0.178992 0.0209379 6 3 6 3
138833 138660 173 4 0.29991 0.278667 0.0212431 9 0 9 0
138967 138862 105 9 0.0999169 0.0861661 0.0137508 7 2 7 2
139130 138775 355 5 0.399986 0.356592 0.0433936 6 3 6 3
139417 139217 200 7 0.19989 0.175995 0.0238956 7 2 7 2
140307 139992 315 2 0.299955 0.262354 0.0376005 3 6 3 6
144424 144154 270 0 0.299967 0.266518 0.0334494 8 1 8 0
144582 144393 189 6 0.0999991 0.0791503 0.0208488 9 0 9 0
145679 145552 127 1 0.0997893 0.0801789 0.0196104 9 0 9 0
145845 145593 252 3 0.399923 0.371874 0.0280491 6 3 6 3
147836 147716 120 8 0.0999287 0.0842618 0.0156669 6 3 6 3
147948 147582 366 5 0.299935 0.252983 0.0469519 7 2 7 2
148662 148414 248 4 0.199951 0.169149 0.0308026 7 2 7 2
150182 150070 112 9 0.0999992 0.0868474 0.0131518 6 3 6 3
150373 150229 144 7 0.0999692 0.0817801 0.018189 6 3 6 3
151098 150737 361 2 0.0999233 0.0560823 0.043841 7 2 7 2
154158 154024 134 0 0.199974 0.1828 0.0171743 6 3 6 3
154351 154173 178 6 0.299892 0.280162 0.0197302 6 3 6 3
155944 155887 57 3 0.0999527 0.0922182 0.00773452 6 3 6 3
157254 157025 229 1 0.0999762 0.0715864 0.0283898 8 1 8 1
157547 157174 373 4 0.399951 0.353084 0.0468667 7 2 5 2
157714 157449 265 8 0.299984 0.269629 0.0303552 6 3 6 2
160671 160591 80 9 0.199899 0.189984 0.0099155 4 5 4 5
160852 160769 83 7 0.199935 0.190433 0.00950181 8 1 7 1
162153 162098 55 6 0.399872 0.392348 0.0075241 7 2 6 2
162687 162420 267 2 0.0998295 0.0694811 0.0303484 7 2 7 2
163544 163292 252 0 0.3 0.268993 0.0310068 7 2 6 2
166977 166787 190 1 0.29993 0.276798 0.0231311 8 1 7 1
167070 166750 320 4 0.199979 0.157547 0.0424327 8 1 7 1
167435 167132 303 3 0.0998376 0.0626906 0.0371469 6 3 5 2
168520 168198 322 8 0.0999219 0.0635875 0.0363345 6 3 5 3
169565 169398 167 6 0.399927 0.37773 0.0221967 5 4 5 3
171600 171388 212 9 0.0999129 0.0743811 0.0255318 4 5 4 4
171895 171655 240 7 0.0999215 0.067496 0.0324255 7 2 6 2
172353 172291 62 2 0.299974 0.289947 0.0100267 5 4 5 3
174332 174140 192 0 0.09992 0.0755309 0.0243891 6 3 6 2
175777 175724 53 8 0.599964 0.593062 0.00690262 8 1 6 1
175887 175603 284 6 0.499937 0.462477 0.03746 6 3 3 1
177360 177127 233 3 0.29991 0.270671 0.029239 6 3 5 3
177470 177352 118 1 0.0999968 0.0858213 0.0141755 6 3 3 3
178335 178015 320 4 0.099988 0.0624523 0.0375357 8 1 5 1
179817 178933 884 6 0.899906 0.803094 0.0968122 6 3 2 0
181380 181260 120 9 0.299962 0.286466 0.0134967 4 5 4 4
181839 181507 332 7 0.299952 0.261089 0.038863 6 3 5 3
182461 182408 53 8 0.399893 0.393149 0.00674425 8 1 6 1
183483 183153 330 0 0.399914 0.357165 0.0427487 7 2 7 1
184452 184397 55 3 0.499841 0.491722 0.00811893 7 2 6 2
185747 185647 100 6 0.399918 0.388301 0.0116177 5 4 5 3
187750 187573 177 1 0.199916 0.17882 0.0210959 9 0 8 0
189828 189548 280 4 0.099933 0.0671483 0.0327846 8 1 7 1
190970 190787 183 9 0.19996 0.176253 0.023707 7 2 6 1
191585 191437 148 8 0.199905 0.182796 0.0171095 8 1 6 1
192202 192012 190 7 0.0998972 0.0756509 0.0242463 6 3 4 3
193637 193474 163 0 0.0999734 0.076816 0.0231574 7 2 6 1
193847 193743 104 3 0.0999336 0.0869053 0.0130283 4 5 2 5
194897 194843 54 6 0.199905 0.192799 0.00710614 5 4 5 2
197129 196745 384 1 0.299968 0.252611 0.0473572 6 3 4 3
197899 197662 237 9 0.599967 0.569797 0.0301703 5 4 4 3
200393 200335 58 4 0.199961 0.19359 0.00637111 7 2 5 1
202377 202284 93 8 0.0998997 0.0864238 0.0134759 9 0 7 0
203462 203233 229 7 0.0999681 0.0725872 0.0273809 8 1 6 1
204683 204612 71 6 0.199931 0.191987 0.00794434 7 2 7 0
204953 204671 282 0 0.0998208 0.0650091 0.0348117 6 3 5 2
205186 205032 154 3 0.0999767 0.0799684 0.0200083 8 1 6 1
207452 207150 302 9 0.0999467 0.0635182 0.0364285 5 4 4 3
207746 207528 218 1 0.0998994 0.0736309 0.0262685 8 1 6 1
211184 211129 55 8 0.399969 0.392477 0.00749156 7 2 5 2
211287 211231 56 4 0.0737395 0.0676222 0.00611729 6 3 5 2
212898 212768 130 6 0.399939 0.383386 0.0165528 6 3 6 1
213152 212948 204 7 0.299942 0.276365 0.0235769 9 0 7 0
213317 213114 203 3 0.499925 0.475527 0.0243973 6 3 4 3
215758 215429 329 0 0.199958 0.16107 0.0388875 6 3 4 2
217676 217322 354 1 0.299829 0.258988 0.040841 6 3 4 3
218236 218004 232 9 0.199901 0.169871 0.0300292 6 3 5 2
219948 219567 381 6 0.499946 0.455015 0.0449314 5 4 4 2
220995 220940 55 7 0.399912 0.393871 0.00604111 8 1 6 1
221171 221055 116 8 0.0999214 0.0854815 0.0144399 7 2 5 2
222930 222624 306 4 0.0999352 0.063826 0.0361093 4 5 3 4
223241 222935 306 3 0.099893 0.0640329 0.0358601 7 2 5 2
224544 224146 398 0 0.399963 0.35115 0.0488129 6 3 5 1
226081 225782 299 9 0.499996 0.463645 0.0363519 7 2 5 1
228365 228162 203 1 0.0999404 0.0750667 0.0248737 9 0 7 0
229062 228732 330 6 0.19985 0.158937 0.0409126 7 2 7 0
231182 230873 309 7 0.0999759 0.0644182 0.0355577 8 1 5 1
232368 232223 145 8 0.0999938 0.0840527 0.0159411 6 3 4 3
234574 234506 68 0 0.0999498 0.0911808 0.008769 6 3 5 2
234598 234261 337 4 0.0998009 0.0605376 0.0392633 7 2 6 1
234689 234386 303 3 0.099905 0.0636297 0.0362753 7 2 5 2
235738 235683 55 9 0.0998548 0.0914929 0.00836189 6 3 5 2
239175 238926 249 1 0.199919 0.16979 0.030129 8 1 6 1
239436 239146 290 6 0.199947 0.164289 0.0356576 6 3 6 1
242521 242240 281 7 0.0999325 0.0644669 0.0354657 8 1 6 1
242880 242816 64 8 0.199892 0.190533 0.00935945 6 3 4 3
243802 243448 354 1 0.899999 0.851404 0.0485952 8 1 1 0
244385 244115 270 4 0.299885 0.264517 0.0353685 6 3 5 2
244778 244446 332 9 0.399909 0.361371 0.0385386 5 4 3 3
245339 245143 196 3 0.199925 0.17631 0.0236151 6 3 4 3
245656 245526 130 0 0.0999665 0.0835271 0.0164394 7 2 6 1
249907 249574 333 6 0.199913 0.161141 0.0387723 5 4 5 2
252261 251935 326 1 0.0999031 0.0619437 0.0379594 8 1 6 1
252479 252206 273 7 0.299918 0.26801 0.0319079 9 0 7 0
253666 253459 207 8 0.0999121 0.0723345 0.0275776 7 2 5 2
254805 254752 53 9 0.0998144 0.0932501 0.00656424 6 3 5 2
254994 254811 183 4 0.0999357 0.0773917 0.022544 6 3 5 2
256416 256115 301 3 0.0999476 0.0645914 0.0353562 8 1 6 1
257092 256729 363 0 0.0998526 0.0550313 0.0448214 5 4 4 3
259337 259219 118 6 0.299899 0.285447 0.0144517 3 6 3 4
260766 260485 281 7 0.399956 0.365523 0.0344324 6 3 4 3
262551 262495 56 8 0.399989 0.392597 0.00739167 7 2 5 1
263641 263474 167 1 0.099959 0.0776885 0.0222706 9 0 7 0
263873 263640 233 4 0.399918 0.371864 0.0280545 7 2 5 1
265152 264969 183 9 0.19994 0.178529 0.021411 6 3 5 2
266175 266080 95 3 0.299893 0.287084 0.0128088 6 3 4 3
267421 267290 131 6 0.399975 0.382705 0.0172702 3 6 3 4
267727 267635 92 0 0.199942 0.188047 0.0118951 5 4 4 3
268632 268262 370 7 0.399928 0.354781 0.0451477 6 3 4 3
270944 270756 188 8 0.299934 0.276434 0.0235002 6 3 4 3
272378 272268 110 1 0.399952 0.385899 0.0140528 7 2 5 2
272452 272164 288 4 0.299942 0.267359 0.0325826 8 1 7 0
273528 273226 302 3 0.499969 0.46375 0.0362189 7 2 4 2
274378 274202 176 9 0.299911 0.279234 0.0206774 7 2 6 1
275481 275426 55 7 0.499919 0.491875 0.00804426 5 4 2 4
275579 275250 329 0 0.499993 0.460335 0.0396581 5 4 4 3
276606 276551 55 6 0.199831 0.192229 0.00760158 5 4 5 2
280632 280462 170 1 0.29995 0.27968 0.0202707 9 0 7 0
280768 280686 82 3 0.399833 0.388288 0.0115452 9 0 7 0
281573 281338 235 8 0.0999869 0.0713393 0.0286476 9 0 7 0
282068 281993 75 4 0.199947 0.191319 0.00862799 7 2 6 1
283498 283225 273 7 0.299914 0.267981 0.0319322 5 4 3 4
284820 284737 83 9 0.0999426 0.0870624 0.0128801 6 3 5 2
285202 284825 377 6 0.399975 0.353295 0.0466802 5 4 5 2
285422 285202 220 0 0.099978 0.0745364 0.0254417 5 4 4 3
287875 287577 298 1 0.499974 0.463487 0.0364878 6 3 4 3
288483 288353 130 3 0.399919 0.38473 0.0151891 8 1 5 1
288832 288721 111 8 0.599976 0.585359 0.0146165 7 2 4 2
289676 289439 237 4 0.499935 0.469325 0.0306101 6 3 5 2
291136 291083 53 6 0.599896 0.592991 0.00690471 5 4 4 2
293436 293225 211 7 0.199911 0.175843 0.0240684 8 1 6 1
293707 293561 146 9 0.399951 0.383278 0.016673 7 2 6 1
294970 294878 92 0 0.299973 0.287261 0.0127112 7 2 6 1
296573 296352 221 8 0.299956 0.273135 0.026821 9 0 7 0
296862 296775 87 1 0.199933 0.186929 0.0130041 6 3 4 3
298658 298413 245 3 0.0998843 0.0694724 0.0304119 8 1 6 1
298690 298590 100 6 0.299919 0.285925 0.013994 4 5 4 3
299473 299410 63 4 0.0818011 0.0733664 0.00843471 4 5 3 4
