4014 3950 64 0 0.499933 0.492361 0.00757215 9 0 9 0
4911 4856 55 2 0.399914 0.39215 0.00776483 9 0 9 0
4985 4843 142 1 0.39991 0.383627 0.0162838 8 1 8 1
5795 5641 154 4 0.299997 0.279436 0.0205605 7 2 7 2
6593 6378 215 3 0.199933 0.174051 0.0258815 6 3 6 3
7394 7329 65 6 0.0891918 0.0820551 0.00713677 9 0 9 0
7571 7460 111 8 0.0999964 0.0869781 0.0130183 6 3 6 3
7589 7274 315 7 0.0999265 0.0627149 0.0372116 5 4 5 4
7591 7401 190 5 0.0999689 0.077729 0.02224 7 2 7 2
7711 7409 302 9 0.0999302 0.065336 0.0345942 7 2 7 2
12141 11933 208 0 0.299994 0.274348 0.025646 8 1 8 1
12173 12078 95 5 0.899985 0.886658 0.0133274 7 2 4 0
13541 13211 330 2 0.299856 0.261461 0.0383955 7 2 7 2
14641 14578 63 4 0.299917 0.292778 0.00713893 7 2 7 2
15072 14905 167 1 0.0999881 0.079794 0.020194 8 1 8 1
17790 17478 312 3 0.0999404 0.0600459 0.0398946 8 1 8 1
18331 18018 313 9 0.19998 0.164899 0.0350818 7 2 7 2
18801 18716 85 7 0.0998687 0.0889475 0.0109212 8 1 8 1
18821 18500 321 6 0.0999858 0.0593918 0.040594 7 2 7 2
19057 18732 325 8 0.0999061 0.0605815 0.0393246 9 0 9 0
20181 20089 92 5 0.0999148 0.0876588 0.0122561 7 2 7 2
21983 21785 198 0 0.19994 0.174466 0.0254747 4 5 4 5
24084 24031 53 4 0.199799 0.192101 0.00769732 7 2 7 2
24138 23935 203 1 0.399978 0.374704 0.0252739 5 4 5 4
24280 24087 193 2 0.0998482 0.076122 0.0237262 7 2 7 2
27829 27535 294 7 0.399989 0.365239 0.0347509 7 2 7 2
27973 27743 230 6 0.399955 0.371456 0.0284988 7 2 6 2
28662 28326 336 3 0.199935 0.158662 0.0412732 6 3 6 3
28714 28360 354 9 0.199785 0.158056 0.0417288 8 1 8 1
30646 30454 192 8 0.0999652 0.0751712 0.0247939 5 4 5 4
31645 31334 311 5 0.0999729 0.0654352 0.0345378 6 3 5 3
33141 32836 305 0 0.0998529 0.0639236 0.0359293 7 2 7 2
33740 33443 297 1 0.199965 0.165196 0.0347685 7 2 7 2
34220 33976 244 4 0.199999 0.170278 0.029721 6 3 6 3
34834 34734 100 2 0.199943 0.187093 0.0128494 7 2 7 2
36521 36322 199 6 0.299899 0.276374 0.0235256 6 3 6 3
38052 37954 98 3 0.29989 0.285828 0.014062 6 3 6 3
38140 37910 230 7 0.0999239 0.0734574 0.0264664 5 4 5 4
38812 38756 56 9 0.199907 0.19249 0.00741704 9 0 9 0
40624 40428 196 5 0.399807 0.375081 0.0247259 7 2 7 2
41400 41107 293 8 0.199907 0.165287 0.0346206 7 2 7 2
42448 42114 334 1 0.39997 0.360196 0.0397735 4 5 4 5
42944 42703 241 0 0.299994 0.27327 0.0267237 9 0 9 0
43192 43066 126 2 0.399998 0.386147 0.0138511 8 1 8 1
45405 45150 255 4 0.0999319 0.0692091 0.0307228 6 3 6 3
46300 46173 127 6 0.199927 0.184199 0.015728 6 3 6 3
48693 48535 158 7 0.199959 0.1809 0.0190591 8 1 8 1
48703 48473 230 3 0.0999517 0.0723674 0.0275844 7 2 7 2
49421 49095 326 5 0.299964 0.260336 0.0396282 7 2 7 2
49636 49502 134 9 0.0999559 0.0835989 0.016357 8 1 8 1
50781 50607 174 8 0.299992 0.277512 0.02248 6 3 6 3
52050 51784 266 0 0.29996 0.265239 0.0347214 6 3 5 3
52724 52500 224 1 0.0999056 0.0698504 0.0300551 6 3 6 3
53400 53101 299 2 0.0999766 0.062551 0.0374256 5 4 5 4
55130 55077 53 4 0.299895 0.292449 0.00744542 6 3 6 3
55533 55409 124 6 0.299919 0.282786 0.017133 7 2 7 2
58042 57742 300 8 0.499982 0.464089 0.0358921 6 3 5 3
58191 58138 53 5 0.29991 0.293772 0.00613813 6 3 6 3
58698 58319 379 9 0.399917 0.353377 0.0465403 7 2 7 2
58871 58656 215 7 0.199933 0.174522 0.0254115 6 3 6 3
59178 58940 238 3 0.199958 0.171801 0.0281564 6 3 6 3
61088 60873 215 0 0.299895 0.273626 0.0262684 5 4 5 4
61706 61500 206 1 0.399956 0.372277 0.0276784 7 2 7 2
63554 63492 62 6 0.399887 0.39004 0.0098465 8 1 8 1
64018 63624 394 8 0.599961 0.549132 0.0508295 6 3 5 2
64807 64753 54 4 0.199899 0.191408 0.0084907 7 2 7 2
64813 64720 93 2 0.0999743 0.0872083 0.0127659 7 2 7 2
67113 66747 366 3 0.499994 0.456378 0.0436159 6 3 6 3
68361 68048 313 9 0.199922 0.158549 0.0413739 8 1 8 1
68500 68371 129 5 0.0999745 0.0839092 0.0160653 7 2 7 2
68745 68462 283 1 0.499902 0.46644 0.0334622 6 3 6 3
69022 68967 55 7 0.199946 0.192397 0.00754916 7 2 7 2
70115 69891 224 0 0.299982 0.271651 0.0283312 7 2 7 2
71143 70976 167 6 0.399972 0.380116 0.0198563 3 6 3 6
73325 73086 239 4 0.399943 0.369481 0.0304616 7 2 7 2
73510 73384 126 8 0.0998427 0.0828833 0.0169594 7 2 7 2
75590 75232 358 2 0.199978 0.156835 0.0431422 7 2 7 2
76034 75685 349 7 0.599912 0.558452 0.0414602 5 4 5 4
76717 76376 341 5 0.499979 0.460196 0.0397831 6 3 5 3
77146 76872 274 3 0.0999059 0.0651478 0.0347581 6 3 6 3
77766 77608 158 9 0.299937 0.279528 0.0204092 7 2 7 2
77849 77608 241 1 0.199964 0.170045 0.029919 8 1 8 1
79107 78949 158 0 0.299971 0.281291 0.0186806 3 6 3 6
80500 80281 219 6 0.19999 0.173109 0.0268809 7 2 7 2
82861 82591 270 4 0.199932 0.165803 0.0341298 8 1 8 1
83439 83153 286 8 0.299998 0.267872 0.0321255 8 1 7 1
85482 85326 156 7 0.0999683 0.0790338 0.0209345 7 2 7 2
85793 85596 197 5 0.199902 0.176013 0.0238887 8 1 8 1
86310 86137 173 1 0.399984 0.380963 0.0190211 9 0 9 0
86663 86311 352 2 0.0999232 0.0568195 0.0431036 8 1 8 1
87423 87296 127 9 0.19989 0.185144 0.0147467 5 4 5 4
87691 87590 101 3 0.199993 0.187093 0.0128995 4 5 4 5
88926 88729 197 0 0.199984 0.174185 0.0257995 4 5 4 5
89963 89828 135 6 0.29995 0.282336 0.0176143 4 5 4 5
90917 90663 254 8 0.499911 0.468418 0.031493 6 3 5 3
91812 91718 94 5 0.699934 0.689603 0.0103311 7 2 5 2
92265 92150 115 4 0.299965 0.28374 0.0162249 6 3 6 3
95539 95341 198 1 0.199972 0.175377 0.0245959 8 1 8 1
95729 95480 249 2 0.399938 0.369981 0.0299575 8 1 8 1
96795 96513 282 9 0.299939 0.266042 0.0338964 9 0 9 0
96931 96592 339 7 0.0999931 0.0578232 0.0421699 8 1 8 1
98053 97996 57 0 0.29997 0.291909 0.00806162 6 3 6 3
98598 98441 157 3 0.0999039 0.0811636 0.0187403 6 3 6 3
99513 99420 93 6 0.199911 0.189476 0.0104348 5 4 5 4
100630 100423 207 8 0.0998977 0.0741162 0.0257814 5 4 5 4
100772 100493 279 5 0.0999459 0.0664464 0.0334995 8 1 8 1
101861 101805 56 4 0.199938 0.191394 0.00854457 5 4 5 4
103728 103382 346 2 0.399869 0.357471 0.042398 4 5 4 5
105729 105645 84 1 0.199952 0.188352 0.0116003 7 2 6 2
106001 105729 272 9 0.299911 0.269714 0.0301975 8 1 8 1
106089 105797 292 7 0.399936 0.362364 0.0375725 7 2 7 2
106799 106688 111 0 0.29998 0.286806 0.013174 6 3 6 3
108283 108189 94 3 0.299851 0.287404 0.0124476 6 3 6 2
109725 109526 199 5 0.399893 0.373485 0.0264077 6 3 6 3
110458 110166 292 6 0.099913 0.0620299 0.0378831 5 4 5 4
111214 110969 245 4 0.299921 0.267906 0.032015 4 5 4 5
111619 111376 243 2 0.4 0.36829 0.03171 6 3 5 3
112066 111853 213 8 0.0999424 0.073802 0.0261404 3 6 3 5
113788 113594 194 7 0.399957 0.378483 0.0214743 6 3 5 3
114881 114645 236 9 0.299905 0.270284 0.0296216 7 2 6 2
115045 114734 311 0 0.399959 0.364025 0.035934 6 3 6 3
116360 116195 165 3 0.399929 0.380113 0.0198163 7 2 6 2
116819 116486 333 1 0.0999904 0.06006 0.0399304 6 3 6 3
118977 118914 63 5 0.199976 0.193055 0.00692111 8 1 8 1
119292 119173 119 2 0.399849 0.382886 0.0169635 7 2 7 2
119321 119268 53 4 0.39993 0.39312 0.00681011 6 3 6 3
120185 120017 168 6 0.299978 0.27927 0.0207075 7 2 7 2
121413 121360 53 7 0.39983 0.391665 0.00816473 5 4 5 4
122254 121985 269 9 0.499989 0.466769 0.0332203 7 2 6 1
122941 122697 244 0 0.399943 0.370429 0.0295137 7 2 7 2
123769 123463 306 8 0.0999601 0.0626272 0.0373329 6 3 6 3
124899 124757 142 3 0.29981 0.282251 0.0175592 5 4 5 4
127358 127262 96 5 0.399903 0.385462 0.0144407 7 2 7 2
127928 127728 200 2 0.299926 0.277728 0.022198 7 2 7 2
128203 128031 172 7 0.499981 0.478423 0.0215584 7 2 7 2
128314 128168 146 1 0.0999501 0.083899 0.0160511 6 3 6 3
128967 128914 53 6 0.299953 0.292215 0.0077372 7 2 7 2
129383 129229 154 4 0.099938 0.0811137 0.0188243 8 1 8 1
130663 130510 153 0 0.399996 0.381185 0.0188107 7 2 7 2
131384 131028 356 9 0.199774 0.159518 0.0402562 5 4 5 4
133096 132882 214 3 0.399959 0.373543 0.0264162 5 4 5 4
135062 134736 326 5 0.399992 0.35895 0.0410422 9 0 8 0
135442 135090 352 8 0.0998007 0.0598089 0.0399918 6 3 6 3
135709 135389 320 7 0.399994 0.361878 0.0381151 6 3 6 3
136488 136229 259 1 0.499971 0.46781 0.0321608 7 2 7 2
136728 136675 53 2 0.299948 0.294109 0.00583882 5 4 5 4
136874 136815 59 6 0.399987 0.391857 0.0081293 4 5 4 5
138381 138171 210 4 0.399941 0.376041 0.0239005 6 3 6 2
139421 139047 374 3 0.599949 0.554128 0.045821 7 2 7 2
140138 139847 291 0 0.199916 0.164975 0.0349416 4 5 4 5
141481 141425 56 9 0.199979 0.191865 0.00811414 6 3 6 3
144307 144127 180 7 0.299923 0.277831 0.0220919 9 0 9 0
144566 144451 115 1 0.299966 0.285683 0.0142823 7 2 7 2
144569 144346 223 5 0.19999 0.17336 0.0266295 8 1 8 1
146411 146284 127 2 0.199984 0.184259 0.0157251 6 3 5 3
146644 146589 55 8 0.0999855 0.0927615 0.00722401 9 0 9 0
146962 146733 229 6 0.0999914 0.0718491 0.0281423 7 2 7 2
147785 147589 196 4 0.199908 0.177214 0.0226939 5 4 5 4
148933 148864 69 3 0.0999385 0.0902097 0.00972881 7 2 6 2
150384 150267 117 0 0.199916 0.184135 0.0157807 4 5 4 5
151280 151223 57 5 0.599958 0.592098 0.00785949 6 3 6 3
151757 151540 217 9 0.19997 0.169906 0.030064 7 2 7 2
154211 154156 55 1 0.199959 0.191901 0.00805732 7 2 7 2
155030 154849 181 7 0.0999087 0.0797166 0.0201922 9 0 9 0
155521 155431 90 2 0.299842 0.285066 0.0147763 7 2 6 2
156334 156157 177 8 0.299951 0.279035 0.0209164 8 1 8 1
156729 156535 194 6 0.299969 0.276023 0.0239459 5 4 4 4
157096 156985 111 4 0.299898 0.286073 0.0138251 2 7 2 7
157460 157129 331 5 0.499941 0.4604 0.0395414 4 5 4 5
158571 158489 82 9 0.599917 0.588911 0.0110053 6 3 5 3
160335 160135 200 3 0.0999281 0.0776984 0.0222297 8 1 8 1
160462 160377 85 0 0.19995 0.188365 0.0115854 4 5 4 5
162227 162066 161 7 0.599906 0.581153 0.0187531 9 0 9 0
163037 162956 81 5 0.599903 0.590736 0.0091665 8 1 8 1
163878 163615 263 9 0.599939 0.567594 0.0323448 7 2 6 2
164245 164185 60 4 0.499954 0.491132 0.00882189 4 5 4 5
164565 164287 278 2 0.299928 0.268661 0.0312671 7 2 7 2
165192 165057 135 8 0.299959 0.285117 0.0148411 7 2 7 2
165227 164956 271 1 0.0998948 0.0673828 0.0325119 7 2 7 2
167418 167166 252 6 0.0999297 0.0688741 0.0310556 5 4 5 4
169200 168905 295 5 0.499989 0.466576 0.0334135 7 2 7 2
169714 169643 71 0 0.299947 0.290397 0.00955007 6 3 6 3
170755 170583 172 7 0.199999 0.177376 0.0226235 9 0 9 0
171692 171639 53 3 0.099875 0.0919092 0.00796575 7 2 7 2
172313 172122 191 4 0.299902 0.277542 0.0223597 6 3 6 3
173254 173119 135 9 0.099984 0.0825738 0.0174102 6 3 6 3
174313 174156 157 2 0.199928 0.180711 0.0192171 6 3 6 3
175082 174753 329 8 0.199901 0.162121 0.0377795 7 2 7 2
176569 176514 55 1 0.0997936 0.0909478 0.00884577 7 2 7 2
177955 177899 56 6 0.199835 0.191839 0.00799525 6 3 6 3
178724 178586 138 0 0.299999 0.28284 0.0171589 4 5 4 5
179230 178880 350 5 0.0999055 0.0584853 0.0414202 5 4 5 4
179284 179069 215 7 0.399996 0.375332 0.0246645 8 1 8 1
182784 182667 117 4 0.0999355 0.0845413 0.0153942 7 2 7 2
183052 182853 199 3 0.0999101 0.0741576 0.0257525 7 2 7 2
183794 183524 270 2 0.299974 0.266539 0.0334358 8 1 8 1
184438 184359 79 8 0.299994 0.288819 0.0111741 6 3 6 3
184664 184310 354 9 0.0999922 0.0570461 0.0429461 7 2 7 2
186359 186121 238 1 0.299894 0.273189 0.0267043 6 3 6 3
188042 187875 167 6 0.199981 0.179015 0.0209656 5 4 5 4
188460 188298 162 0 0.199987 0.17689 0.023097 7 2 7 2
188889 188609 280 7 0.199959 0.165816 0.0341421 8 1 8 1
190862 190644 218 5 0.0999136 0.0751503 0.0247633 8 1 8 1
191150 190922 228 3 0.499904 0.471745 0.0281587 5 4 5 4
192696 192417 279 4 0.299896 0.267993 0.0319034 6 3 6 3
194233 193899 334 8 0.199838 0.160393 0.0394445 8 1 8 1
194293 194119 174 1 0.399914 0.378475 0.0214391 8 1 8 1
194374 194249 125 2 0.0999765 0.0831479 0.0168286 8 1 8 1
195960 195880 80 9 0.0999623 0.0897573 0.010205 7 2 7 2
196202 195921 281 0 0.499981 0.46582 0.0341616 6 3 6 3
196671 196512 159 7 0.499919 0.480297 0.0196219 6 3 6 3
196720 196369 351 6 0.399947 0.358133 0.0418147 8 1 8 1
199182 198878 304 5 0.499836 0.458446 0.0413906 4 5 3 5
200241 200003 238 3 0.199968 0.170486 0.0294825 6 3 6 3
200324 200159 165 1 0.599983 0.580695 0.0192877 6 3 5 3
200821 200682 139 4 0.399907 0.384457 0.0154499 6 3 6 3
201116 200994 122 8 0.599998 0.585059 0.0149388 7 2 6 2
203416 203086 330 2 0.399971 0.356489 0.0434817 7 2 7 2
204084 203724 360 7 0.399906 0.358041 0.0418646 6 3 6 3
205234 205069 165 6 0.299963 0.280207 0.0197562 6 3 6 3
205863 205810 53 0 0.0999034 0.0922777 0.00762564 7 2 7 2
206529 206373 156 5 0.399951 0.381155 0.0187962 7 2 7 2
207534 207140 394 9 0.0999825 0.0522609 0.0477216 7 2 7 2
208676 208600 76 1 0.199931 0.189627 0.0103036 4 5 4 5
208693 208512 181 3 0.399992 0.375368 0.0246232 5 4 5 4
208716 208408 308 4 0.399926 0.362601 0.0373254 6 3 6 3
209596 209409 187 8 0.199937 0.174515 0.0254227 5 4 5 4
211908 211700 208 7 0.399982 0.377111 0.0228711 3 6 3 6
212761 212531 230 5 0.599988 0.572383 0.0276048 7 2 5 0
213350 213260 90 6 0.399999 0.387754 0.0122448 7 2 7 2
214004 213639 365 2 0.0999006 0.0571663 0.0427343 7 2 6 2
214011 213735 276 0 0.499821 0.468083 0.0317378 7 2 6 2
215865 215589 276 4 0.499983 0.467027 0.0329564 6 3 6 2
216585 216233 352 1 0.499952 0.458073 0.0418792 9 0 8 0
218093 217893 200 7 0.599959 0.576703 0.0232564 5 4 5 3
218212 218070 142 9 0.19993 0.181656 0.0182742 8 1 7 1
218289 217923 366 3 0.199997 0.15557 0.0444272 7 2 7 2
220559 220415 144 8 0.0999493 0.0832316 0.0167177 7 2 7 2
221205 220913 292 6 0.399892 0.361042 0.0388503 6 3 6 3
222385 222064 321 5 0.0999561 0.0609611 0.038995 7 2 7 2
223766 223623 143 0 0.099964 0.0842429 0.0157211 7 2 7 2
224708 224655 53 7 0.399891 0.392568 0.00732313 6 3 6 3
225517 225329 188 2 0.0999736 0.0777154 0.0222582 4 5 4 5
225685 225508 177 4 0.099906 0.0769417 0.0229644 7 2 7 2
226594 226429 165 1 0.0998916 0.0798139 0.0200777 8 1 8 1
226844 226762 82 3 0.399892 0.390865 0.009027 3 6 3 6
227378 227298 80 9 0.299972 0.287558 0.0124134 4 5 4 5
230326 230075 251 8 0.299997 0.270014 0.0299823 5 4 5 4
230886 230580 306 6 0.199935 0.162902 0.0370338 4 5 4 5
231388 231288 100 5 0.399912 0.387647 0.0122651 8 1 8 1
233075 233020 55 7 0.299983 0.291948 0.00803531 5 4 5 4
233590 233361 229 0 0.29997 0.274534 0.0254357 6 3 6 3
234432 234154 278 2 0.399895 0.363619 0.0362759 7 2 7 1
236116 235786 330 4 0.199895 0.159955 0.0399392 8 1 8 1
236210 235936 274 3 0.199979 0.167525 0.0324538 6 3 6 3
237344 237092 252 1 0.199961 0.170366 0.0295953 6 3 6 3
237884 237671 213 9 0.0999822 0.0711835 0.0287988 7 2 7 2
239130 238864 266 5 0.399985 0.366946 0.0330399 5 4 5 4
241100 240775 325 8 0.0999373 0.0562279 0.0437094 5 4 5 4
241143 240812 331 6 0.199982 0.160308 0.0396735 6 3 6 3
241783 241641 142 7 0.299915 0.280836 0.0190785 6 3 6 3
241913 241603 310 0 0.399971 0.363505 0.0364662 9 0 9 0
243154 242882 272 2 0.299786 0.267086 0.0327 6 3 6 3
243857 243804 53 4 0.499904 0.494083 0.00582111 5 4 5 4
244819 244591 228 3 0.399989 0.372431 0.027558 5 4 5 4
246683 246450 233 1 0.299954 0.273003 0.0269504 6 3 6 3
246872 246653 219 9 0.399934 0.374635 0.0252994 8 1 8 1
246905 246731 174 5 0.399877 0.378598 0.0212789 8 1 8 1
248374 248309 65 8 0.599975 0.590816 0.00915872 6 3 5 3
248931 248712 219 0 0.49994 0.47331 0.0266307 6 3 6 3
251198 250917 281 4 0.399943 0.365101 0.0348421 8 1 7 1
251661 251357 304 7 0.199998 0.163992 0.0360061 7 2 7 2
252372 252015 357 6 0.0998684 0.0571916 0.0426768 8 1 8 1
253893 253599 294 2 0.0999731 0.0632553 0.0367177 8 1 8 1
254935 254882 53 3 0.0999088 0.0942615 0.00564736 7 2 7 2
257186 256881 305 5 0.0999372 0.066306 0.0336312 9 0 9 0
257229 256945 284 9 0.0999796 0.0659628 0.0340168 7 2 7 2
257476 257184 292 1 0.0999453 0.0645233 0.0354219 6 3 6 3
257849 257488 361 8 0.0999583 0.0553005 0.0446578 6 3 6 3
258742 258534 208 0 0.099965 0.0749763 0.0249887 6 3 6 3
259977 259667 310 4 0.299994 0.264795 0.0351994 5 4 5 4
261391 261273 118 6 0.399986 0.385614 0.014372 3 6 3 6
262789 262533 256 7 0.0999673 0.0680946 0.0318727 8 1 8 1
263869 263671 198 3 0.399907 0.375632 0.0242753 6 3 6 3
265393 265188 205 9 0.499974 0.475252 0.0247226 7 2 7 1
265537 265161 376 2 0.0999394 0.0539302 0.0460092 7 2 7 2
267470 267375 95 8 0.299908 0.287054 0.0128538 7 2 7 2
267685 267479 206 0 0.399999 0.375637 0.0243619 8 1 8 1
268059 267686 373 5 0.199978 0.154858 0.0451193 7 2 7 2
268905 268638 267 1 0.0999058 0.0667981 0.0331077 6 3 6 3
269033 268779 254 4 0.299972 0.269733 0.030239 6 3 6 3
270567 270482 85 3 0.499965 0.487257 0.0127083 5 4 5 4
270720 270424 296 6 0.199983 0.165929 0.0340536 8 1 8 1
271721 271598 123 7 0.399904 0.385795 0.0141094 7 2 5 2
272821 272508 313 9 0.399956 0.360612 0.0393438 7 2 6 2
274453 274397 56 2 0.399975 0.391357 0.00861796 7 2 7 2
275573 275440 133 8 0.399996 0.383672 0.0163243 7 2 7 1
275601 275548 53 5 0.499916 0.49168 0.00823654 8 1 6 1
276343 276177 166 0 0.299972 0.280123 0.0198485 9 0 9 0
277003 276861 142 3 0.499924 0.483222 0.0167024 8 1 8 1
277725 277584 141 7 0.599892 0.58176 0.0181322 5 4 4 4
277906 277696 210 1 0.399954 0.374416 0.0255385 6 3 6 3
278068 277991 77 4 0.299938 0.290108 0.00983003 6 3 6 3
280165 279937 228 6 0.299957 0.271926 0.0280309 7 2 7 2
281615 281296 319 9 0.29996 0.262399 0.0375606 7 2 7 2
282946 282612 334 5 0.399957 0.361426 0.0385304 8 1 8 1
283506 283231 275 3 0.49994 0.467649 0.0322902 8 1 8 1
283887 283596 291 2 0.199921 0.166084 0.0338375 9 0 8 0
284257 284128 129 0 0.399931 0.38391 0.0160205 9 0 9 0
285669 285534 135 8 0.0999651 0.082662 0.0173031 5 4 5 4
286270 285978 292 4 0.399905 0.362372 0.037533 8 1 8 1
286387 286276 111 1 0.29977 0.284647 0.0151227 5 4 5 4
287029 286794 235 7 0.0999111 0.0701178 0.0297934 6 3 6 3
288812 288573 239 9 0.499897 0.470653 0.0292441 5 4 5 4
289954 289801 153 6 0.19996 0.180608 0.019352 7 2 7 2
290504 290298 206 8 0.899892 0.875853 0.0240392 4 5 1 1
291504 291440 64 5 0.299956 0.29141 0.00854576 7 2 7 2
291765 291462 303 3 0.299757 0.265324 0.0344335 7 2 7 2
292090 291817 273 0 0.399894 0.367108 0.0327863 8 1 8 1
294835 294736 99 2 0.0999961 0.0873839 0.0126121 7 2 7 2
295206 295089 117 8 0.499894 0.485158 0.0147355 7 2 7 1
296044 295957 87 1 0.199946 0.187713 0.0122337 5 4 5 4
296638 296340 298 4 0.0999955 0.0616894 0.0383061 7 2 7 2
297531 297469 62 6 0.499972 0.491821 0.00815104 6 3 6 3
298687 298430 257 7 0.0998292 0.0691842 0.030645 8 1 8 1
298817 298477 340 9 0.0999937 0.059425 0.0405687 6 3 6 3
