1637 1560 77 1 0.799999 0.790757 0.00924273 7 0 7 0
1790 1513 277 0 0.799954 0.76506 0.0348946 8 0 8 0
2522 2365 157 2 0.699775 0.68071 0.0190653 9 0 9 0
4169 4007 162 9 0.499917 0.481714 0.0182029 8 1 8 1
5124 4879 245 8 0.399978 0.370207 0.0297713 8 1 8 1
5181 4832 349 3 0.399952 0.359282 0.0406699 9 0 9 0
6705 6459 246 4 0.199984 0.17261 0.0273742 6 3 6 3
7352 7293 59 7 0.0999591 0.093478 0.00648111 8 1 8 1
7497 7341 156 6 0.0999136 0.0774297 0.0224839 5 4 5 4
7571 7350 221 5 0.0999863 0.0722286 0.0277577 7 2 7 2
8669 8557 112 0 0.299921 0.284675 0.0152459 4 5 3 5
9214 9158 56 1 0.199942 0.192839 0.00710245 7 2 7 2
10729 10471 258 2 0.199782 0.166696 0.0330856 6 3 5 3
11674 11293 381 9 0.399892 0.353161 0.0467308 4 5 4 5
13042 12862 180 3 0.399901 0.378385 0.0215161 6 3 6 3
13770 13555 215 8 0.299937 0.275048 0.0248884 8 1 8 1
14526 14365 161 7 0.599908 0.581129 0.0187796 7 2 3 2
15017 14770 247 5 0.599961 0.570533 0.029427 6 3 6 3
15381 15082 299 4 0.399969 0.364665 0.035304 8 1 7 1
15474 15421 53 6 0.499981 0.492445 0.00753643 5 4 5 4
15957 15897 60 1 0.599956 0.591565 0.00839044 3 6 2 6
17568 17460 108 0 0.299994 0.28561 0.0143846 6 3 6 2
17758 17528 230 2 0.599891 0.572468 0.0274238 7 2 5 1
19562 19319 243 9 0.399971 0.373212 0.0267587 8 1 8 1
20697 20533 164 3 0.399952 0.378922 0.02103 8 1 8 1
21831 21658 173 8 0.399927 0.377583 0.0223441 7 2 7 2
22266 22128 138 4 0.499959 0.483151 0.0168077 6 3 4 3
22758 22665 93 7 0.199981 0.189596 0.0103852 8 1 8 1
22876 22588 288 5 0.299996 0.26716 0.0328354 6 3 6 3
23276 23223 53 6 0.299838 0.292172 0.0076663 5 4 4 4
24689 24388 301 2 0.399932 0.364974 0.0349578 9 0 9 0
25515 25162 353 1 0.0999014 0.0547842 0.0451172 6 3 6 3
27330 27066 264 0 0.199919 0.167292 0.0326263 6 3 6 3
28238 27982 256 9 0.29995 0.270136 0.0298135 5 4 5 4
30486 30129 357 8 0.299908 0.255875 0.0440333 7 2 7 2
30643 30293 350 6 0.499976 0.461336 0.0386402 7 2 7 2
30915 30862 53 4 0.199971 0.191319 0.00865277 5 4 5 4
31049 30715 334 3 0.0999938 0.0617708 0.038223 6 3 6 3
32523 32237 286 2 0.399953 0.366463 0.0334899 4 5 4 5
33617 33296 321 5 0.099934 0.0611288 0.0388051 6 3 6 3
33658 33518 140 7 0.0999872 0.0812775 0.0187097 4 5 4 5
35458 35133 325 1 0.29993 0.257812 0.0421186 6 3 6 3
36325 36183 142 6 0.599945 0.58095 0.0189951 7 2 6 2
37528 37117 411 9 0.299925 0.252838 0.0470873 8 1 8 1
38418 38342 76 4 0.499879 0.488724 0.0111545 6 3 6 3
38505 38279 226 0 0.0999178 0.0721093 0.0278085 6 3 6 3
40260 40166 94 8 0.199963 0.189632 0.0103311 6 3 6 3
41543 41488 55 3 0.199984 0.192477 0.00750738 7 2 6 2
42797 42515 282 2 0.0998593 0.0641986 0.0356606 8 1 8 1
42882 42524 358 5 0.399812 0.357185 0.0426274 8 1 7 1
43101 42974 127 6 0.399963 0.384919 0.0150435 6 3 6 3
44150 44063 87 7 0.199898 0.187455 0.0124428 9 0 8 0
45763 45495 268 4 0.399923 0.36622 0.0337025 4 5 4 5
46343 46012 331 1 0.0999686 0.0626052 0.0373634 6 3 6 2
47516 47239 277 9 0.199971 0.168658 0.0313129 9 0 9 0
48529 48476 53 8 0.399844 0.393131 0.00671256 9 0 9 0
48790 48645 145 0 0.19998 0.18127 0.0187102 8 1 8 1
49269 49040 229 3 0.499913 0.472206 0.0277072 6 3 5 3
51569 51355 214 5 0.299939 0.274891 0.0250481 6 3 6 3
52575 52436 139 7 0.399963 0.381854 0.0181088 8 1 7 1
53216 53161 55 6 0.0999329 0.0919383 0.00799458 7 2 7 2
54073 53928 145 2 0.0999543 0.0809869 0.0189674 8 1 8 1
56073 55751 322 4 0.0999474 0.061327 0.0386203 5 4 5 4
56138 55897 241 8 0.399952 0.369829 0.0301224 6 3 6 3
57862 57531 331 1 0.09995 0.0584703 0.0414797 7 2 7 2
58382 58329 53 9 0.0999764 0.0942793 0.00569716 6 3 6 3
58999 58791 208 3 0.0999014 0.0744886 0.0254128 4 5 4 5
59668 59528 140 0 0.099965 0.0828802 0.0170848 5 4 5 4
61068 61015 53 5 0.199997 0.194176 0.00582111 4 5 4 5
62850 62578 272 7 0.0999021 0.0671823 0.0327199 6 3 5 3
63732 63584 148 6 0.199931 0.18366 0.0162711 7 2 7 2
63800 63586 214 2 0.299954 0.276096 0.0238579 6 3 5 3
64130 64028 102 8 0.399938 0.387505 0.0124333 5 4 3 2
65050 64851 199 4 0.399904 0.377854 0.0220502 7 2 6 2
67757 67704 53 5 0.599915 0.591898 0.00801696 8 1 8 1
67789 67587 202 1 0.299993 0.275595 0.0243981 6 3 6 3
69121 68793 328 9 0.199791 0.16057 0.0392207 9 0 9 0
69263 69198 65 0 0.299995 0.291717 0.00827828 8 1 8 1
69807 69466 341 3 0.199939 0.159041 0.0408981 8 1 8 1
72554 72448 106 7 0.299967 0.287778 0.0121889 7 2 7 2
73487 73427 60 4 0.29985 0.291317 0.00853226 8 1 8 1
74289 74107 182 8 0.0999495 0.079622 0.0203275 8 1 8 1
74360 74162 198 2 0.099943 0.0763758 0.0235672 6 3 6 3
74838 74553 285 6 0.099972 0.0671736 0.0327984 9 0 9 0
76380 76075 305 5 0.199968 0.164008 0.0359598 5 4 5 4
78170 78098 72 1 0.0999564 0.0922135 0.00774291 7 2 7 2
78890 78837 53 0 0.199841 0.193078 0.00676342 8 1 8 1
79417 79139 278 9 0.199988 0.163871 0.0361177 7 2 7 2
80675 80492 183 4 0.499997 0.478302 0.0216951 8 1 6 1
80809 80413 396 7 0.399955 0.348356 0.0515995 6 3 6 3
80892 80787 105 3 0.099983 0.0883306 0.0116525 7 2 7 2
83193 82818 375 6 0.499955 0.453349 0.0466065 4 5 4 5
84017 83962 55 2 0.299841 0.291281 0.00855939 6 3 6 3
84056 83981 75 5 0.499965 0.48861 0.0113547 7 2 7 2
85805 85473 332 8 0.0999559 0.0603172 0.0396388 5 4 5 4
85812 85493 319 0 0.599901 0.560854 0.0390471 8 1 7 1
87150 86860 290 7 0.599917 0.565208 0.0347094 5 4 5 4
88077 87815 262 9 0.39997 0.365478 0.0344921 8 1 7 1
88742 88572 170 4 0.299979 0.280286 0.0196931 7 2 7 2
89665 89313 352 1 0.0998982 0.0572993 0.0425989 7 2 7 2
91347 91252 95 3 0.199945 0.185797 0.0141481 6 3 6 3
92175 92106 69 6 0.199915 0.18995 0.0099652 7 2 7 2
92936 92624 312 0 0.399984 0.362206 0.0377781 7 2 7 2
93735 93523 212 5 0.0999566 0.0744918 0.0254648 7 2 7 2
94481 94371 110 2 0.0997824 0.0852237 0.0145588 5 4 5 4
94936 94797 139 7 0.299932 0.282294 0.0176374 7 2 7 2
94994 94660 334 8 0.399968 0.362605 0.0373629 6 3 6 3
96722 96669 53 9 0.299931 0.292591 0.00733975 7 2 7 2
97853 97593 260 4 0.299972 0.270449 0.0295231 5 4 5 4
99891 99700 191 3 0.399963 0.376793 0.0231699 6 3 5 3
100515 100444 71 6 0.399939 0.389984 0.00995505 7 2 7 2
101271 101034 237 1 0.0998551 0.0713492 0.028506 8 1 8 1
101788 101413 375 0 0.299891 0.257562 0.0423287 6 3 6 3
102562 102501 61 8 0.39998 0.39249 0.0074898 6 3 6 2
102861 102486 375 5 0.399881 0.356844 0.0430366 7 2 6 2
103683 103629 54 7 0.299979 0.29196 0.00801879 5 4 4 4
104320 104016 304 2 0.299946 0.263835 0.0361106 6 3 6 3
105852 105733 119 3 0.599996 0.582495 0.0175002 5 4 5 4
106086 105888 198 4 0.399995 0.373617 0.0263786 6 3 6 3
106627 106352 275 9 0.199983 0.167462 0.0325211 6 3 6 3
108975 108922 53 6 0.299845 0.293212 0.00663234 8 1 8 1
109858 109660 198 5 0.499895 0.475399 0.0244968 7 2 7 2
111064 110706 358 1 0.299934 0.258212 0.0417214 8 1 8 1
111581 111381 200 0 0.199895 0.176681 0.0232138 8 1 8 1
111600 111508 92 7 0.399999 0.388446 0.0115529 8 1 7 1
112762 112398 364 8 0.0999326 0.0565498 0.0433828 7 2 7 2
114420 114170 250 3 0.199916 0.168896 0.0310201 5 4 5 4
114925 114815 110 2 0.0999473 0.0852483 0.014699 5 4 5 4
116066 115862 204 9 0.299974 0.275233 0.024741 7 2 7 2
116223 116079 144 4 0.0999954 0.0830573 0.0169381 8 1 8 1
118438 118312 126 1 0.499906 0.484553 0.0153531 9 0 8 0
118591 118496 95 6 0.199924 0.186524 0.0133998 3 6 3 6
118837 118729 108 5 0.199924 0.18479 0.0151341 7 2 7 2
119234 119158 76 0 0.499907 0.490294 0.009613 7 2 7 2
120257 119924 333 7 0.299957 0.260223 0.0397342 2 7 2 7
122589 122388 201 9 0.599894 0.575522 0.0243723 8 1 7 1
123545 123277 268 8 0.19993 0.166633 0.0332966 7 2 7 2
123966 123710 256 3 0.299962 0.268345 0.0316178 8 1 8 0
123994 123745 249 2 0.399947 0.366811 0.0331365 7 2 7 2
125660 125464 196 1 0.399944 0.375985 0.0239589 7 2 7 2
126171 126117 54 6 0.499981 0.492546 0.00743468 5 4 5 4
127265 127112 153 5 0.39992 0.38066 0.0192596 5 4 5 4
127390 127099 291 0 0.299984 0.263094 0.03689 4 5 4 5
127520 127350 170 4 0.0999921 0.0777115 0.0222806 6 3 6 3
128445 128312 133 7 0.399908 0.382528 0.0173795 6 3 6 2
131072 130977 95 9 0.199966 0.187766 0.0122008 7 2 7 2
131974 131658 316 2 0.399952 0.361557 0.0383957 8 1 7 1
132620 132346 274 1 0.499915 0.464817 0.0350978 8 1 8 1
133390 133113 277 6 0.399989 0.368502 0.031487 6 3 6 3
133878 133670 208 3 0.19989 0.174689 0.0252015 7 2 7 2
134666 134356 310 8 0.0999843 0.0598204 0.040164 7 2 7 2
135641 135350 291 0 0.399954 0.364772 0.0351822 8 1 8 1
137029 136823 206 7 0.299949 0.27451 0.0254387 7 2 7 2
137263 137178 85 5 0.099952 0.0893997 0.0105524 7 2 7 2
138143 137968 175 2 0.599997 0.578636 0.0213607 6 3 6 3
138165 137924 241 4 0.199957 0.172298 0.0276589 6 3 6 3
141640 141469 171 1 0.199947 0.17932 0.0206263 8 1 8 1
142206 141952 254 9 0.0999612 0.068343 0.0316182 6 3 6 3
143154 143066 88 3 0.299922 0.287722 0.0122001 8 1 8 1
143563 143492 71 6 0.0999585 0.0920619 0.00789659 8 1 8 1
145011 144921 90 0 0.199926 0.190035 0.00989111 7 2 7 2
145101 144903 198 2 0.399939 0.375307 0.0246324 7 2 6 2
146221 145864 357 8 0.0999511 0.0565224 0.0434286 6 3 6 3
146989 146672 317 7 0.199964 0.163482 0.0364824 3 6 3 6
147008 146694 314 5 0.299953 0.264802 0.0351511 7 2 7 2
149279 149222 57 1 0.499974 0.49167 0.00830345 5 4 5 4
149354 149065 289 4 0.0999636 0.0672993 0.0326643 5 4 5 4
150481 150187 294 9 0.499935 0.466757 0.0331782 6 3 6 3
151428 151091 337 3 0.39989 0.355699 0.0441909 7 2 6 2
151982 151781 201 2 0.499951 0.475351 0.0246 6 3 5 3
153632 153342 290 5 0.599965 0.566931 0.0330347 7 2 7 2
154987 154779 208 6 0.0999086 0.074844 0.0250646 8 1 8 1
155920 155777 143 0 0.0999086 0.082176 0.0177325 6 3 6 3
157685 157592 93 8 0.0999046 0.087472 0.0124326 8 1 8 1
158206 157850 356 7 0.0999226 0.0564112 0.0435115 9 0 9 0
158220 157995 225 1 0.199953 0.17308 0.0268723 7 2 7 2
159671 159332 339 9 0.199893 0.156992 0.0429016 6 3 6 3
159822 159716 106 4 0.199903 0.186067 0.0138366 6 3 6 3
161687 161512 175 3 0.0999939 0.0780569 0.021937 4 5 4 5
161852 161612 240 2 0.0999822 0.0726576 0.0273246 6 3 5 3
163764 162961 803 5 0.0998907 0.0143936 0.0854971 6 3 6 3
163878 163825 53 6 0.399832 0.391573 0.00825947 5 4 5 4
165785 165492 293 0 0.299971 0.263936 0.0360353 5 4 5 4
167117 166978 139 7 0.399941 0.382364 0.0175769 7 2 6 2
167472 167202 270 9 0.499919 0.466618 0.0333007 6 3 6 3
168442 168088 354 8 0.199992 0.15823 0.0417621 6 3 6 3
169068 168927 141 4 0.29996 0.282334 0.0176264 7 2 7 2
169164 169022 142 1 0.0999951 0.0804437 0.0195515 6 3 6 3
171334 171264 70 6 0.399968 0.392209 0.00775938 8 1 8 1
172917 172832 85 3 0.0998053 0.0865229 0.0132824 8 1 8 1
173214 172917 297 2 0.0999923 0.0665172 0.0334751 7 2 7 2
173657 173565 92 5 0.299904 0.28705 0.0128539 6 3 6 3
174961 174563 398 9 0.39993 0.351001 0.0489289 6 3 6 3
176607 176269 338 7 0.199981 0.15969 0.0402915 7 2 7 2
176666 176336 330 0 0.099917 0.0605052 0.0394118 7 2 7 2
178140 177835 305 4 0.299934 0.262911 0.0370234 5 4 5 4
179112 178731 381 6 0.399929 0.353175 0.0467539 8 1 8 1
179603 179375 228 8 0.0999127 0.074365 0.0255477 6 3 6 3
180827 180444 383 1 0.0999378 0.0509241 0.0490137 5 4 5 4
182207 181997 210 2 0.399897 0.376676 0.0232215 8 1 8 1
182654 182496 158 3 0.299971 0.280608 0.0193629 5 4 4 4
182850 182645 205 9 0.399963 0.374879 0.0250844 7 2 7 1
183308 183050 258 5 0.199979 0.168841 0.0311377 7 2 7 2
185248 185047 201 7 0.399936 0.375578 0.0243575 6 3 6 2
186555 186236 319 4 0.399961 0.361608 0.0383534 7 2 6 2
188243 188030 213 0 0.0999275 0.0712981 0.0286294 7 2 7 2
189444 189356 88 8 0.299993 0.290322 0.00967111 6 3 6 3
189489 189327 162 6 0.099854 0.079742 0.0201121 8 1 8 1
189745 189550 195 9 0.499901 0.475974 0.0239265 7 2 6 2
190871 190552 319 1 0.299949 0.262593 0.0373559 8 1 8 1
191729 191463 266 3 0.299922 0.267469 0.0324528 6 3 5 3
192560 192265 295 2 0.0999129 0.0661686 0.0337443 5 4 5 4
194273 194220 53 5 0.0998942 0.0934497 0.00644442 7 2 7 2
194520 194332 188 7 0.199998 0.174204 0.0257947 7 2 7 2
196532 196202 330 0 0.499906 0.456814 0.0430912 6 3 6 3
196772 196656 116 4 0.0999343 0.0864047 0.0135296 9 0 9 0
198879 198543 336 9 0.199967 0.160535 0.0394317 5 4 5 4
199242 199074 168 6 0.29996 0.279024 0.0209361 8 1 7 1
199384 199043 341 8 0.199978 0.160009 0.039969 6 3 6 3
199948 199759 189 1 0.299954 0.275583 0.0243713 5 4 5 4
201770 201417 353 3 0.199938 0.157536 0.0424023 7 2 7 2
201789 201499 290 2 0.39991 0.364009 0.0359018 6 3 6 3
204024 203841 183 5 0.299906 0.277108 0.0227982 5 4 5 4
204699 204539 160 7 0.19992 0.179791 0.0201292 5 4 5 4
204823 204647 176 0 0.29993 0.278117 0.0218131 7 2 6 2
205745 205497 248 4 0.3999 0.368615 0.0312845 5 4 3 4
207242 206865 377 8 0.499968 0.451606 0.0483617 5 4 5 3
207467 207247 220 9 0.399872 0.370751 0.029121 6 3 6 1
208017 207964 53 6 0.299915 0.293052 0.00686327 4 5 3 5
208139 207871 268 1 0.399916 0.36975 0.0301662 5 4 5 4
208855 208542 313 2 0.499951 0.463704 0.0362477 6 3 5 3
211032 210977 55 3 0.299915 0.292061 0.00785387 7 2 7 2
211183 211124 59 0 0.599972 0.591623 0.00834872 7 2 5 2
211542 211203 339 5 0.499923 0.459049 0.0408743 7 2 5 2
213133 212984 149 7 0.399951 0.381738 0.0182133 9 0 9 0
215052 214975 77 9 0.399922 0.388957 0.0109648 9 0 9 0
215347 214958 389 4 0.199784 0.154902 0.044882 7 2 7 2
216133 215862 271 6 0.399994 0.368605 0.0313895 8 1 8 1
217088 216807 281 8 0.0999735 0.0655303 0.0344432 8 1 8 1
217192 216879 313 2 0.299962 0.263216 0.0367464 8 1 8 1
217612 217367 245 1 0.199981 0.172436 0.0275446 7 2 7 2
219706 219574 132 5 0.299935 0.282066 0.0178687 5 4 5 4
220504 220216 288 0 0.099892 0.0639673 0.0359248 5 4 5 4
220672 220552 120 3 0.199972 0.185117 0.0148553 6 3 6 3
222675 222324 351 7 0.199899 0.158636 0.0412631 6 3 6 3
223796 223720 76 6 0.399983 0.387997 0.0119857 6 3 6 3
224381 224256 125 9 0.199944 0.183591 0.0163529 7 2 7 2
225389 225155 234 2 0.399903 0.372902 0.0270016 7 2 6 2
226332 226057 275 1 0.399982 0.365148 0.0348336 5 4 5 4
226578 226250 328 4 0.0999813 0.0597531 0.0402282 5 4 5 4
227691 227638 53 0 0.599961 0.592594 0.00736651 7 2 5 1
228664 228416 248 8 0.0999272 0.0701361 0.0297911 7 2 7 2
229566 229511 55 7 0.599955 0.590149 0.00980522 5 4 4 4
229571 229190 381 5 0.199949 0.15515 0.0447997 7 2 7 2
230801 230711 90 3 0.199925 0.187948 0.0119766 5 4 5 4
231265 231105 160 6 0.39994 0.380389 0.019551 6 3 6 3
232198 232145 53 2 0.49998 0.493685 0.00629509 6 3 6 3
233807 233600 207 9 0.299943 0.274688 0.025255 6 3 6 3
234188 234025 163 1 0.399989 0.377665 0.0223241 5 4 4 4
235621 235402 219 4 0.39996 0.373734 0.0262258 7 2 7 2
236188 236060 128 0 0.199945 0.184235 0.0157104 7 2 7 2
236597 236260 337 7 0.39996 0.360405 0.0395544 8 1 7 1
237788 237608 180 2 0.599926 0.577127 0.0227986 6 3 6 3
238408 238053 355 5 0.399979 0.358873 0.0411059 7 2 7 2
240289 239974 315 8 0.0999599 0.0621121 0.0378478 9 0 9 0
240328 239983 345 3 0.299965 0.257754 0.0422107 6 3 6 3
241606 241309 297 6 0.0999204 0.064631 0.0352894 7 2 7 1
243322 243269 53 9 0.19999 0.193318 0.0066719 7 2 7 2
243859 243482 377 1 0.199898 0.152829 0.0470698 6 3 6 3
243926 243649 277 2 0.499927 0.468297 0.0316296 4 5 4 4
244321 244071 250 4 0.299921 0.27134 0.0285804 6 3 5 3
246154 245927 227 7 0.199991 0.172787 0.0272044 4 5 4 5
246222 246105 117 0 0.199905 0.183674 0.0162311 5 4 5 4
248426 248285 141 3 0.399993 0.383047 0.0169464 9 0 9 0
248753 248516 237 5 0.0999468 0.0704079 0.0295389 5 4 5 4
251345 251279 66 6 0.299943 0.292471 0.00747187 7 2 7 2
251911 251636 275 8 0.099939 0.0667742 0.0331648 8 1 7 1
252633 252457 176 9 0.299938 0.279726 0.0202117 7 2 7 2
253944 253632 312 2 0.0999985 0.0621607 0.0378378 7 2 7 2
254973 254699 274 1 0.0999491 0.0681313 0.0318178 9 0 9 0
255100 254847 253 4 0.099912 0.066581 0.033331 7 2 6 2
255633 255288 345 7 0.299942 0.257042 0.0428999 5 4 5 4
256454 256135 319 0 0.199951 0.16218 0.037771 4 5 4 5
257960 257667 293 3 0.19999 0.16509 0.0348998 5 4 5 4
259531 259217 314 5 0.199902 0.162522 0.0373802 3 6 3 6
259796 259682 114 9 0.499996 0.48373 0.0162659 7 2 6 2
261882 261693 189 6 0.0999516 0.0791705 0.0207811 7 2 7 2
263515 263336 179 8 0.0999208 0.0787228 0.021198 7 2 7 2
263738 263647 91 7 0.378553 0.365882 0.0126708 6 3 6 3
264672 264411 261 2 0.199906 0.170627 0.0292782 7 2 7 2
265690 265575 115 4 0.199955 0.186512 0.0134435 8 1 8 1
266300 266048 252 9 0.499905 0.465829 0.0340765 5 4 5 4
266501 266260 241 1 0.0999683 0.0710946 0.0288736 9 0 9 0
267204 267143 61 0 0.0999857 0.0912916 0.00869407 3 6 3 6
267439 267223 216 3 0.299923 0.273728 0.0261949 4 5 4 5
270758 270449 309 5 0.099932 0.0649142 0.0350178 6 3 6 3
271691 271510 181 8 0.499893 0.476936 0.0229575 9 0 8 0
271717 271444 273 6 0.299894 0.265943 0.0339509 6 3 6 3
272755 272645 110 9 0.499913 0.485358 0.014555 6 3 6 3
273156 272986 170 7 0.199909 0.180328 0.0195814 9 0 9 0
274295 274017 278 4 0.399945 0.365432 0.0345125 6 3 5 3
275158 274919 239 2 0.199963 0.172554 0.0274093 9 0 9 0
276368 276305 63 3 0.299969 0.29069 0.00927935 5 4 5 4
277288 277003 285 1 0.19998 0.165119 0.0348612 8 1 8 1
277809 277576 233 0 0.199922 0.171388 0.0285334 9 0 9 0
280582 280402 180 5 0.299984 0.277809 0.0221748 7 2 6 2
280677 280602 75 8 0.199842 0.188579 0.0112624 6 3 6 3
281668 281336 332 6 0.199907 0.159166 0.0407414 9 0 9 0
282508 282269 239 9 0.0999075 0.0732157 0.0266917 7 2 7 2
282981 282741 240 4 0.29992 0.270802 0.0291174 8 1 8 1
283551 283224 327 7 0.199928 0.158935 0.0409935 6 3 6 3
284661 284374 287 2 0.299826 0.265035 0.0347905 9 0 9 0
286015 285932 83 3 0.199925 0.189542 0.0103836 4 5 4 5
286429 286193 236 0 0.399919 0.371684 0.028235 4 5 4 5
286870 286554 316 1 0.299984 0.26259 0.0373934 4 5 4 5
288056 287748 308 5 0.499971 0.462726 0.0372455 5 4 4 4
290005 289753 252 8 0.299951 0.265027 0.0349242 5 4 5 4
291045 290920 125 4 0.399969 0.386003 0.0139659 8 1 6 1
291904 291755 149 6 0.199779 0.18309 0.0166891 7 2 7 2
292223 291939 284 7 0.399894 0.367722 0.032172 8 1 7 1
292250 292075 175 9 0.299931 0.277453 0.0224786 7 2 7 2
294547 294392 155 5 0.499973 0.480155 0.0198184 6 3 6 3
295122 294855 267 0 0.299946 0.269103 0.0308435 5 4 5 4
295265 295107 158 2 0.0999486 0.0825775 0.0173711 6 3 6 3
296944 296776 168 3 0.0999925 0.0787796 0.0212129 8 1 8 1
297307 297248 59 1 0.0999562 0.0918512 0.00810495 7 2 7 2
298837 298745 92 8 0.299897 0.288256 0.0116407 7 2 7 2
