847 783 64 9 0.899896 0.890472 0.00942496 6 0 6 0
953 777 176 0 0.899966 0.878121 0.0218442 6 0 6 0
1958 1625 333 6 0.799829 0.758273 0.0415561 6 0 6 0
4164 3980 184 3 0.499958 0.476919 0.0230388 9 0 9 0
4824 4757 67 1 0.39918 0.391823 0.00735677 9 0 9 0
5018 4965 53 7 0.399826 0.392326 0.00749941 7 2 7 2
5051 4923 128 4 0.399939 0.382724 0.0172148 9 0 9 0
6521 6207 314 9 0.399989 0.359871 0.0401185 7 2 7 2
6608 6529 79 5 0.199984 0.189318 0.0106658 8 1 8 1
6909 6615 294 2 0.199964 0.165863 0.0341015 8 1 8 1
7381 7325 56 8 0.0999737 0.0914033 0.00857036 5 4 5 4
7571 7283 288 0 0.299996 0.265501 0.0344951 5 4 5 4
9112 8856 256 6 0.29994 0.268855 0.0310847 6 3 5 3
11593 11432 161 1 0.499997 0.480419 0.019578 6 3 5 3
12430 12151 279 3 0.299871 0.262193 0.0376777 7 2 7 2
12768 12450 318 9 0.59992 0.564157 0.0357627 7 2 7 2
12974 12621 353 4 0.399894 0.357894 0.0419993 7 2 6 2
14448 14210 238 7 0.199933 0.170599 0.0293335 8 1 8 1
17591 17275 316 5 0.0999381 0.0630281 0.03691 8 1 8 1
17858 17740 118 2 0.0999338 0.0839259 0.0160079 8 1 8 1
18227 18058 169 0 0.0999819 0.0782696 0.0217123 7 2 7 2
18688 18400 288 8 0.0999844 0.0658537 0.0341307 7 2 7 2
19773 19521 252 1 0.299891 0.269897 0.0299941 8 1 8 1
19919 19580 339 6 0.0999392 0.0609844 0.0389549 9 0 9 0
20632 20447 185 9 0.299949 0.276632 0.0233176 3 6 3 6
20700 20579 121 4 0.399978 0.383434 0.0165444 6 3 6 3
22560 22195 365 3 0.199925 0.158334 0.0415911 2 7 2 7
24210 24088 122 4 0.899983 0.886429 0.0135544 5 4 2 1
24795 24622 173 7 0.199967 0.18064 0.0193276 7 2 7 2
27281 27044 237 0 0.399948 0.371278 0.0286701 8 1 8 1
28369 28143 226 5 0.199894 0.172228 0.0276657 8 1 8 1
29194 28998 196 2 0.0999001 0.0771532 0.0227469 8 1 8 1
29740 29422 318 9 0.299919 0.263351 0.0365676 8 1 8 1
30304 30250 54 1 0.0999829 0.0914704 0.00851253 5 4 5 4
30385 30056 329 8 0.099983 0.0609596 0.0390235 5 4 5 4
31532 31210 322 6 0.0999997 0.0621192 0.0378805 5 4 5 4
32212 32142 70 4 0.0999094 0.09215 0.00775938 5 4 5 4
33726 33386 340 3 0.0997998 0.0606164 0.0391835 4 5 4 5
34263 33917 346 7 0.299946 0.258176 0.0417701 6 3 6 3
35166 34854 312 0 0.399987 0.364698 0.0352897 6 3 6 3
37708 37655 53 5 0.299867 0.293509 0.00635768 9 0 9 0
38123 37771 352 9 0.399777 0.358443 0.041334 8 1 8 1
39541 39488 53 2 0.199886 0.192849 0.00703728 8 1 8 1
40185 39916 269 1 0.299905 0.269047 0.0308581 8 1 7 1
41081 40913 168 4 0.399917 0.380201 0.0197159 5 4 5 4
41277 40927 350 8 0.199884 0.160938 0.0389458 7 2 6 2
43075 42735 340 0 0.399974 0.355684 0.0442898 7 2 7 2
43345 42860 485 6 0.0998937 0.0412971 0.0585966 9 0 9 0
43352 43158 194 7 0.299928 0.277587 0.0223405 7 2 7 2
44491 44128 363 3 0.19998 0.158241 0.0417391 8 1 8 1
45423 44911 512 9 0.499951 0.440922 0.0590288 4 5 3 5
48168 47831 337 8 0.599952 0.560416 0.0395358 6 3 6 3
48227 48018 209 5 0.0999638 0.0769827 0.0229811 7 2 7 2
48386 48169 217 1 0.399905 0.37477 0.0251355 8 1 8 1
48803 48601 202 4 0.399999 0.372624 0.0273745 8 1 7 1
50652 50376 276 2 0.0998973 0.0681072 0.0317901 5 4 5 4
53483 53273 210 0 0.0999791 0.0726417 0.0273374 7 2 7 2
53850 53488 362 9 0.29999 0.255807 0.0441834 8 1 8 1
54028 53805 223 7 0.0999 0.071663 0.0282371 8 1 8 1
54844 54726 118 6 0.0999853 0.0867206 0.0132648 5 4 5 4
55616 55391 225 3 0.0999484 0.0736917 0.0262568 6 3 6 3
56975 56692 283 1 0.299915 0.264776 0.0351389 6 3 6 3
57790 57498 292 8 0.0998945 0.0665833 0.0333112 6 3 6 3
59001 58717 284 4 0.0999504 0.064433 0.0355174 5 4 5 4
59502 59445 57 5 0.0999848 0.0908099 0.00917492 7 2 7 2
62316 61990 326 2 0.0999903 0.0624013 0.037589 7 2 7 2
62876 62718 158 6 0.499945 0.480258 0.0196867 8 1 7 1
62876 62819 57 7 0.39993 0.391788 0.00814181 4 5 4 5
63255 63136 119 0 0.299999 0.282767 0.0172325 6 3 6 3
63741 63588 153 3 0.499891 0.481435 0.018456 6 3 6 2
64654 64399 255 9 0.0999807 0.0706524 0.0293282 3 6 3 6
65852 65784 68 1 0.299942 0.291249 0.00869263 4 5 4 5
67772 67412 360 8 0.299785 0.25403 0.0457553 8 1 8 1
69231 69114 117 6 0.5 0.486085 0.0139145 7 2 6 2
69341 69014 327 5 0.299948 0.260001 0.0399462 6 3 5 3
69731 69470 261 4 0.199916 0.170407 0.0295091 8 1 8 1
70421 70277 144 0 0.499839 0.479809 0.0200296 6 3 6 2
70540 70393 147 7 0.399941 0.379247 0.0206948 6 3 6 2
73040 72793 247 2 0.199957 0.169181 0.0307761 8 1 8 1
73578 73344 234 3 0.0999645 0.0694153 0.0305493 6 3 6 3
75702 75450 252 1 0.199989 0.171245 0.0287439 8 1 8 1
76000 75775 225 8 0.399806 0.371761 0.0280452 9 0 9 0
76025 75972 53 9 0.0999132 0.0922485 0.00766465 5 4 5 4
77529 77285 244 4 0.499944 0.471905 0.0280391 8 1 6 1
78220 77910 310 6 0.199824 0.163068 0.0367558 9 0 9 0
79420 79218 202 0 0.199928 0.174196 0.0257316 5 4 5 4
79978 79742 236 7 0.199897 0.1692 0.0306972 7 2 7 2
79988 79833 155 5 0.0998997 0.080202 0.0196977 4 5 4 5
81458 81404 54 2 0.399938 0.390465 0.0094734 5 4 5 4
84063 83995 68 3 0.199948 0.192477 0.00747111 7 2 7 2
84177 83885 292 9 0.499927 0.463342 0.0365853 6 3 6 3
84971 84887 84 1 0.299911 0.288394 0.0115172 6 3 5 3
85377 85216 161 8 0.199899 0.179941 0.0199574 7 2 7 2
85712 85567 145 4 0.299995 0.280825 0.0191702 7 2 6 2
88366 88153 213 2 0.499987 0.474394 0.0255928 7 2 7 2
89371 89244 127 6 0.0999852 0.0849197 0.0150654 7 2 7 2
90424 90358 66 0 0.0999578 0.0910903 0.00886751 7 2 7 2
91285 91232 53 5 0.0998589 0.0930173 0.00684163 6 3 6 3
91311 90867 444 7 0.0999792 0.0463545 0.0536247 8 1 7 1
93914 93791 123 9 0.0999967 0.0855119 0.0144848 8 1 8 1
94931 94798 133 3 0.0999024 0.0830203 0.0168821 7 2 7 2
95587 95301 286 1 0.0999929 0.0662919 0.0337011 7 2 7 2
96365 96157 208 4 0.0999719 0.076 0.0239719 7 2 7 2
96395 96111 284 8 0.099941 0.0663258 0.0336152 6 3 6 3
96619 96318 301 2 0.299902 0.26402 0.0358811 5 4 5 4
99960 99779 181 6 0.199983 0.176083 0.0238998 8 1 8 1
100233 99918 315 0 0.299965 0.26297 0.0369946 6 3 6 3
101794 101736 58 7 0.199971 0.191526 0.008445 6 3 6 3
102490 102335 155 5 0.0999294 0.0819836 0.0179458 8 1 8 1
103704 103599 105 1 0.499992 0.486515 0.0134776 6 3 6 3
104484 104303 181 9 0.199963 0.176634 0.0233292 8 1 8 1
104723 104493 230 3 0.3 0.271879 0.0281214 5 4 5 4
105826 105466 360 2 0.299954 0.256286 0.0436685 6 3 6 3
106705 106652 53 0 0.599937 0.591918 0.0080187 5 4 4 3
106927 106777 150 4 0.19993 0.178514 0.0214155 6 3 6 3
107809 107486 323 6 0.499965 0.463249 0.0367159 5 4 5 4
108018 107689 329 8 0.099945 0.0608008 0.0391442 6 3 6 3
109521 109299 222 7 0.499894 0.473435 0.0264591 7 2 7 2
111946 111679 267 1 0.299904 0.267328 0.0325766 6 3 6 3
113835 113583 252 9 0.299978 0.267209 0.0327685 9 0 9 0
113886 113691 195 5 0.099989 0.0776489 0.0223401 7 2 7 2
114456 114135 321 0 0.299942 0.262198 0.0377443 8 1 8 1
114572 114376 196 3 0.199976 0.176259 0.0237172 7 2 7 2
116036 115915 121 6 0.299949 0.286648 0.0133011 6 3 6 3
116466 116372 94 2 0.0998957 0.0869602 0.0129355 5 4 5 4
117299 116958 341 4 0.199962 0.158978 0.0409842 6 3 6 3
117892 117739 153 8 0.299952 0.280556 0.0193957 4 5 4 5
117979 117571 408 7 0.299938 0.249731 0.0502072 7 2 7 2
120200 119956 244 1 0.399915 0.372079 0.0278358 4 5 4 5
121238 121055 183 9 0.499987 0.47972 0.0202671 5 4 5 4
122864 122474 390 0 0.399991 0.347469 0.0525221 8 1 8 1
123853 123682 171 3 0.299891 0.278441 0.0214498 6 3 6 3
125191 125123 68 5 0.0999655 0.090589 0.0093765 8 1 8 1
125761 125601 160 6 0.19999 0.17735 0.0226403 7 2 7 2
127072 126917 155 7 0.299952 0.282019 0.0179328 7 2 7 2
127105 126868 237 2 0.199927 0.171589 0.0283382 8 1 8 1
127640 127360 280 4 0.199931 0.165267 0.0346638 8 1 8 1
128464 128288 176 8 0.0999234 0.0776376 0.0222858 7 2 7 2
129974 129783 191 0 0.499892 0.474851 0.0250408 5 4 4 4
130499 130259 240 1 0.0998089 0.0700989 0.02971 5 4 5 4
130996 130781 215 9 0.0999861 0.0735544 0.0264317 6 3 6 3
131953 131883 70 3 0.399944 0.391006 0.00893786 7 2 6 2
135576 135522 54 2 0.399997 0.392148 0.00784894 8 1 8 1
135938 135612 326 5 0.199993 0.160058 0.0399341 9 0 9 0
136191 136001 190 4 0.399951 0.375449 0.0245017 7 2 7 2
136744 136543 201 6 0.099999 0.0740847 0.0259143 7 2 7 2
136804 136669 135 7 0.199899 0.182986 0.0169137 8 1 8 1
138474 138115 359 8 0.299998 0.257329 0.0426694 7 2 6 2
139758 139603 155 0 0.0999674 0.0807191 0.0192483 6 3 6 3
140169 139841 328 9 0.399987 0.362584 0.0374032 5 4 5 4
141329 141099 230 3 0.199932 0.172282 0.0276503 5 4 5 4
141940 141829 111 1 0.099823 0.083826 0.015997 7 2 7 2
145836 145539 297 2 0.0999026 0.06414 0.0357626 8 1 8 1
146505 146213 292 4 0.0999081 0.0626064 0.0373017 6 3 6 3
146785 146445 340 8 0.399961 0.358165 0.0417953 7 2 7 2
146798 146627 171 7 0.199948 0.18046 0.0194883 7 2 7 2
146877 146703 174 5 0.0999734 0.0789196 0.0210538 8 1 8 1
148261 148021 240 6 0.0999493 0.0706362 0.0293131 7 2 7 2
150281 150112 169 9 0.0999438 0.0774828 0.022461 5 4 5 4
151107 150999 108 0 0.0999336 0.0867255 0.013208 8 1 8 1
151473 151287 186 3 0.199937 0.178631 0.0213058 7 2 6 2
151817 151491 326 1 0.299798 0.262747 0.0370511 6 3 6 3
154503 154450 53 8 0.399912 0.392243 0.0076698 6 3 6 3
154870 154673 197 2 0.399957 0.376128 0.0238287 4 5 4 5
155890 155597 293 5 0.399931 0.365554 0.0343776 8 1 8 1
156393 156162 231 4 0.299905 0.273002 0.0269035 6 3 6 3
156822 156763 59 7 0.199937 0.192262 0.00767516 7 2 7 2
158221 157902 319 6 0.299899 0.260973 0.0389266 7 2 7 2
158284 158126 158 3 0.599924 0.580312 0.0196118 5 4 3 4
158421 158255 166 9 0.499902 0.477686 0.0222153 4 5 4 5
160717 160621 96 0 0.299985 0.287531 0.0124538 5 4 5 4
162093 162034 59 8 0.399825 0.392053 0.00777179 7 2 7 2
162394 162194 200 1 0.0999489 0.075628 0.0243209 7 2 7 2
164657 164403 254 4 0.399899 0.367737 0.0321621 7 2 7 2
164960 164886 74 2 0.0999999 0.0905888 0.00941113 9 0 9 0
165417 165089 328 5 0.19994 0.159655 0.0402851 7 2 7 2
167251 167102 149 6 0.299986 0.2824 0.0175853 6 3 6 3
167311 167131 180 9 0.199906 0.179352 0.0205535 6 3 6 3
167711 167459 252 3 0.0998836 0.0691972 0.0306864 8 1 8 1
167827 167565 262 7 0.0999949 0.0694844 0.0305104 4 5 4 5
169526 169467 59 0 0.299892 0.291861 0.00803025 6 3 6 3
170567 170369 198 1 0.499891 0.476731 0.0231606 4 5 4 4
170597 170336 261 8 0.299967 0.270488 0.029479 5 4 5 4
174979 174709 270 4 0.0999643 0.0690641 0.0309002 8 1 8 1
175315 175021 294 6 0.399774 0.364594 0.0351799 7 2 7 2
175492 175236 256 2 0.199948 0.170361 0.0295868 7 2 7 2
176309 176072 237 5 0.0999889 0.0685386 0.0314503 7 2 7 2
176666 176613 53 7 0.399809 0.392377 0.00743236 6 3 6 3
178146 178093 53 3 0.199867 0.191934 0.00793313 5 4 5 4
178166 177997 169 9 0.0998905 0.0787123 0.0211781 4 5 3 5
179721 179441 280 1 0.199947 0.166311 0.0336354 5 4 5 4
179987 179828 159 0 0.0999426 0.0798222 0.0201205 6 3 6 3
180374 180263 111 8 0.199974 0.184729 0.0152444 3 6 3 6
183928 183722 206 4 0.399996 0.377345 0.0226511 8 1 7 1
184035 183752 283 6 0.299941 0.268384 0.0315575 6 3 6 3
184131 183839 292 2 0.399936 0.366054 0.0338825 9 0 7 0
184330 184102 228 7 0.39999 0.373154 0.0268357 6 3 6 3
187005 186643 362 5 0.199952 0.15637 0.0435813 5 4 5 4
187171 186968 203 9 0.399984 0.373827 0.0261572 4 5 4 5
187311 187113 198 3 0.299909 0.27779 0.0221191 5 4 5 4
189098 188930 168 1 0.299776 0.278303 0.0214729 9 0 9 0
189798 189618 180 0 0.299913 0.276222 0.0236912 6 3 6 3
190673 190422 251 8 0.199908 0.171093 0.0288149 7 2 7 2
191718 191506 212 4 0.399893 0.374453 0.0254403 6 3 6 3
192268 191943 325 7 0.399942 0.360689 0.0392528 7 2 7 2
192714 192543 171 2 0.299906 0.279365 0.0205411 5 4 5 4
194757 194471 286 6 0.0999978 0.0668564 0.0331413 7 2 7 2
195672 195521 151 9 0.299936 0.28093 0.0190062 8 1 8 1
195778 195509 269 5 0.399903 0.358892 0.0410106 4 5 4 5
197085 197032 53 1 0.399821 0.390983 0.00883828 8 1 7 1
197861 197738 123 0 0.39991 0.384644 0.0152659 8 1 7 1
198091 197718 373 3 0.0999885 0.0543887 0.0455999 7 2 7 2
199432 199109 323 8 0.399908 0.363346 0.036562 5 4 4 4
201052 200764 288 4 0.199972 0.16571 0.0342619 6 3 6 3
201765 201598 167 7 0.199976 0.180514 0.019462 6 3 6 3
203185 203038 147 2 0.0999446 0.0822329 0.0177117 8 1 8 1
203554 203242 312 5 0.399917 0.363807 0.0361098 8 1 8 1
203888 203640 248 6 0.399968 0.369205 0.0307628 7 2 7 2
205456 205286 170 9 0.199914 0.176931 0.0229834 7 2 7 2
206312 206189 123 1 0.199902 0.183817 0.016086 6 3 6 3
208038 207921 117 8 0.299975 0.284614 0.015361 5 4 5 4
208089 207898 191 0 0.0999525 0.0760436 0.0239089 7 2 7 2
208827 208623 204 3 0.199948 0.175347 0.0246007 7 2 7 2
212342 212059 283 4 0.0999782 0.0673563 0.0326219 7 2 7 2
212719 212589 130 7 0.0999075 0.0837739 0.0161336 9 0 9 0
212998 212703 295 5 0.199999 0.160938 0.0390605 9 0 9 0
213989 213877 112 6 0.099963 0.0821104 0.0178526 7 2 7 2
214443 214388 55 2 0.0999011 0.0913867 0.00851439 6 3 6 3
216483 216302 181 9 0.0999066 0.0769288 0.0229778 5 4 5 4
216715 216402 313 1 0.199998 0.158898 0.0410993 6 3 6 3
217439 217250 189 3 0.399925 0.376472 0.0234529 5 4 4 4
217794 217447 347 8 0.199989 0.157313 0.0426756 6 3 6 3
219533 219299 234 0 0.0999762 0.0737585 0.0262177 6 3 6 3
222476 222307 169 5 0.29996 0.278916 0.0210436 9 0 8 0
222811 222686 125 6 0.39993 0.38242 0.0175102 9 0 9 0
223592 223469 123 4 0.0999122 0.0847174 0.0151948 8 1 8 1
224211 223874 337 7 0.0999948 0.0610044 0.0389904 6 3 6 3
224473 224148 325 3 0.4999 0.462937 0.036963 7 2 7 2
225830 225637 193 2 0.0999525 0.0785564 0.021396 7 2 7 2
226268 226162 106 8 0.399902 0.388251 0.0116511 6 3 6 3
227623 227367 256 1 0.0998952 0.0676658 0.0322294 6 3 6 3
227749 227643 106 9 0.0998929 0.0854563 0.0144366 5 4 5 4
229408 229191 217 0 0.299967 0.274111 0.0258569 6 3 6 3
230457 230391 66 5 0.399928 0.390452 0.00947596 5 4 5 4
231478 231129 349 6 0.299893 0.257326 0.0425662 5 4 5 4
234477 234180 297 3 0.0999399 0.0628257 0.0371142 7 2 7 2
234606 234492 114 8 0.299927 0.284521 0.0154065 6 3 6 3
234836 234780 56 4 0.0999664 0.0934483 0.00651812 7 2 7 2
234844 234587 257 2 0.399903 0.367695 0.0322088 8 1 8 1
235821 235494 327 7 0.0999848 0.0633499 0.0366349 6 3 6 3
236457 236402 55 9 0.399928 0.391692 0.00823605 7 2 7 2
238202 237974 228 5 0.399911 0.373773 0.0261378 6 3 6 3
238350 238133 217 1 0.199935 0.172165 0.0277699 3 6 3 6
239943 239855 88 0 0.0999465 0.0863399 0.0136066 6 3 6 3
240481 240266 215 6 0.299986 0.273017 0.0269687 7 2 7 2
244221 243996 225 8 0.199925 0.172952 0.0269727 9 0 8 0
245066 244989 77 2 0.0999278 0.0912658 0.00866195 8 1 8 1
245141 244829 312 9 0.299939 0.262446 0.0374928 7 2 7 2
245840 245709 131 3 0.0999589 0.084789 0.0151699 9 0 9 0
246109 246055 54 4 0.0999623 0.0926877 0.00727458 6 3 6 3
247399 247068 331 7 0.0998901 0.0599836 0.0399066 5 4 5 4
248436 248368 68 1 0.199459 0.189336 0.0101229 4 5 4 5
248487 248331 156 5 0.099899 0.0802902 0.0196088 7 2 7 2
249530 249223 307 6 0.299962 0.264276 0.0356858 5 4 5 4
249816 249463 353 0 0.299958 0.257657 0.0423011 5 4 4 3
252571 252336 235 4 0.699944 0.671401 0.028543 7 2 5 2
253593 253403 190 8 0.299922 0.276183 0.0237389 8 1 8 1
254675 254600 75 2 0.299966 0.28823 0.0117357 9 0 9 0
255678 255361 317 3 0.299936 0.26334 0.0365965 6 3 6 3
255781 255630 151 9 0.0999059 0.0815719 0.018334 6 3 6 3
258167 257963 204 7 0.199941 0.17751 0.0224311 6 3 6 3
259391 259168 223 1 0.0999326 0.0746344 0.0252982 7 2 7 2
259720 259649 71 5 0.099926 0.0921249 0.00780111 9 0 9 0
260309 260255 54 0 0.0999773 0.091847 0.00813039 7 2 7 2
260318 260028 290 6 0.0999044 0.0631805 0.036724 8 1 8 1
261694 261341 353 4 0.0999881 0.0578114 0.0421768 6 3 6 3
263339 263225 114 8 0.199993 0.186122 0.013871 5 4 5 4
265162 264857 305 2 0.099983 0.0642696 0.0357134 9 0 8 0
266260 266007 253 3 0.0999016 0.0678368 0.0320648 8 1 8 1
267087 266930 157 9 0.0999352 0.0802074 0.0197278 7 2 7 2
268363 268270 93 7 0.199926 0.188153 0.0117725 6 3 6 2
270181 270075 106 5 0.199975 0.186536 0.013439 6 3 6 3
270637 270578 59 1 0.0999501 0.0922096 0.00774048 7 2 7 2
271731 271480 251 0 0.0999332 0.0695208 0.0304125 7 2 7 2
271909 271625 284 6 0.0999088 0.0663574 0.0335514 8 1 8 1
272320 272088 232 4 0.199935 0.169762 0.0301729 6 3 6 3
272476 272417 59 8 0.299959 0.29092 0.009039 5 4 5 4
276043 275718 325 2 0.199935 0.161493 0.0384419 7 2 6 2
276715 276655 60 9 0.299979 0.293388 0.00659111 9 0 9 0
276818 276680 138 7 0.39997 0.382468 0.017502 4 5 4 5
277553 277495 58 3 0.0999598 0.0935887 0.00637111 5 4 5 4
278804 278550 254 1 0.499998 0.470831 0.0291672 6 3 5 3
279226 279136 90 6 0.599885 0.587352 0.0125336 6 3 5 3
279849 279600 249 8 0.5 0.468683 0.0313165 7 2 7 2
280480 280186 294 5 0.199981 0.165164 0.0348173 8 1 8 1
281658 281359 299 0 0.299911 0.266406 0.033505 7 2 7 2
283408 283153 255 4 0.099998 0.0668995 0.0330985 8 1 8 1
285490 285396 94 9 0.299973 0.288326 0.0116476 5 4 5 4
286153 286096 57 2 0.199925 0.191867 0.00805797 7 2 7 2
286823 286742 81 7 0.0999228 0.0896491 0.0102737 7 2 7 2
287581 287505 76 6 0.199999 0.189164 0.0108347 8 1 7 1
287896 287841 55 8 0.299945 0.292646 0.00729924 6 3 6 3
288823 288510 313 1 0.0998712 0.0623683 0.0375028 5 4 5 4
289042 288755 287 3 0.0999591 0.0668691 0.03309 8 1 8 1
291550 291476 74 5 0.0998058 0.0867846 0.0130212 6 3 6 3
291692 291356 336 0 0.199823 0.159978 0.0398449 5 4 4 4
291736 291485 251 4 0.499943 0.468816 0.0311275 5 4 5 4
293467 293350 117 9 0.39991 0.382127 0.0177828 9 0 9 0
295649 295416 233 7 0.399938 0.371416 0.0285215 7 2 6 2
297256 296921 335 2 0.0999011 0.0590766 0.0408245 8 1 8 1
297867 297544 323 6 0.199951 0.160584 0.0393672 8 1 8 1
298536 298246 290 8 0.0999993 0.0638807 0.0361185 7 2 7 2
299399 299281 118 1 0.199985 0.184479 0.0155063 7 2 7 2
