910 762 148 1 0.899909 0.881528 0.0183815 4 0 4 0
1005 769 236 7 0.9 0.872337 0.0276631 5 0 5 0
1649 1507 142 2 0.799952 0.782035 0.0179168 6 2 6 2
1713 1559 154 8 0.79993 0.780633 0.0192961 7 0 7 0
1751 1595 156 3 0.799903 0.781326 0.0185773 5 2 5 2
1829 1562 267 6 0.799899 0.764383 0.0355163 4 3 4 3
2343 2233 110 1 0.899913 0.884759 0.0151541 3 3 1 3
2728 2406 322 0 0.699996 0.659546 0.0404508 4 2 4 2
3525 3363 162 2 0.899911 0.878883 0.0210278 8 1 6 1
4201 4144 57 4 0.49989 0.493286 0.00660452 8 1 8 1
4220 4167 53 9 0.499938 0.492196 0.00774248 8 1 8 1
6475 6418 57 7 0.399895 0.392346 0.00754872 9 0 9 0
6768 6513 255 5 0.199999 0.171269 0.0287294 8 1 8 1
8311 8237 74 0 0.499977 0.49135 0.0086274 6 3 6 3
8331 8102 229 2 0.499906 0.469646 0.0302607 8 1 7 1
8622 8292 330 3 0.299948 0.261994 0.0379544 9 0 9 0
8836 8562 274 1 0.299978 0.266823 0.0331555 8 1 8 1
9670 9458 212 6 0.199928 0.174739 0.0251882 7 2 7 2
10136 10082 54 8 0.0998149 0.0919561 0.00785882 6 3 6 3
10458 10403 55 4 0.499943 0.491998 0.00794534 4 5 3 5
13586 13014 572 9 0.199971 0.13338 0.0665913 6 3 6 3
13966 13846 120 7 0.399984 0.385229 0.0147547 8 1 6 1
15384 15268 116 0 0.39991 0.38563 0.0142797 6 3 6 3
16162 15794 368 3 0.499938 0.457254 0.0426841 8 1 8 1
16582 16272 310 2 0.299811 0.263031 0.0367802 7 2 7 2
16942 16767 175 5 0.199949 0.179231 0.0207181 7 2 7 2
18307 18066 241 6 0.399965 0.370485 0.0294804 5 4 5 4
18605 18243 362 4 0.299928 0.253845 0.0460823 5 4 5 4
19314 19261 53 1 0.0999136 0.0923535 0.00756007 6 3 6 3
20570 20426 144 8 0.199988 0.179412 0.0205758 7 2 7 2
21096 20700 396 7 0.499987 0.435147 0.0648395 3 6 3 6
23245 22909 336 9 0.299897 0.262275 0.0376219 5 4 5 4
23984 23721 263 0 0.299933 0.267755 0.0321784 7 2 7 2
24279 24173 106 3 0.299966 0.288155 0.0118103 7 2 7 2
25819 25485 334 2 0.299906 0.262428 0.0374781 7 2 7 2
27928 27755 173 5 0.0998972 0.0773148 0.0225824 9 0 9 0
28610 28284 326 4 0.199898 0.162257 0.0376405 8 1 8 1
28680 28357 323 6 0.0999512 0.0631046 0.0368466 6 3 6 3
30543 30343 200 1 0.0999306 0.0745507 0.0253799 7 2 7 2
30637 30577 60 8 0.199978 0.192353 0.00762427 7 2 7 2
30954 30882 72 7 0.0999124 0.0904445 0.00946793 7 2 7 2
32304 31948 356 0 0.39997 0.35604 0.0439303 6 3 6 3
33019 32966 53 9 0.199859 0.193172 0.00668646 7 2 6 2
34684 34561 123 3 0.099909 0.0845761 0.0153329 8 1 8 1
35415 35298 117 2 0.199945 0.185562 0.0143832 6 3 6 3
35943 35830 113 6 0.599937 0.585678 0.0142596 5 4 5 4
36257 35890 367 5 0.499903 0.455725 0.0441782 7 2 6 2
37349 37004 345 4 0.399928 0.358384 0.0415449 6 3 6 3
38954 38781 173 7 0.499895 0.479789 0.020106 6 3 6 3
39817 39681 136 9 0.599962 0.583458 0.0165039 8 1 7 1
40012 39753 259 8 0.299985 0.268979 0.0310057 7 2 7 2
41118 40838 280 0 0.299891 0.264133 0.0357574 7 2 7 2
41139 41003 136 1 0.199996 0.184395 0.0156005 7 2 7 2
41204 40914 290 6 0.599994 0.565739 0.0342545 7 2 7 2
42153 41839 314 5 0.599891 0.563921 0.03597 7 2 6 2
43489 43329 160 3 0.399903 0.381867 0.0180359 5 4 5 4
44286 44181 105 4 0.499935 0.487914 0.0120211 8 1 8 1
44853 44560 293 2 0.299966 0.265679 0.034287 6 3 6 3
47182 46904 278 7 0.299779 0.26479 0.0349884 9 0 9 0
47369 47002 367 8 0.499957 0.454557 0.0454002 8 1 7 1
48829 48776 53 6 0.299871 0.291835 0.00803549 6 3 6 3
48889 48518 371 1 0.499805 0.458325 0.0414799 9 0 9 0
49113 48912 201 9 0.0999055 0.0742507 0.0256549 7 2 7 2
49343 49063 280 0 0.399986 0.364934 0.0350527 7 2 7 2
49364 48971 393 5 0.399902 0.351531 0.0483709 7 2 7 2
50824 50540 284 4 0.499827 0.467394 0.0324322 4 5 4 5
51908 51821 87 3 0.299817 0.287445 0.012372 4 5 4 5
52862 52801 61 2 0.399907 0.391523 0.00838332 7 2 7 2
54543 54473 70 1 0.599967 0.591336 0.00863067 7 2 7 2
54804 54604 200 8 0.399925 0.375488 0.0244371 9 0 9 0
56229 55899 330 7 0.299868 0.262027 0.037841 9 0 9 0
58994 58624 370 0 0.1999 0.15524 0.04466 7 2 7 2
59043 58809 234 9 0.299984 0.27057 0.0294138 8 1 8 1
59256 59084 172 6 0.0999867 0.0770656 0.0229211 7 2 7 2
59386 59291 95 5 0.099837 0.0865579 0.0132791 6 3 6 3
60760 60389 371 4 0.0997736 0.0533603 0.0464133 7 2 7 2
61443 61390 53 3 0.19988 0.192276 0.00760447 8 1 8 1
62099 61853 246 2 0.199891 0.171504 0.0283869 5 4 5 4
63241 63188 53 8 0.299916 0.29225 0.00766565 3 6 3 6
63310 62930 380 1 0.19991 0.152994 0.0469162 4 5 4 5
64597 64307 290 7 0.399943 0.361864 0.0380791 5 4 5 4
67419 67176 243 6 0.49995 0.472427 0.0275225 6 3 6 3
68037 67886 151 9 0.299974 0.282659 0.0173151 8 1 8 1
69728 69671 57 5 0.199969 0.193708 0.00626111 8 1 8 1
69950 69646 304 2 0.5 0.462169 0.0378305 7 2 7 2
70215 69909 306 0 0.0999552 0.0631895 0.0367657 7 2 7 2
71373 71200 173 4 0.199913 0.180087 0.0198251 7 2 7 2
71515 71385 130 3 0.199978 0.182052 0.0179262 8 1 8 1
73570 73418 152 8 0.0999685 0.0820186 0.0179499 6 3 6 3
74469 74248 221 1 0.0999034 0.0725731 0.0273303 6 3 6 3
74953 74759 194 7 0.0999149 0.0763469 0.023568 7 2 7 2
75509 75383 126 6 0.299979 0.285863 0.0141158 7 2 6 2
76562 76403 159 2 0.499956 0.482475 0.0174811 5 4 5 4
78330 78060 270 5 0.399912 0.367666 0.0322458 7 2 7 2
78641 78454 187 9 0.0999895 0.0755599 0.0244296 5 4 5 4
79178 78939 239 0 0.399866 0.371871 0.0279955 6 3 5 3
79956 79638 318 4 0.399945 0.361674 0.0382711 4 5 4 5
82109 81729 380 6 0.599955 0.553736 0.0462187 6 3 5 3
82729 82407 322 3 0.0998106 0.0596022 0.0402084 6 3 6 3
84767 84508 259 7 0.299907 0.266781 0.0331261 8 1 8 1
85036 84828 208 8 0.0999577 0.0768638 0.0230939 7 2 7 2
86002 85726 276 1 0.0999811 0.0674548 0.0325262 8 1 8 1
86534 86159 375 2 0.0999353 0.0545033 0.045432 7 2 7 2
87683 87347 336 9 0.399951 0.357538 0.042413 7 2 7 2
88529 88365 164 0 0.199952 0.181197 0.0187551 6 3 6 3
88684 88335 349 5 0.0999146 0.0574702 0.0424443 4 5 4 5
88732 88424 308 4 0.299986 0.265345 0.0346414 4 5 4 5
89932 89813 119 6 0.299915 0.284719 0.0151958 6 3 6 3
92652 92407 245 3 0.299987 0.271097 0.0288902 7 2 7 2
92902 92801 101 7 0.399983 0.386741 0.0132424 7 2 7 2
93294 93159 135 1 0.599902 0.584565 0.0153374 8 1 6 1
94845 94498 347 2 0.499955 0.457531 0.0424243 8 1 8 1
95657 95448 209 8 0.199919 0.173677 0.0262426 7 2 7 2
96806 96683 123 4 0.399987 0.384717 0.0152707 9 0 8 0
96949 96616 333 5 0.499902 0.458723 0.0411783 7 2 7 2
98017 97669 348 0 0.299891 0.259491 0.0404007 5 4 5 4
98176 97852 324 9 0.0999151 0.0622754 0.0376396 6 3 5 3
99064 98731 333 6 0.299897 0.259069 0.0408279 6 3 6 3
100215 99894 321 1 0.399988 0.363592 0.0363954 7 2 7 2
100580 100297 283 7 0.399908 0.365452 0.0344558 7 2 6 2
100744 100631 113 3 0.399967 0.385866 0.0141014 5 4 4 4
104137 104004 133 8 0.399959 0.384986 0.0149727 9 0 9 0
104714 104476 238 2 0.0999587 0.0697345 0.0302243 8 1 8 1
106849 106569 280 5 0.0999427 0.0662691 0.0336736 9 0 9 0
106900 106679 221 4 0.0999707 0.0714033 0.0285674 7 2 7 2
107897 107576 321 0 0.199977 0.163394 0.0365822 8 1 8 1
108441 108127 314 3 0.399913 0.3629 0.037013 8 1 8 1
109501 109439 62 6 0.0999777 0.0928887 0.00708903 8 1 8 1
109609 109395 214 9 0.0999155 0.074616 0.0252995 8 1 8 1
110496 110222 274 1 0.0998906 0.0686542 0.0312364 5 4 5 4
110637 110555 82 7 0.0999688 0.0870592 0.0129096 3 6 3 6
112636 112451 185 8 0.299961 0.278537 0.0214239 6 3 4 3
113290 113223 67 5 0.69993 0.691248 0.00868203 8 1 4 1
113869 113617 252 3 0.699969 0.669934 0.030035 6 3 4 3
114821 114692 129 0 0.599906 0.584527 0.0153794 7 2 6 2
115445 115293 152 2 0.199913 0.180578 0.0193353 6 3 6 3
115971 115659 312 4 0.399924 0.364002 0.0359222 6 3 6 3
116845 116514 331 6 0.599908 0.558887 0.0410205 8 1 6 1
119465 119199 266 9 0.299969 0.268424 0.0315455 6 3 6 2
119589 119527 62 5 0.399914 0.393071 0.00684291 8 1 8 1
120049 119799 250 8 0.499911 0.469803 0.0301074 9 0 7 0
121174 120950 224 7 0.199963 0.172339 0.0276246 9 0 9 0
121903 121782 121 1 0.0999079 0.0860199 0.013888 8 1 8 1
122966 122673 293 3 0.099993 0.0631228 0.0368702 9 0 9 0
123813 123520 293 4 0.399984 0.361151 0.0388326 6 3 6 3
124142 123925 217 0 0.099898 0.0748779 0.02502 6 3 6 3
125677 125350 327 2 0.199943 0.159853 0.0400896 4 5 4 5
126363 126142 221 6 0.0998915 0.0742472 0.0256443 6 3 6 3
126536 126451 85 8 0.49998 0.487476 0.0125038 5 4 5 4
128680 128625 55 7 0.499856 0.492133 0.00772293 6 3 5 3
129205 128949 256 1 0.59997 0.569751 0.0302192 8 1 6 1
129428 129079 349 9 0.199925 0.157621 0.0423034 6 3 6 3
129607 129511 96 5 0.0999022 0.087865 0.0120373 5 4 5 4
130919 130603 316 4 0.499965 0.462467 0.0374976 8 1 7 1
131063 130950 113 3 0.499972 0.484502 0.0154698 4 5 4 5
133248 132943 305 0 0.399939 0.363752 0.0361872 6 3 6 3
134363 134305 58 1 0.599987 0.591677 0.0083096 6 3 6 3
134773 134456 317 8 0.299972 0.263238 0.036734 7 2 7 2
135155 134917 238 2 0.299999 0.268479 0.0315199 8 1 8 1
135484 135129 355 6 0.39992 0.358187 0.0417328 7 2 6 2
137493 137188 305 7 0.199914 0.164924 0.0349896 7 2 7 2
138415 138098 317 4 0.399784 0.358344 0.0414403 5 4 5 4
139171 138997 174 3 0.299997 0.279389 0.0206086 7 2 7 2
139897 139530 367 9 0.199935 0.15444 0.0454952 6 3 6 3
140203 140004 199 5 0.199911 0.17318 0.0267309 6 3 6 3
140944 140884 60 1 0.399922 0.390388 0.00953425 4 5 4 5
143600 143245 355 0 0.0998907 0.0551217 0.044769 6 3 6 3
143890 143486 404 8 0.299954 0.247718 0.0522358 7 2 7 2
144137 143922 215 6 0.299977 0.272962 0.0270152 7 2 7 2
144741 144603 138 2 0.199989 0.183915 0.0160741 5 4 5 4
146136 145940 196 4 0.399914 0.375788 0.0241264 5 4 5 4
147074 146808 266 7 0.299951 0.268328 0.0316234 6 3 5 3
147856 147713 143 5 0.499891 0.480894 0.0189972 5 4 5 4
148527 148412 115 1 0.399935 0.386446 0.0134892 6 3 6 3
148872 148797 75 3 0.199941 0.188228 0.0117125 8 1 8 1
149513 149218 295 9 0.299995 0.265343 0.0346521 6 3 6 2
149578 149521 57 8 0.699968 0.693706 0.00626111 3 6 3 5
150701 150564 137 2 0.699907 0.683902 0.0160045 8 1 6 0
152333 152167 166 6 0.399921 0.379092 0.0208299 8 1 7 1
152677 152528 149 0 0.399923 0.381184 0.0187384 8 1 8 1
153724 153413 311 7 0.599903 0.562741 0.0371619 7 2 6 2
154372 154099 273 5 0.499966 0.467449 0.0325173 6 3 6 3
155415 155310 105 4 0.199959 0.186963 0.0129965 6 3 6 3
156056 156000 56 1 0.399938 0.391259 0.00867893 7 2 7 2
158017 157703 314 2 0.29996 0.261807 0.0381533 9 0 9 0
158457 158327 130 8 0.0999012 0.0822177 0.0176835 7 2 7 2
159066 158885 181 3 0.199905 0.177379 0.0225257 6 3 6 3
159334 159113 221 9 0.19993 0.17454 0.0253909 8 1 8 1
160043 159726 317 6 0.3998 0.360528 0.0392725 7 2 7 2
161516 161393 123 7 0.299901 0.284542 0.0153588 5 4 5 4
161945 161791 154 0 0.19997 0.181192 0.0187785 7 2 7 2
164183 164047 136 5 0.0999877 0.08422 0.0157677 9 0 9 0
164610 164431 179 4 0.299962 0.276565 0.0233967 8 1 8 1
166207 165871 336 1 0.0999334 0.0611877 0.0387457 8 1 8 1
166341 166172 169 8 0.499897 0.478574 0.0213233 9 0 9 0
168039 167757 282 2 0.199983 0.166982 0.0330004 6 3 6 3
168846 168475 371 9 0.299883 0.256289 0.0435938 5 4 5 4
169264 169008 256 3 0.19993 0.169441 0.0304891 7 2 7 2
169432 169379 53 0 0.499946 0.492451 0.0074946 4 5 4 5
169577 169240 337 6 0.199987 0.162766 0.0372207 6 3 6 3
170577 170258 319 7 0.299988 0.260936 0.0390521 7 2 7 2
172097 171783 314 4 0.499977 0.460221 0.0397559 4 5 4 5
173087 172986 101 5 0.399942 0.38614 0.0138023 7 2 7 2
173684 173470 214 8 0.399905 0.373519 0.0263854 6 3 5 3
173687 173411 276 1 0.599909 0.566039 0.0338706 7 2 5 2
176870 176477 393 2 0.399994 0.351475 0.0485188 8 1 8 1
177244 176911 333 9 0.399911 0.360714 0.0391974 9 0 9 0
179122 178803 319 6 0.299894 0.260965 0.038929 7 2 7 2
179236 179001 235 0 0.099943 0.0711026 0.0288404 8 1 8 1
179650 179409 241 7 0.299969 0.271695 0.0282741 8 1 8 1
180419 180175 244 3 0.0999731 0.0703791 0.0295941 7 2 7 2
180453 180118 335 4 0.299965 0.25768 0.0422851 6 3 6 3
181244 181119 125 1 0.299935 0.2846 0.0153348 6 3 5 3
183305 182958 347 8 0.19999 0.158315 0.0416746 6 3 6 3
183430 183070 360 5 0.0999089 0.0573304 0.0425785 5 4 4 4
184788 184636 152 9 0.39997 0.380775 0.0191953 6 3 6 3
185643 185432 211 2 0.299903 0.274769 0.0251342 5 4 5 4
187641 187508 133 3 0.599994 0.583355 0.016639 7 2 7 2
189565 189266 299 4 0.299982 0.265111 0.0348708 8 1 8 1
189884 189671 213 6 0.0999039 0.0742332 0.0256707 9 0 9 0
190057 190004 53 7 0.099818 0.0929684 0.0068496 6 3 6 3
190060 189701 359 0 0.199796 0.156387 0.0434093 8 1 8 1
190213 189980 233 1 0.29991 0.273259 0.0266506 9 0 9 0
192423 192258 165 9 0.399945 0.379279 0.0206661 5 4 5 4
194018 193945 73 5 0.199985 0.189491 0.0104941 5 4 5 4
194270 194206 64 8 0.0999779 0.0929468 0.00703111 7 2 7 2
194609 194503 106 2 0.299924 0.286217 0.0137071 6 3 6 3
195379 195203 176 3 0.299953 0.279469 0.0204839 7 2 7 2
197997 197727 270 0 0.499903 0.466814 0.0330883 5 4 4 4
198137 197885 252 6 0.499997 0.468891 0.0311051 9 0 7 0
198694 198441 253 4 0.299972 0.269612 0.0303598 5 4 5 4
199059 199005 54 1 0.299904 0.292565 0.00733952 7 2 7 2
199137 198794 343 7 0.399903 0.358497 0.0414057 7 2 7 2
199176 199093 83 9 0.499996 0.489503 0.0104928 7 2 6 2
202612 202474 138 2 0.399899 0.383056 0.0168433 9 0 9 0
202827 202505 322 3 0.499954 0.463894 0.036061 7 2 7 2
203084 202974 110 8 0.399983 0.384715 0.0152681 5 4 5 3
203338 203130 208 5 0.299997 0.27445 0.0255467 8 1 8 1
204567 204354 213 0 0.499935 0.475873 0.0240623 7 2 7 2
204604 204551 53 9 0.599928 0.592008 0.00792019 5 4 5 4
206888 206832 56 7 0.399904 0.392594 0.0073105 7 2 6 2
207778 207437 341 4 0.299985 0.260101 0.039884 6 3 6 3
208081 207800 281 6 0.0999948 0.0679434 0.0320515 9 0 9 0
209447 209346 101 1 0.0999822 0.0865206 0.0134616 7 2 7 2
211581 211377 204 8 0.299921 0.273773 0.0261483 8 1 8 1
211948 211665 283 0 0.399997 0.368876 0.0311211 6 3 6 3
212349 212089 260 5 0.299948 0.268994 0.0309532 9 0 9 0
212430 212319 111 3 0.0998931 0.0843888 0.0155043 7 2 7 2
212710 212606 104 2 0.0999347 0.0869569 0.0129779 6 3 6 3
214021 213801 220 9 0.099901 0.0714287 0.0284723 5 4 5 4
216703 216495 208 1 0.599959 0.57613 0.0238291 6 3 6 2
216990 216816 174 7 0.0999439 0.0784199 0.021524 8 1 8 1
217520 217420 100 4 0.199967 0.187159 0.0128081 7 2 7 2
219619 219394 225 6 0.0999381 0.0740382 0.0258999 7 2 7 2
220805 220445 360 8 0.299983 0.252535 0.0474487 7 2 7 2
221388 221110 278 3 0.399916 0.365983 0.0339332 8 1 8 1
222061 221952 109 0 0.0999767 0.0867444 0.0132323 7 2 7 2
222147 221826 321 5 0.199904 0.159219 0.0406847 7 2 7 2
223757 223651 106 9 0.299999 0.286285 0.0137147 6 3 6 3
224192 224004 188 2 0.0999721 0.075189 0.0247831 7 2 6 2
226076 225934 142 1 0.0999995 0.0839098 0.0160896 6 3 6 3
227010 226629 381 7 0.299836 0.256026 0.0438101 6 3 5 3
227842 227485 357 4 0.199923 0.153854 0.0460688 8 1 8 1
229596 229307 289 6 0.299928 0.263699 0.0362289 8 1 8 1
230099 229838 261 3 0.299813 0.268324 0.0314893 6 3 6 3
231162 230794 368 0 0.399913 0.355394 0.0445192 7 2 7 2
231576 231304 272 8 0.0999662 0.0646964 0.0352698 7 2 7 2
231659 231424 235 5 0.299894 0.272369 0.027525 4 5 4 5
233335 232993 342 2 0.399904 0.359933 0.0399705 5 4 5 4
233670 233316 354 9 0.199989 0.152856 0.0471332 5 4 5 4
235996 235917 79 7 0.299917 0.290456 0.00946025 8 1 7 1
236022 235672 350 1 0.299944 0.257596 0.0423478 6 3 6 3
236533 236247 286 4 0.399929 0.364993 0.0349367 6 3 6 3
237940 237574 366 6 0.399992 0.356179 0.0438132 8 1 8 1
238322 238102 220 3 0.399995 0.371076 0.0289183 8 1 7 1
238971 238827 144 0 0.399994 0.381835 0.018159 6 3 6 3
240668 240337 331 8 0.399799 0.361691 0.0381075 5 4 4 4
241395 241032 363 2 0.399912 0.357316 0.0425959 5 4 5 4
242350 242152 198 5 0.0998278 0.0744946 0.0253332 7 2 7 2
242508 242205 303 9 0.399927 0.36314 0.0367869 7 2 7 2
243032 242960 72 7 0.499905 0.491315 0.00859069 8 1 6 1
243471 243285 186 4 0.499959 0.476485 0.0234743 4 5 4 5
244190 244014 176 1 0.399955 0.37835 0.0216047 6 3 6 3
245886 245589 297 6 0.39999 0.363074 0.0369154 5 4 5 4
246804 246690 114 3 0.299923 0.285867 0.0140555 7 2 6 2
247338 247232 106 0 0.299974 0.285927 0.0140471 7 2 7 2
247418 247359 59 8 0.490184 0.482774 0.00741058 8 1 7 1
247424 247371 53 2 0.599953 0.593287 0.00666595 7 2 6 1
250952 250651 301 4 0.399977 0.36465 0.0353277 7 2 7 2
251626 251569 57 7 0.199976 0.192746 0.00722939 7 2 7 2
252103 251791 312 9 0.199999 0.163835 0.036164 8 1 8 1
252648 252545 103 1 0.299923 0.285002 0.0149207 5 4 5 4
253670 253607 63 5 0.0999873 0.0912924 0.00869489 7 2 7 2
254428 254085 343 2 0.399894 0.358196 0.0416983 6 3 6 3
256275 256023 252 6 0.099896 0.0697586 0.0301374 5 4 5 4
256695 256478 217 3 0.199985 0.173256 0.026729 6 3 6 3
257018 256965 53 8 0.0999905 0.0926141 0.0073764 5 4 5 4
257960 257747 213 0 0.0999313 0.0765102 0.0234211 6 3 6 3
260402 260349 53 4 0.199921 0.19292 0.00700137 6 3 6 3
262373 262167 206 9 0.199967 0.17183 0.0281368 8 1 8 1
262717 262424 293 7 0.0999916 0.0641265 0.0358651 8 1 8 1
263465 263141 324 1 0.0999988 0.0617988 0.0382001 5 4 5 4
264777 264548 229 2 0.0998945 0.0727641 0.0271304 6 3 6 3
265146 264948 198 5 0.0999528 0.0761383 0.0238145 8 1 8 1
266105 265821 284 3 0.299941 0.267336 0.0326049 6 3 6 3
267475 267362 113 8 0.19994 0.185517 0.0144228 7 2 7 2
267828 267646 182 6 0.0999107 0.0766363 0.0232743 6 3 5 3
269322 269248 74 0 0.0999284 0.0903851 0.0095433 5 4 5 4
270425 270372 53 4 0.199904 0.191378 0.00852604 5 4 5 4
270846 270696 150 9 0.399987 0.382707 0.0172802 6 3 4 3
273450 273212 238 7 0.199949 0.173016 0.0269325 6 3 6 3
273525 273471 54 2 0.39991 0.390729 0.00918043 5 4 4 3
274547 274494 53 1 0.0999419 0.0937269 0.00621497 9 0 9 0
275022 274967 55 3 0.299897 0.291351 0.00854597 6 3 6 3
275762 275631 131 5 0.19998 0.1834 0.0165804 8 1 8 1
276852 276629 223 8 0.299946 0.27313 0.0268161 6 3 6 3
278520 278362 158 9 0.39997 0.377192 0.0227777 7 2 7 2
278999 278763 236 4 0.399984 0.371197 0.0287865 6 3 6 2
279443 279198 245 6 0.0999902 0.0711805 0.0288097 6 3 6 3
281002 280665 337 0 0.0998466 0.0612134 0.0386333 7 2 7 2
282784 282729 55 2 0.199947 0.192008 0.00793844 6 3 6 3
283709 283653 56 3 0.299971 0.292504 0.0074673 8 1 7 1
284274 284095 179 5 0.39992 0.377805 0.0221154 7 2 7 2
284772 284317 455 7 0.0999077 0.0464076 0.0535001 7 2 7 2
285838 285602 236 8 0.299931 0.272461 0.0274706 5 4 5 3
285853 285600 253 1 0.0999636 0.0698782 0.0300854 4 5 4 5
288626 288277 349 6 0.399971 0.355166 0.0448054 6 3 6 3
288677 288594 83 9 0.0999463 0.0888845 0.0110618 5 4 5 4
289087 288988 99 4 0.0998969 0.088429 0.0114679 6 3 6 3
292061 291796 265 2 0.299942 0.270426 0.0295162 7 2 7 2
292747 292436 311 0 0.0998936 0.064933 0.0349606 7 2 7 2
294097 294044 53 3 0.0998926 0.0923185 0.00757404 9 0 9 0
294267 294214 53 5 0.099941 0.0940065 0.00593447 8 1 7 1
294622 294505 117 7 0.299909 0.286057 0.0138521 6 3 6 3
295586 295444 142 8 0.199976 0.182804 0.0171729 5 4 5 4
297391 297193 198 1 0.0999232 0.0755916 0.0243315 6 3 6 3
297963 297776 187 4 0.399998 0.375574 0.0244241 8 1 8 1
298304 298250 54 9 0.299901 0.292922 0.00697831 4 5 4 5
299076 298772 304 6 0.0999046 0.0656284 0.0342762 5 4 5 4
