789 729 60 1 0.89998 0.893085 0.00689483 9 0 9 0
809 755 54 3 0.899948 0.893048 0.00689994 8 1 8 1
930 811 119 4 0.899904 0.884502 0.0154019 6 3 6 3
953 756 197 2 0.89993 0.876475 0.0234549 7 2 7 2
1144 816 328 0 0.899931 0.860676 0.039255 5 4 5 4
1721 1568 153 9 0.79992 0.783099 0.0168211 8 1 8 1
1783 1650 133 8 0.799951 0.783525 0.0164262 7 2 7 2
1810 1666 144 6 0.799916 0.780585 0.0193304 6 3 6 3
3061 2868 193 1 0.79991 0.77509 0.0248203 9 0 9 0
3214 2911 303 3 0.799954 0.764899 0.035055 8 1 8 1
3326 3049 277 4 0.799964 0.768222 0.031742 7 2 7 2
3377 3249 128 5 0.59995 0.583577 0.0163729 6 3 6 3
4314 4194 120 0 0.699914 0.684751 0.0151637 7 2 7 2
4504 4299 205 9 0.799968 0.774165 0.0258035 7 2 7 2
4895 4682 213 2 0.599961 0.573739 0.026222 6 3 6 3
5314 5202 112 6 0.699962 0.684146 0.0158163 6 3 6 3
5922 5844 78 7 0.278098 0.266506 0.0115919 6 3 6 3
5963 5677 286 1 0.799991 0.764878 0.0351133 7 2 7 2
6894 6762 132 8 0.499934 0.483056 0.0168773 7 2 7 2
7157 7079 78 9 0.799921 0.788248 0.0116728 7 2 7 2
7333 7240 93 0 0.799993 0.789297 0.0106957 6 3 6 3
7798 7492 306 5 0.699904 0.664555 0.0353493 5 4 5 4
8669 8574 95 1 0.799923 0.787143 0.0127794 6 3 6 3
9167 8823 344 9 0.89994 0.861223 0.0387172 5 4 5 4
9278 9081 197 2 0.699983 0.675771 0.0242122 6 3 6 3
9285 9142 143 3 0.399942 0.382007 0.0179358 4 5 4 5
9334 9084 250 6 0.699925 0.670985 0.0289403 5 4 5 4
10135 9850 285 0 0.799911 0.764269 0.0356429 6 3 6 3
10423 10181 242 4 0.299983 0.271523 0.02846 5 4 5 4
10786 10658 128 8 0.799922 0.782408 0.0175139 5 4 5 4
11767 11408 359 9 0.79997 0.758164 0.0418058 6 3 6 3
12190 11996 194 1 0.699981 0.675575 0.0244065 7 2 7 2
12457 12280 177 6 0.799948 0.776385 0.0235628 6 3 6 3
12893 12552 341 5 0.599941 0.56003 0.0399109 5 4 5 4
13769 13590 179 0 0.699893 0.67828 0.0216132 8 1 8 1
14134 13858 276 7 0.399971 0.367896 0.0320756 7 2 7 2
15093 15021 72 3 0.599953 0.590717 0.00923628 7 2 7 2
15203 15058 145 8 0.599982 0.582007 0.0179743 6 3 6 3
15368 15108 260 4 0.799931 0.768709 0.0312216 6 3 6 3
15605 15257 348 9 0.699819 0.658112 0.0417071 5 4 5 4
15957 15608 349 2 0.399798 0.358354 0.041444 4 5 4 5
16816 16726 90 6 0.599897 0.58768 0.012217 5 4 5 4
17810 17658 152 0 0.699924 0.680444 0.0194797 7 2 7 2
18612 18430 182 7 0.799987 0.779008 0.0209781 6 3 6 3
18624 18537 87 1 0.39984 0.387393 0.0124469 6 3 6 3
18799 18554 245 8 0.799956 0.769754 0.0302019 5 4 5 4
18851 18640 211 9 0.799925 0.772074 0.0278514 5 4 5 4
19882 19717 165 5 0.399912 0.380028 0.0198838 6 3 6 3
20411 20101 310 6 0.799857 0.761234 0.0386237 7 2 7 2
21034 20903 131 3 0.499978 0.484672 0.0153057 6 3 6 3
21385 21068 317 2 0.699949 0.662327 0.0376219 5 4 5 4
21711 21397 314 9 0.799999 0.763941 0.0360573 5 4 5 4
22203 22019 184 1 0.899981 0.877577 0.0224042 5 4 5 4
22418 22166 252 4 0.299914 0.270653 0.0292618 4 5 4 5
22457 22281 176 8 0.699934 0.68018 0.0197536 3 6 3 6
23828 23635 193 7 0.499941 0.477364 0.0225771 7 2 7 2
24045 23901 144 6 0.699913 0.67981 0.0201036 7 2 7 2
24301 24108 193 5 0.799976 0.77656 0.0234168 6 3 6 3
24606 24381 225 9 0.799986 0.773873 0.0261136 5 4 5 4
25281 25003 278 0 0.299916 0.266767 0.0331496 4 5 4 5
25829 25653 176 3 0.699964 0.676301 0.0236629 7 2 7 2
26207 25949 258 1 0.599922 0.567756 0.0321663 6 3 6 3
26431 26119 312 2 0.599958 0.563214 0.0367445 6 3 6 3
27285 27232 53 9 0.79986 0.793543 0.00631751 5 4 5 4
27303 27014 289 8 0.599947 0.564776 0.0351704 5 4 5 4
27958 27605 353 7 0.799903 0.758509 0.041394 4 5 4 5
28804 28667 137 6 0.599932 0.583924 0.0160073 7 2 7 2
29961 29797 164 9 0.799943 0.781485 0.018458 8 1 8 1
