841 788 53 0 0.899893 0.893154 0.00673861 8 1 8 1
1069 731 338 5 0.899891 0.860987 0.0389034 9 0 9 0
1768 1624 144 6 0.79992 0.782291 0.0176284 8 1 8 1
2486 2375 111 9 0.699961 0.685057 0.0149042 8 1 8 1
2605 2398 207 3 0.699913 0.675753 0.0241607 7 2 7 2
2746 2413 333 2 0.699917 0.655106 0.0448102 6 3 6 3
3109 2913 196 0 0.799794 0.77484 0.024954 6 3 6 3
3448 3346 102 8 0.599933 0.586111 0.0138221 4 5 4 5
3479 3205 274 4 0.599991 0.56644 0.0335508 5 4 5 4
4120 4056 64 1 0.499977 0.491589 0.00838808 6 3 6 3
4193 4068 125 7 0.499942 0.484945 0.0149967 5 4 5 4
4411 4254 157 6 0.799906 0.779006 0.0208991 5 4 5 4
5681 5485 196 9 0.799934 0.778383 0.0215511 7 2 7 2
5887 5834 53 2 0.799957 0.791687 0.00826989 6 3 6 3
6112 5910 202 5 0.499962 0.472835 0.0271274 5 4 5 4
6635 6521 114 0 0.699928 0.687397 0.0125311 6 3 6 3
6876 6754 122 8 0.799928 0.786392 0.0135361 6 3 6 3
7268 7120 148 7 0.899987 0.882401 0.0175856 6 3 6 3
7523 7240 283 3 0.599898 0.565421 0.0344769 5 4 5 4
7888 7725 163 4 0.699977 0.679531 0.0204463 4 5 4 5
7920 7856 64 1 0.799874 0.790497 0.00937757 5 4 5 4
9269 9048 221 9 0.699942 0.675418 0.0245237 7 2 7 2
9378 9099 279 5 0.899995 0.864648 0.0353467 6 3 6 3
9520 9227 293 2 0.699919 0.663962 0.0359563 6 3 6 3
9539 9486 53 6 0.499996 0.491732 0.00826339 5 4 5 4
9703 9405 298 8 0.799983 0.76267 0.0373134 6 3 6 3
10419 10175 244 7 0.699901 0.668257 0.0316447 5 4 5 4
10908 10757 151 4 0.799993 0.780807 0.0191859 6 3 6 3
11719 11644 75 5 0.799959 0.789098 0.0108608 7 2 7 2
11826 11708 118 2 0.899894 0.884084 0.0158098 6 3 6 3
12085 11994 91 0 0.499021 0.48633 0.0126917 7 2 7 2
12862 12552 310 4 0.899907 0.861242 0.0386653 7 2 7 2
12890 12591 299 3 0.599845 0.562811 0.0370335 6 3 6 3
13228 12947 281 1 0.499936 0.46716 0.0327764 6 3 6 3
14478 14212 266 7 0.699922 0.669006 0.0309155 7 2 7 2
15001 14760 241 2 0.699999 0.67193 0.0280695 7 2 7 2
15155 14828 327 8 0.499989 0.463667 0.0363219 6 3 6 3
15379 15100 279 4 0.79999 0.764866 0.0351237 5 4 5 4
15862 15594 268 9 0.399979 0.364226 0.0357525 5 4 5 4
16510 16256 254 1 0.899957 0.870991 0.0289656 5 4 5 4
16704 16651 53 5 0.499932 0.492842 0.00708968 5 4 5 4
16751 16520 231 6 0.39991 0.367112 0.0327975 6 3 6 3
17765 17584 181 0 0.599969 0.578802 0.021167 6 3 6 3
18069 18005 64 3 0.599997 0.59287 0.00712705 5 4 5 4
18676 18514 162 7 0.699932 0.678599 0.021333 4 5 4 5
19219 18880 339 4 0.699991 0.660147 0.0398437 5 4 5 4
20244 20100 144 9 0.799972 0.782122 0.0178501 8 1 8 1
20416 20333 83 0 0.899999 0.890878 0.00912111 7 2 7 2
20727 20404 323 1 0.599949 0.561446 0.0385022 6 3 6 3
20828 20497 331 2 0.499971 0.458774 0.0411967 5 4 5 4
21471 21282 189 3 0.799985 0.777368 0.0226172 7 2 7 2
22284 22110 174 5 0.599956 0.580586 0.0193697 6 3 6 3
23253 23200 53 3 0.899917 0.893651 0.00626529 6 3 6 3
23419 23080 339 4 0.699926 0.656611 0.043315 8 1 8 1
23466 23152 314 8 0.299926 0.262941 0.0369857 7 2 7 2
23564 23223 341 7 0.599955 0.559652 0.0403024 5 4 5 4
25328 25137 191 6 0.29989 0.274319 0.0255713 7 2 7 2
25524 25235 289 9 0.499911 0.465305 0.0346059 6 3 6 3
25841 25554 287 2 0.699902 0.664942 0.0349597 6 3 6 3
26175 25797 378 0 0.399861 0.353676 0.0461856 5 4 5 4
26793 26541 252 4 0.79997 0.769433 0.0305371 5 4 5 4
27509 27179 330 5 0.599944 0.559696 0.0402481 4 5 4 5
28139 27953 186 7 0.699972 0.677796 0.0221754 6 3 6 3
28489 28130 359 8 0.799927 0.755861 0.0440661 5 4 5 4
28512 28351 161 1 0.299987 0.28072 0.0192666 4 5 4 5
29044 28734 310 3 0.399966 0.361643 0.0383235 4 5 4 5
29721 29393 328 9 0.799971 0.760634 0.0393363 5 4 5 4
29810 29734 76 2 0.699998 0.69034 0.00965838 6 3 6 3
