946 683 263 6 0.899971 0.869985 0.0299857 9 0 9 0
1643 1578 65 0 0.799993 0.79078 0.00921303 8 1 8 1
1859 1525 334 1 0.799972 0.759599 0.0403729 9 0 9 0
2555 2431 124 2 0.699943 0.685977 0.0139655 7 2 7 2
3367 3283 84 8 0.599933 0.590702 0.00923111 6 3 6 3
3400 3347 53 9 0.599891 0.591984 0.00790749 5 4 5 4
3414 3186 228 5 0.599937 0.572637 0.0272996 8 1 8 1
3555 3252 303 3 0.599943 0.563587 0.0363564 7 2 7 2
4111 3949 162 6 0.699981 0.676341 0.0236401 5 4 5 4
4135 3986 149 7 0.499983 0.478309 0.0216744 4 5 4 5
5763 5612 151 4 0.299772 0.282084 0.0176875 8 1 8 1
6138 5850 288 8 0.899896 0.867223 0.0326729 7 2 7 2
6846 6668 178 0 0.499965 0.477378 0.0225866 7 2 7 2
7033 6888 145 1 0.499922 0.48146 0.0184619 7 2 7 2
7444 7133 311 2 0.599904 0.565175 0.0347287 6 3 6 3
7935 7670 265 5 0.699956 0.668215 0.031741 5 4 5 4
8372 7977 395 7 0.799926 0.75191 0.0480163 4 5 4 5
8591 8318 273 9 0.59994 0.564687 0.0352525 3 6 3 6
9877 9545 332 6 0.499913 0.460401 0.0395122 8 1 8 1
10359 10306 53 3 0.399805 0.391633 0.00817175 6 3 6 3
10375 10090 285 2 0.899993 0.867854 0.0321393 7 2 7 2
10993 10615 378 0 0.799938 0.754509 0.0454286 6 3 6 3
10996 10840 156 8 0.499932 0.481674 0.0182575 5 4 5 4
11439 11230 209 9 0.899933 0.872363 0.0275706 5 4 5 4
12048 11725 323 5 0.699955 0.663144 0.0368102 4 5 4 5
12117 12015 102 7 0.699988 0.688406 0.0115823 5 4 5 4
12251 12047 204 4 0.599985 0.571376 0.0286088 4 5 4 5
13880 13697 183 0 0.799894 0.777208 0.0226856 8 1 8 1
14042 13984 58 6 0.771308 0.763693 0.00761566 8 1 8 1
14413 14162 251 1 0.399937 0.36992 0.0300178 7 2 7 2
14447 14206 241 2 0.599981 0.56992 0.0300611 6 3 6 3
14696 14379 317 9 0.69991 0.663283 0.0366267 5 4 5 4
15269 15051 218 7 0.79999 0.773502 0.0264884 6 3 6 3
15913 15672 241 4 0.799942 0.77253 0.027412 5 4 5 4
15982 15929 53 5 0.69999 0.692001 0.00798921 4 5 4 5
16262 16112 150 3 0.599892 0.580755 0.0191366 4 5 4 5
16807 16476 331 8 0.59998 0.55942 0.0405609 5 4 5 4
17180 16953 227 9 0.899947 0.869671 0.0302753 5 4 5 4
17894 17803 91 7 0.799905 0.787258 0.0126466 7 2 7 2
18493 18341 152 6 0.6 0.581306 0.0186936 7 2 7 2
18670 18526 144 4 0.799929 0.782066 0.0178637 6 3 6 3
19015 18690 325 2 0.699892 0.66023 0.0396618 6 3 6 3
19201 18991 210 0 0.499929 0.475995 0.0239336 6 3 6 3
19651 19598 53 7 0.899925 0.891854 0.00807056 6 3 6 3
20489 20342 147 3 0.699928 0.681266 0.0186622 7 2 7 2
20532 20343 189 1 0.59993 0.578776 0.0211548 6 3 6 3
21241 20923 318 7 0.899991 0.861713 0.0382781 6 3 6 3
21294 21211 83 4 0.799996 0.789673 0.0103236 5 4 5 4
22021 21893 128 9 0.49992 0.485849 0.0140711 6 3 6 3
22137 21875 262 6 0.799926 0.770368 0.0295574 7 2 7 2
22182 21949 233 8 0.599985 0.573742 0.0262428 5 4 5 4
22200 22106 94 5 0.399905 0.388583 0.0113222 4 5 4 5
24677 24606 71 4 0.699963 0.691825 0.00813748 7 2 7 2
24794 24567 227 2 0.499896 0.474151 0.025745 8 1 8 1
24807 24712 95 6 0.799916 0.789475 0.0104411 7 2 7 2
25356 25098 258 7 0.599988 0.56942 0.0305682 6 3 6 3
25745 25508 237 0 0.499927 0.47267 0.0272573 5 4 5 4
25895 25569 326 1 0.599956 0.559746 0.0402099 4 5 4 5
26079 25778 301 9 0.799952 0.765646 0.034306 4 5 4 5
26649 26444 205 8 0.699928 0.67302 0.0269088 4 5 4 5
27258 27202 56 5 0.699899 0.690752 0.00914703 5 4 5 4
27669 27558 111 4 0.799897 0.784803 0.0150936 5 4 5 4
27687 27589 98 3 0.29999 0.287216 0.0127743 4 5 4 5
28904 28559 345 2 0.79995 0.761141 0.0388089 8 1 8 1
29114 28805 309 7 0.799958 0.760635 0.0393226 7 2 7 2
29814 29603 211 8 0.799991 0.769874 0.0301174 6 3 6 3
