829 732 97 4 0.899963 0.886909 0.0130533 9 0 9 0
953 777 176 0 0.899966 0.878121 0.0218442 8 1 8 1
1667 1580 87 5 0.799907 0.787806 0.0121016 8 1 8 1
1746 1585 161 9 0.799851 0.781312 0.0185394 7 2 7 2
1769 1612 157 8 0.799773 0.777113 0.0226602 7 2 7 2
1779 1530 249 3 0.799936 0.766748 0.0331879 9 0 9 0
1802 1647 155 1 0.799951 0.778723 0.0212277 5 4 5 4
2834 2517 317 7 0.699939 0.660091 0.0398473 4 5 4 5
3509 3245 264 6 0.599926 0.570895 0.0290311 8 1 8 1
3527 3342 185 5 0.899907 0.879421 0.020486 6 3 6 3
3626 3283 343 2 0.599987 0.556608 0.0433796 7 2 7 2
3626 3573 53 8 0.884006 0.876191 0.00781494 6 3 6 3
4780 4448 332 3 0.799941 0.756939 0.0430022 7 2 7 2
4824 4771 53 0 0.599928 0.592756 0.00717241 6 3 6 3
5270 5178 92 1 0.699918 0.688101 0.0118174 5 4 5 4
5515 5424 91 4 0.499901 0.48741 0.0124916 5 4 5 4
5789 5690 99 5 0.799949 0.788988 0.0109607 5 4 5 4
5972 5878 94 9 0.5999 0.587877 0.0120232 5 4 5 4
6648 6565 83 8 0.699956 0.686542 0.0134139 6 3 6 3
7175 6923 252 6 0.799901 0.770694 0.029207 6 3 6 3
8256 7929 327 2 0.699965 0.661159 0.038806 8 1 8 1
8290 8167 123 1 0.799986 0.783854 0.0161318 8 1 8 1
8555 8240 315 3 0.69994 0.661701 0.0382384 7 2 7 2
8976 8922 54 0 0.699949 0.69229 0.00765892 6 3 6 3
9256 9189 67 7 0.399998 0.392431 0.00756697 6 3 6 3
9597 9275 322 9 0.799943 0.762748 0.0371949 5 4 5 4
9879 9581 298 8 0.799793 0.76462 0.0351729 4 5 4 5
10086 9779 307 6 0.799951 0.762229 0.0377217 4 5 4 5
10383 10159 224 4 0.69999 0.671866 0.0281233 4 5 4 5
11076 10798 278 5 0.499903 0.467521 0.0323824 5 4 5 4
11984 11889 95 0 0.799973 0.787632 0.0123409 8 1 8 1
12483 12185 298 2 0.699959 0.663022 0.0369373 7 2 7 2
12951 12767 184 6 0.79992 0.77813 0.0217897 6 3 6 3
13461 13382 79 1 0.499944 0.490731 0.00921291 7 2 7 2
14438 14122 316 3 0.4999 0.461065 0.0388347 8 1 8 1
14496 14224 272 8 0.599996 0.566067 0.0339295 7 2 7 2
14556 14283 273 4 0.69996 0.667994 0.0319661 6 3 6 3
15134 14782 352 9 0.499918 0.460551 0.039367 5 4 5 4
15312 15009 303 7 0.599939 0.564931 0.0350076 4 5 4 5
16473 16406 67 6 0.699943 0.69204 0.00790371 6 3 6 3
16916 16664 252 5 0.599987 0.569691 0.0302955 6 3 6 3
17144 17046 98 0 0.499967 0.488091 0.0118757 5 4 5 4
17438 17173 265 2 0.599929 0.569119 0.0308106 5 4 5 4
19871 19497 374 8 0.599955 0.554437 0.0455178 9 0 9 0
19893 19543 350 5 0.899912 0.857952 0.04196 8 1 8 1
20251 20075 176 2 0.899989 0.879276 0.0207126 7 2 7 2
20527 20413 114 7 0.599933 0.585794 0.014139 6 3 6 3
20825 20599 226 1 0.399945 0.371819 0.028126 6 3 6 3
20990 20797 193 3 0.499773 0.478216 0.0215573 6 3 6 3
21090 20867 223 0 0.799994 0.772787 0.027207 5 4 5 4
21119 20999 120 4 0.39994 0.383773 0.0161669 4 5 4 5
21320 21169 151 9 0.499961 0.481979 0.0179818 3 6 3 6
22481 22417 64 2 0.799883 0.792651 0.00723216 5 4 5 4
23876 23553 323 6 0.29997 0.260606 0.0393636 8 1 8 1
24228 23892 336 7 0.799993 0.761726 0.0382669 8 1 8 1
24471 24129 342 2 0.899962 0.857415 0.0425466 7 2 7 2
24497 24282 215 9 0.899952 0.871719 0.0282335 5 4 5 4
24530 24214 316 8 0.699989 0.662546 0.0374427 6 3 6 3
25530 25362 168 0 0.599997 0.578816 0.0211814 7 2 7 2
25843 25551 292 5 0.399938 0.365272 0.0346658 6 3 6 3
25900 25664 236 3 0.699921 0.671632 0.0282889 5 4 5 4
27020 26708 312 2 0.799994 0.763421 0.0365733 5 4 5 4
27234 27006 228 4 0.599913 0.570809 0.029104 5 4 5 4
27931 27738 193 7 0.699991 0.675733 0.0242581 6 3 6 3
28289 28073 216 0 0.899948 0.873081 0.0268669 6 3 6 3
29242 29137 105 9 0.499855 0.485501 0.0143537 8 1 8 1
29512 29181 331 1 0.299901 0.260408 0.0394939 7 2 7 2
29875 29700 175 3 0.699987 0.678563 0.0214243 7 2 7 2
