866 813 53 4 0.899948 0.891984 0.007964 8 1 8 1
1033 795 238 8 0.899939 0.869718 0.0302205 9 0 9 0
2555 2482 73 1 0.69999 0.690168 0.00982143 7 2 7 2
2603 2375 228 8 0.89995 0.87093 0.0290204 9 0 9 0
2716 2442 274 7 0.699946 0.666938 0.0330086 8 1 7 1
3306 3173 133 2 0.599982 0.584622 0.0153599 7 2 7 2
3479 3228 251 3 0.599975 0.571268 0.0287064 6 3 6 3
4020 3963 57 5 0.497747 0.491128 0.00661851 6 3 6 3
4868 4808 60 0 0.39994 0.391375 0.00856457 6 3 6 3
5249 4934 315 9 0.399922 0.361027 0.0388954 5 4 5 4
5678 5598 80 8 0.699926 0.690596 0.00933013 6 3 6 3
5784 5731 53 7 0.79998 0.792232 0.00774814 4 5 4 5
5934 5717 217 6 0.299911 0.27257 0.027341 5 4 5 4
6573 6225 348 4 0.399929 0.355893 0.0440359 4 5 4 5
7273 7147 126 1 0.599964 0.584834 0.0151299 5 4 5 4
8357 8251 106 2 0.599946 0.586928 0.0130175 6 3 6 3
9222 9004 218 0 0.799959 0.773716 0.0262427 7 2 7 2
9570 9352 218 3 0.499938 0.47354 0.0263978 7 2 7 2
9778 9415 363 5 0.599785 0.553717 0.0460684 6 3 6 3
10480 10381 99 9 0.69999 0.688129 0.0118608 6 3 6 3
10519 10205 314 8 0.599973 0.561853 0.0381193 7 2 7 2
11061 10921 140 4 0.799897 0.784246 0.0156513 4 5 4 5
11092 10722 370 7 0.499912 0.454555 0.0453568 5 4 5 4
12486 12272 214 6 0.599986 0.576126 0.0238599 7 2 7 2
12527 12274 253 1 0.599954 0.571794 0.0281595 6 3 6 3
12611 12545 66 2 0.699953 0.692064 0.00788859 6 3 6 3
13456 13311 145 0 0.599926 0.582979 0.0169468 5 4 5 4
13667 13580 87 4 0.79988 0.788013 0.0118664 5 4 5 4
15316 15100 216 3 0.599936 0.573453 0.0264837 7 2 7 2
15346 15012 334 9 0.599951 0.560969 0.0389821 8 1 8 1
15957 15705 252 5 0.499821 0.470315 0.029506 7 2 7 2
16896 16796 100 1 0.699917 0.688263 0.0116545 5 4 5 4
16970 16713 257 6 0.699954 0.670847 0.0291067 6 3 6 3
17284 16965 319 4 0.699896 0.662084 0.0378121 4 5 4 5
17592 17333 259 8 0.399907 0.367633 0.0322742 5 4 5 4
17982 17631 351 0 0.699947 0.657071 0.0428762 4 5 4 5
18131 17987 144 2 0.499912 0.481649 0.0182638 3 6 3 6
19076 19022 54 1 0.899962 0.893043 0.00691914 5 4 5 4
19162 19001 161 5 0.899924 0.878444 0.0214801 6 3 6 3
19220 19141 79 7 0.2999 0.28835 0.0115499 4 5 4 5
20419 20366 53 4 0.799992 0.79418 0.00581206 8 1 8 1
20749 20455 294 3 0.59997 0.56531 0.0346604 6 3 6 3
20923 20568 355 9 0.599962 0.556239 0.043723 6 3 6 3
20935 20828 107 6 0.699895 0.685716 0.0141786 5 4 5 4
21338 21200 138 1 0.799953 0.781777 0.0181765 4 5 4 5
22172 21832 340 0 0.699942 0.657321 0.0426209 4 5 4 5
22988 22604 384 8 0.699826 0.65183 0.0479956 6 3 6 3
23117 22780 337 2 0.699949 0.656839 0.0431095 7 2 7 2
23261 22916 345 5 0.599991 0.560681 0.0393102 5 4 5 4
23525 23353 172 3 0.899979 0.878016 0.0219624 5 4 5 4
24605 24404 201 0 0.899906 0.876663 0.0232424 6 3 6 3
24777 24603 174 4 0.599965 0.579012 0.0209528 7 2 7 2
25317 25264 53 9 0.699981 0.693261 0.00672048 8 1 8 1
25446 25256 190 8 0.899917 0.877879 0.0220382 8 1 8 1
26410 26316 94 1 0.499995 0.488533 0.0114623 7 2 7 2
26591 26388 203 6 0.499902 0.476362 0.0235399 6 3 6 3
27187 27134 53 7 0.39984 0.392542 0.0072972 7 2 7 2
28653 28470 183 0 0.599996 0.579564 0.0204315 6 3 6 3
29045 28738 307 2 0.499915 0.464096 0.0358195 7 2 7 2
29092 28975 117 3 0.399879 0.383549 0.0163305 6 3 6 3
29230 29159 71 8 0.585596 0.5778 0.00779677 5 4 5 4
29447 29220 227 5 0.499946 0.470971 0.0289747 4 5 4 5
