828 733 95 6 0.899906 0.88571 0.0141962 9 0 9 0
894 788 106 8 0.899963 0.886308 0.0136548 8 1 8 1
1672 1568 104 5 0.799944 0.786513 0.0134312 9 0 9 0
2498 2438 60 4 0.699919 0.692333 0.00758528 8 1 8 1
2726 2434 292 9 0.69994 0.66414 0.0357998 8 1 8 1
2812 2483 329 3 0.699971 0.660371 0.0396003 6 3 6 3
3468 3212 256 1 0.599915 0.568654 0.0312611 6 3 6 3
3934 3702 232 6 0.699922 0.671285 0.028636 5 4 5 4
4006 3831 175 8 0.699997 0.67712 0.0228776 5 4 5 4
4382 4038 344 7 0.499995 0.457786 0.0422091 4 5 4 5
5141 4933 208 2 0.399897 0.375252 0.0246451 5 4 5 4
5214 4945 269 0 0.399918 0.369088 0.0308302 4 5 4 5
5258 4949 309 5 0.699948 0.664726 0.0352222 3 6 3 6
5497 5443 54 4 0.799959 0.793041 0.00691814 5 4 5 4
6953 6900 53 1 0.799891 0.793993 0.00589771 7 2 7 2
7261 6985 276 6 0.799959 0.764191 0.0357686 6 3 6 3
8449 8245 204 3 0.499932 0.475407 0.024525 9 0 9 0
8516 8267 249 9 0.499892 0.471165 0.0287277 8 1 8 1
8987 8642 345 8 0.599867 0.56102 0.0388467 7 2 7 2
9086 8848 238 4 0.69996 0.670717 0.0292428 6 3 6 3
9197 9131 66 5 0.699966 0.690584 0.00938191 5 4 5 4
10326 10212 114 2 0.699941 0.684927 0.0150143 4 5 4 5
10960 10712 248 6 0.699981 0.671763 0.0282176 7 2 7 2
11470 11417 53 3 0.899879 0.89279 0.00708851 6 3 6 3
11473 11126 347 0 0.599913 0.559755 0.0401578 7 2 7 2
11911 11637 274 7 0.399962 0.3695 0.0304621 5 4 5 4
12354 12007 347 1 0.49995 0.457667 0.0422829 6 3 6 3
12739 12526 213 8 0.799999 0.773503 0.026496 6 3 6 3
13198 12950 248 4 0.699904 0.668625 0.0312791 5 4 5 4
13304 12979 325 5 0.699908 0.661385 0.038523 4 5 4 5
14130 14046 84 9 0.599912 0.588526 0.0113852 5 4 5 4
14973 14829 144 6 0.699901 0.680132 0.0197686 8 1 8 1
15185 14940 245 2 0.599988 0.570995 0.0289935 7 2 7 2
15870 15783 87 0 0.69993 0.687059 0.0128709 6 3 6 3
16129 16067 62 3 0.49996 0.490709 0.00925106 6 3 6 3
16330 16262 68 4 0.799976 0.792505 0.00747111 5 4 5 4
16404 16275 129 1 0.799896 0.783692 0.0162041 4 5 4 5
17123 17070 53 8 0.599942 0.591728 0.00821375 5 4 5 4
17779 17505 274 9 0.799909 0.767782 0.0321272 7 2 7 2
17910 17849 61 7 0.599919 0.591336 0.00858288 6 3 6 3
18397 18106 291 5 0.599903 0.565485 0.0344179 5 4 5 4
18773 18578 195 2 0.79993 0.776202 0.0237278 5 4 5 4
18859 18754 105 6 0.699951 0.686398 0.0135529 5 4 5 4
19778 19631 147 8 0.899979 0.880641 0.0193379 6 3 6 3
19931 19811 120 1 0.699919 0.683348 0.0165709 6 3 6 3
20628 20524 104 4 0.59996 0.587019 0.0129415 8 1 8 1
20964 20733 231 3 0.699981 0.672588 0.0273927 7 2 7 2
21354 21033 321 8 0.899912 0.862693 0.037219 6 3 6 3
21614 21352 262 0 0.499915 0.467532 0.0323831 6 3 6 3
22116 21781 335 6 0.799828 0.760415 0.0394123 5 4 5 4
22245 21983 262 9 0.599934 0.566281 0.0336537 5 4 5 4
23072 22773 299 8 0.899909 0.864539 0.0353701 6 3 6 3
23078 22908 170 1 0.799913 0.778714 0.0211995 5 4 5 4
24070 23892 178 2 0.499982 0.475725 0.0242563 7 2 7 2
24207 23929 278 3 0.799896 0.765863 0.0340331 6 3 6 3
24543 24490 53 7 0.399997 0.39087 0.00912695 7 2 7 2
24986 24811 175 1 0.899973 0.875859 0.024115 5 4 5 4
25387 25241 146 5 0.399985 0.379613 0.0203715 5 4 5 4
25568 24783 785 6 0.799921 0.71558 0.0843414 6 3 6 3
25719 25628 91 4 0.599937 0.586786 0.0131512 5 4 5 4
26053 25723 330 9 0.7999 0.760402 0.0394978 4 5 4 5
27728 27584 144 6 0.899939 0.882666 0.0172731 8 1 8 1
27990 27927 63 0 0.499841 0.489286 0.0105545 8 1 8 1
28265 28021 244 1 0.699903 0.672393 0.0275094 7 2 7 2
28575 28447 128 3 0.599951 0.583404 0.0165469 7 2 7 2
28958 28671 287 7 0.799974 0.766116 0.0338582 6 3 6 3
29025 28689 336 8 0.399987 0.358596 0.0413908 4 5 4 5
29041 28684 357 2 0.699859 0.658477 0.0413816 5 4 5 4
