1679 1564 115 4 0.799907 0.784162 0.0157454 9 0 9 0
1774 1621 153 1 0.799908 0.7773 0.022608 7 2 7 2
1806 1565 241 6 0.799968 0.767769 0.0321987 8 1 8 1
1899 1644 255 3 0.799923 0.769525 0.0303974 6 3 6 3
2487 2393 94 2 0.699801 0.688011 0.01179 4 5 4 5
2578 2279 299 9 0.699898 0.665842 0.0340566 5 4 5 4
3449 3229 220 8 0.599979 0.573147 0.0268321 7 2 7 2
3757 3565 192 1 0.89992 0.878378 0.0215422 6 3 6 3
4151 4059 92 5 0.499901 0.489573 0.010328 7 2 7 2
4417 4105 312 7 0.499956 0.461642 0.0383135 6 3 6 3
5079 4729 350 0 0.399967 0.354946 0.045021 6 3 6 3
5382 5327 55 3 0.699949 0.692038 0.00791116 6 3 6 3
6371 6071 300 6 0.599901 0.561584 0.0383178 5 4 5 4
7126 6862 264 8 0.799937 0.768471 0.0314663 7 2 7 2
7665 7497 168 7 0.899968 0.879725 0.0202428 6 3 6 3
7879 7606 273 4 0.399891 0.365574 0.0343178 5 4 5 4
8124 7933 191 5 0.799935 0.776579 0.0233565 5 4 5 4
8651 8417 234 1 0.499922 0.470771 0.0291508 6 3 6 3
9480 9121 359 3 0.699759 0.656995 0.0427648 7 2 7 2
9975 9724 251 9 0.299895 0.26967 0.0302252 5 4 5 4
10096 9777 319 8 0.799921 0.76059 0.039331 4 5 4 5
10639 9620 1019 2 0.29996 0.107854 0.192107 6 3 6 3
10773 10654 119 6 0.699846 0.685846 0.0139998 3 6 3 6
10957 10622 335 7 0.699794 0.660779 0.0390152 4 5 4 5
11425 11059 366 0 0.599909 0.556541 0.0433672 4 5 4 5
12788 12462 326 5 0.599896 0.559123 0.0407729 6 3 6 3
13102 12961 141 4 0.69999 0.681687 0.0183028 5 4 5 4
13527 13305 222 1 0.699937 0.670978 0.0289586 6 3 6 3
14279 14015 264 7 0.799921 0.768052 0.031869 5 4 5 4
14396 14090 306 0 0.899909 0.863274 0.0366345 4 5 4 5
14425 14355 70 8 0.599943 0.589157 0.0107857 3 6 3 6
14525 14231 294 3 0.59991 0.563851 0.0360588 3 6 3 6
15200 15105 95 2 0.899942 0.887411 0.0125317 6 3 6 3
15555 15341 214 6 0.599923 0.572409 0.0275135 6 3 6 3
16380 16318 62 9 0.599968 0.59151 0.00845781 6 3 6 3
16514 16208 306 5 0.799985 0.764005 0.0359795 7 2 7 2
16815 16657 158 0 0.799957 0.782378 0.0175788 6 3 6 3
17045 16870 175 4 0.69996 0.67789 0.0220702 5 4 5 4
17557 17377 180 1 0.699924 0.678223 0.0217012 5 4 5 4
18751 18585 166 7 0.599968 0.577589 0.0223783 7 2 7 2
18870 18572 298 8 0.699986 0.664853 0.035133 8 1 8 1
19067 18870 197 3 0.699966 0.677292 0.0226735 6 3 6 3
19094 18986 108 6 0.799998 0.783874 0.0161242 6 3 6 3
19168 18933 235 2 0.599909 0.572275 0.0276339 6 3 6 3
20382 20163 219 0 0.699913 0.674432 0.0254811 5 4 5 4
20738 20561 177 1 0.799932 0.776828 0.0231037 7 2 7 2
21438 21376 62 9 0.599894 0.591471 0.00842286 7 2 7 2
21926 21713 213 5 0.499958 0.473925 0.0260331 6 3 6 3
21969 21672 297 6 0.799998 0.763622 0.0363758 6 3 6 3
22216 22160 56 7 0.799927 0.792764 0.00716233 6 3 6 3
22625 22559 66 0 0.899909 0.891103 0.00880607 5 4 5 4
23533 23283 250 4 0.399938 0.369019 0.0309186 8 1 8 1
23782 23440 342 2 0.699871 0.660871 0.0389995 7 2 7 2
23957 23569 388 8 0.599992 0.553507 0.0464856 6 3 6 3
25544 25464 80 0 0.699942 0.688927 0.0110156 7 2 7 2
25788 25455 333 6 0.699928 0.658609 0.0413185 7 2 7 2
25845 25525 320 7 0.69999 0.661511 0.038479 6 3 6 3
26420 26084 336 3 0.299991 0.261035 0.0389555 5 4 5 4
26596 26543 53 1 0.399992 0.393638 0.00635475 5 4 5 4
27519 27321 198 5 0.599952 0.575528 0.0244244 7 2 7 2
28544 28491 53 2 0.599981 0.592217 0.00776376 6 3 6 3
28968 28838 130 9 0.299963 0.285513 0.0144501 5 4 5 4
29534 29273 261 0 0.699939 0.670243 0.0296963 6 3 6 3
