806 655 151 2 0.899979 0.883063 0.016916 9 0 9 0
941 779 162 8 0.899915 0.879181 0.0207348 8 1 8 1
1060 807 253 3 0.899903 0.869285 0.0306171 7 2 7 2
1641 1491 150 5 0.799914 0.780718 0.0191961 8 1 8 1
1696 1620 76 0 0.799995 0.78951 0.0104845 7 2 7 2
2357 2275 82 8 0.899969 0.88895 0.0110189 6 3 6 3
2422 2260 162 6 0.699925 0.6801 0.0198247 7 2 7 2
2602 2467 135 9 0.699898 0.684949 0.0149493 5 4 5 4
2667 2476 191 1 0.699928 0.67697 0.0229588 4 5 4 5
3456 3258 198 3 0.799911 0.774716 0.0251954 6 3 6 3
3685 3569 116 2 0.699921 0.686095 0.0138267 5 4 5 4
5131 4823 308 1 0.899816 0.859756 0.0400598 8 1 8 1
5308 5252 56 3 0.899982 0.892877 0.00710489 8 1 8 1
5645 5340 305 8 0.699935 0.662249 0.0376861 7 2 7 2
5691 5636 55 7 0.299929 0.29188 0.00804887 5 4 5 4
5773 5604 169 4 0.299985 0.277415 0.0225698 6 3 6 3
6343 6192 151 6 0.699933 0.680809 0.0191243 6 3 6 3
6651 6338 313 9 0.699942 0.661722 0.03822 5 4 5 4
6785 6705 80 5 0.49994 0.490127 0.00981285 3 6 3 6
6796 6579 217 3 0.899945 0.873658 0.0262868 4 5 4 5
6854 6737 117 0 0.499921 0.483699 0.0162221 2 7 2 7
8971 8734 237 8 0.799928 0.772916 0.0270125 7 2 7 2
9093 8995 98 3 0.799909 0.787628 0.0122805 8 1 8 1
9576 9407 169 7 0.899975 0.879287 0.0206882 7 2 7 2
10170 9902 268 1 0.499895 0.468131 0.0317643 7 2 7 2
10275 10167 108 6 0.699927 0.687095 0.0128317 8 1 8 1
10577 10343 234 4 0.799975 0.772628 0.0273467 7 2 7 2
10847 10725 122 2 0.299997 0.285328 0.0146689 6 3 6 3
11593 11371 222 5 0.699988 0.673564 0.0264235 5 4 5 4
12532 12449 83 3 0.699935 0.690316 0.00961857 7 2 7 2
13346 12974 372 9 0.399914 0.355222 0.0446926 6 3 6 3
13565 13169 396 6 0.799972 0.752147 0.0478251 6 3 6 3
14128 14040 88 4 0.699948 0.690277 0.00967111 6 3 6 3
14260 13899 361 0 0.399926 0.358056 0.0418694 6 3 6 3
14288 14059 229 8 0.499955 0.468142 0.0318129 5 4 5 4
14533 14215 318 7 0.499987 0.462221 0.0377666 5 4 5 4
14803 14661 142 5 0.799888 0.77981 0.0200778 4 5 4 5
15623 15401 222 2 0.799989 0.77421 0.0257791 4 5 4 5
16784 16257 527 6 0.799953 0.736154 0.0637994 5 4 5 4
16860 16523 337 5 0.89993 0.859097 0.0408329 5 4 5 4
17151 16979 172 3 0.599966 0.579179 0.0207863 7 2 7 2
17247 17043 204 4 0.799923 0.774882 0.0250414 6 3 6 3
17719 17402 317 1 0.399941 0.36135 0.0385907 5 4 5 4
19143 19018 125 2 0.699897 0.684657 0.0152399 8 1 8 1
19990 19840 150 8 0.599936 0.58295 0.0169859 7 2 7 2
20181 19876 305 4 0.79995 0.763769 0.0361813 7 2 7 2
20391 20177 214 0 0.599895 0.573876 0.0260193 5 4 5 4
20635 20279 356 6 0.699909 0.656758 0.0431505 4 5 4 5
21026 20914 112 9 0.399972 0.3861 0.0138721 5 4 5 4
21282 20933 349 7 0.499965 0.456052 0.0439133 4 5 4 5
21500 21405 95 3 0.699943 0.685498 0.0144453 4 5 4 5
21686 21482 204 5 0.499896 0.471982 0.0279141 3 6 3 6
22212 22086 126 2 0.79998 0.782438 0.0175414 4 5 4 5
23553 23298 255 8 0.799982 0.770575 0.0294077 6 3 6 3
23734 23659 75 1 0.599937 0.590935 0.00900163 7 2 7 2
24298 23942 356 2 0.899899 0.856791 0.0431075 7 2 7 2
24544 24393 151 3 0.799964 0.780874 0.01909 6 3 6 3
24881 24695 186 0 0.699861 0.675165 0.0246957 6 3 6 3
25548 25251 297 4 0.499983 0.463996 0.0359865 6 3 6 3
25573 25510 63 5 0.799861 0.79047 0.0093907 7 2 7 2
26067 25953 114 7 0.699932 0.685528 0.0144036 6 3 6 3
26365 26054 311 9 0.699962 0.661617 0.0383452 5 4 5 4
26397 26138 259 8 0.799894 0.768049 0.0318454 4 5 4 5
26634 26534 100 2 0.799878 0.784694 0.0151842 5 4 5 4
28034 27912 122 1 0.699981 0.684433 0.0155478 7 2 7 2
28095 27831 264 6 0.299977 0.270834 0.0291426 9 0 9 0
28159 27855 304 0 0.799853 0.766104 0.0337491 6 3 6 3
29132 28933 199 5 0.699966 0.672038 0.0279276 6 3 6 3
