806 707 99 0 0.899968 0.887774 0.0121938 9 0 9 0
850 797 53 7 0.89996 0.892729 0.00723093 7 2 7 2
883 793 90 3 0.899988 0.888015 0.0119727 8 1 8 1
1626 1572 54 2 0.799926 0.792341 0.00758514 9 0 9 0
1817 1603 214 6 0.79994 0.776234 0.0237061 7 2 7 2
1861 1583 278 1 0.799997 0.76762 0.0323765 8 1 8 1
2635 2475 160 8 0.699993 0.681821 0.0181722 7 2 7 2
2779 2484 295 5 0.69993 0.664013 0.0359168 6 3 6 3
3858 3550 308 6 0.899926 0.86161 0.0383158 7 2 7 2
4124 3798 326 3 0.69997 0.661859 0.0381112 6 3 6 3
4588 4535 53 1 0.799902 0.792503 0.00739921 8 1 8 1
4686 4553 133 0 0.599969 0.583341 0.0166276 7 2 7 2
4985 4925 60 4 0.399975 0.393384 0.00659111 5 4 5 4
5160 4881 279 9 0.39993 0.367153 0.0327771 6 3 6 3
5931 5593 338 8 0.799905 0.760702 0.0392028 6 3 6 3
6120 5784 336 5 0.79997 0.759406 0.0405641 5 4 5 4
6861 6603 258 2 0.499825 0.468384 0.0314408 5 4 5 4
7031 6944 87 7 0.29991 0.286398 0.0135121 5 4 5 4
7470 7111 359 1 0.799955 0.758023 0.0419316 5 4 5 4
7953 7791 162 8 0.899982 0.880507 0.0194753 6 3 6 3
8580 8293 287 4 0.899971 0.865604 0.0343673 5 4 5 4
8724 8597 127 9 0.899986 0.885119 0.0148678 6 3 6 3
9012 8651 361 6 0.499956 0.455896 0.0440596 5 4 5 4
9093 8891 202 3 0.599828 0.574408 0.0254207 4 5 4 5
9749 9646 103 5 0.699975 0.68489 0.0150844 6 3 6 3
10460 10126 334 1 0.799943 0.759831 0.040112 6 3 6 3
10864 10508 356 0 0.499958 0.458178 0.0417806 5 4 5 4
11741 11682 59 9 0.699939 0.691471 0.00846827 7 2 7 2
11826 11773 53 8 0.599913 0.593565 0.00634793 6 3 6 3
11850 11653 197 7 0.799897 0.774497 0.0253996 8 1 8 1
13424 13163 261 2 0.499906 0.467308 0.0325986 8 1 8 1
13668 13592 76 7 0.899909 0.89003 0.00987942 8 1 8 1
13858 13613 245 5 0.699941 0.670297 0.0296438 8 1 8 1
14301 14209 92 3 0.599912 0.585436 0.014476 6 3 6 3
14327 13939 388 1 0.699932 0.653238 0.0466935 6 3 6 3
15298 15104 194 4 0.29997 0.276609 0.0233606 5 4 5 4
15667 15454 213 6 0.499988 0.474829 0.0251589 5 4 5 4
15908 15577 331 0 0.699934 0.659044 0.0408905 4 5 4 5
17085 16842 243 8 0.599907 0.57043 0.0294771 6 3 6 3
17520 17456 64 7 0.599917 0.5887 0.0112174 6 3 6 3
18266 18020 246 9 0.399952 0.372167 0.027785 6 3 6 3
18334 18111 223 2 0.699891 0.672363 0.0275286 5 4 5 4
19403 19121 282 1 0.599971 0.563925 0.0360456 6 3 6 3
19666 19353 313 5 0.499976 0.460166 0.0398108 6 3 6 3
20928 20826 102 7 0.799984 0.784592 0.015392 5 4 5 4
20964 20638 326 0 0.599896 0.561956 0.03794 6 3 6 3
21142 21008 134 3 0.399991 0.380787 0.0192038 5 4 5 4
21427 21136 291 6 0.599998 0.566641 0.033356 4 5 4 5
22695 22497 198 9 0.799945 0.775242 0.0247035 6 3 6 3
22909 22752 157 5 0.899979 0.878849 0.0211298 5 4 5 4
23430 23091 339 2 0.599904 0.559714 0.0401904 5 4 5 4
23573 23293 280 4 0.399992 0.367727 0.0322647 5 4 5 4
23736 23457 279 7 0.799969 0.768286 0.031683 5 4 5 4
24080 23730 350 1 0.699915 0.654992 0.0449224 6 3 6 3
24112 23861 251 8 0.39996 0.369514 0.0304463 5 4 5 4
25894 25662 232 6 0.699911 0.668944 0.0309676 7 2 7 2
26446 26099 347 0 0.599779 0.559117 0.0406625 6 3 6 3
26560 26343 217 7 0.799965 0.773854 0.0261104 6 3 6 3
26836 26758 78 5 0.599982 0.591411 0.00857111 6 3 6 3
27806 27636 170 2 0.699928 0.67844 0.021488 7 2 7 2
28723 28386 337 8 0.799913 0.759 0.0409127 7 2 7 2
28876 28701 175 3 0.399956 0.378152 0.0218046 7 2 7 2
29599 29525 74 4 0.599898 0.590702 0.00919528 6 3 6 3
29796 29496 300 9 0.299894 0.26424 0.0356536 7 2 7 2
29964 29678 286 1 0.499937 0.467148 0.0327885 5 4 5 4
