797 725 72 4 0.89992 0.890326 0.00959446 9 0 9 0
832 734 98 6 0.899913 0.885421 0.014492 9 0 9 0
1597 1512 85 2 0.799957 0.78855 0.0114062 9 0 9 0
1777 1552 225 1 0.79993 0.77256 0.0273706 8 1 8 1
2431 2378 53 5 0.699866 0.692542 0.00732419 6 3 6 3
2626 2324 302 8 0.699971 0.665331 0.0346396 7 2 7 2
3494 3255 239 0 0.599951 0.572157 0.0277936 6 3 6 3
3531 3245 286 3 0.599976 0.565306 0.0346704 7 2 7 2
3789 3572 217 1 0.899908 0.873976 0.0259327 5 4 5 4
4527 4114 413 2 0.799973 0.749215 0.0507584 6 3 6 3
5043 4846 197 7 0.399825 0.37703 0.0227955 6 3 6 3
5667 5383 284 4 0.499891 0.464221 0.0356698 7 2 7 2
5904 5704 200 9 0.299913 0.275513 0.0244001 7 2 7 2
6278 6217 61 6 0.399958 0.391481 0.00847706 6 3 6 3
6907 6854 53 0 0.79995 0.792702 0.00724777 5 4 5 4
7595 7354 241 8 0.599941 0.57075 0.0291908 4 5 4 5
8659 8605 54 5 0.399947 0.392647 0.00730049 5 4 5 4
8697 8422 275 1 0.499947 0.465983 0.0339642 6 3 6 3
8801 8659 142 3 0.59991 0.581905 0.0180052 4 5 4 5
10494 10197 297 0 0.699832 0.666243 0.033589 6 3 6 3
10696 10485 211 2 0.399923 0.371866 0.0280566 5 4 5 4
11598 11259 339 6 0.699941 0.658711 0.0412302 7 2 7 2
11633 11385 248 9 0.699947 0.669326 0.0306215 6 3 6 3
11766 11704 62 7 0.499938 0.492018 0.00791977 5 4 5 4
11973 11880 93 8 0.699978 0.68934 0.0106379 5 4 5 4
12931 12876 55 4 0.399973 0.392474 0.00749908 4 5 4 5
13578 13418 160 1 0.699902 0.678652 0.0212496 7 2 7 2
13784 13541 243 0 0.799891 0.770672 0.0292188 6 3 6 3
14269 13869 400 3 0.599997 0.551443 0.0485538 5 4 5 4
14564 14458 106 5 0.599912 0.587519 0.0123926 5 4 5 4
14790 14673 117 6 0.799946 0.786558 0.0133874 4 5 4 5
15735 15530 205 9 0.699914 0.675534 0.0243794 6 3 6 3
15944 15742 202 2 0.699958 0.674226 0.0257318 6 3 6 3
16349 16230 119 4 0.899973 0.884582 0.0153905 6 3 6 3
16472 16318 154 7 0.699924 0.681895 0.0180294 6 3 6 3
17530 17371 159 1 0.699964 0.681135 0.0188292 8 1 8 1
18120 17808 312 3 0.799939 0.764359 0.0355801 8 1 8 1
18334 18056 278 0 0.599966 0.565678 0.0342873 7 2 7 2
18473 18150 323 6 0.699938 0.662029 0.0379088 6 3 6 3
18492 18253 239 8 0.399975 0.37175 0.0282246 5 4 5 4
18587 18461 126 4 0.799991 0.78365 0.0163409 4 5 4 5
19065 18729 336 5 0.699931 0.661629 0.0383027 3 6 3 6
19657 19582 75 9 0.699983 0.691253 0.00873029 5 4 5 4
20369 20233 136 7 0.69981 0.678926 0.0208841 5 4 5 4
20634 20507 127 2 0.599903 0.583825 0.0160785 6 3 6 3
21163 21110 53 4 0.799977 0.791059 0.00891864 7 2 7 2
21606 21321 285 1 0.699908 0.664989 0.034919 6 3 6 3
22488 22140 348 5 0.79999 0.75838 0.04161 7 2 7 2
22562 22503 59 3 0.599892 0.592784 0.00710819 7 2 7 2
22635 22581 54 9 0.799954 0.792226 0.00772823 6 3 6 3
23265 23134 131 6 0.599902 0.584243 0.0156593 6 3 6 3
23589 23346 243 7 0.799937 0.767235 0.032702 6 3 6 3
24346 24286 60 0 0.499934 0.491426 0.00850818 7 2 7 2
24899 24844 55 2 0.699965 0.691219 0.00874623 7 2 7 2
25675 25366 309 4 0.599998 0.559785 0.0402128 6 3 6 3
25685 25194 491 8 0.499949 0.418819 0.0811302 7 2 7 2
25993 25896 97 9 0.699935 0.687837 0.0120983 5 4 5 4
26108 25974 134 5 0.699935 0.683201 0.016734 4 5 4 5
26555 26215 340 7 0.79999 0.760036 0.0399534 4 5 4 5
26810 26643 167 3 0.699983 0.67688 0.0231028 4 5 4 5
27312 27177 135 1 0.499946 0.479313 0.0206329 3 6 3 6
28421 28224 197 6 0.599925 0.57709 0.0228352 8 1 8 1
28701 28647 54 2 0.699892 0.69347 0.00642161 7 2 7 2
