830 762 68 5 0.899983 0.891019 0.00896439 9 0 9 0
869 784 85 0 0.899913 0.887958 0.0119554 8 1 8 1
878 704 174 9 0.899894 0.879058 0.0208363 9 0 9 0
1730 1586 144 2 0.799921 0.782133 0.0177881 9 0 9 0
2488 2426 62 8 0.699863 0.692569 0.00729457 8 1 8 1
2546 2403 143 6 0.69995 0.684149 0.0158008 8 1 8 1
2648 2441 207 4 0.699921 0.67413 0.0257909 8 1 8 1
2749 2458 291 1 0.699899 0.664036 0.0358637 6 3 6 3
3433 3225 208 7 0.599843 0.574748 0.0250953 4 5 4 5
3572 3445 127 2 0.899978 0.883126 0.0168514 6 3 4 3
4392 4059 333 3 0.499806 0.459926 0.0398806 5 4 5 4
4586 4527 59 5 0.599917 0.592568 0.00734845 6 3 6 3
4991 4647 344 6 0.899912 0.859786 0.040126 5 4 5 4
5227 4877 350 2 0.899937 0.857111 0.0428257 7 2 7 2
5892 5830 62 1 0.799865 0.790712 0.00915258 7 2 7 2
6172 6119 53 0 0.399985 0.393586 0.00639885 7 2 7 2
6331 6157 174 8 0.699957 0.678946 0.0210109 5 4 5 4
7471 7135 336 9 0.299932 0.259144 0.0407876 7 2 7 2
8301 8182 119 4 0.499906 0.485245 0.0146607 7 2 7 2
8370 8119 251 6 0.699898 0.67124 0.0286583 7 2 7 2
8604 8471 133 7 0.59999 0.583974 0.0160158 5 4 5 4
9747 9537 210 5 0.599931 0.574503 0.0254285 5 4 5 4
10265 10095 170 1 0.599905 0.578042 0.0218629 4 5 4 5
10295 9969 326 2 0.499904 0.460074 0.0398304 5 4 5 4
10762 10562 200 6 0.899935 0.874346 0.0255886 6 3 6 3
11894 11678 216 3 0.399973 0.373625 0.0263479 7 2 7 2
12255 11949 306 0 0.599902 0.563192 0.0367093 6 3 6 3
13005 12911 94 4 0.699952 0.688092 0.0118605 6 3 6 3
13081 12751 330 8 0.399931 0.361591 0.038341 6 3 6 3
14685 14454 231 7 0.499915 0.472006 0.0279093 7 2 7 2
15195 14846 349 5 0.599897 0.558436 0.0414618 8 1 8 1
15557 15465 92 9 0.385019 0.371757 0.013262 6 3 6 3
15732 15469 263 6 0.49993 0.469146 0.030784 6 3 6 3
15877 15789 88 2 0.599949 0.586158 0.0137901 5 4 5 4
16279 16129 150 3 0.799916 0.780907 0.0190094 4 5 4 5
17271 16978 293 1 0.399926 0.363874 0.0360521 3 6 3 6
17592 17391 201 0 0.599849 0.573834 0.0260148 5 4 5 4
18636 18408 228 7 0.799907 0.772928 0.026979 6 3 6 3
19475 19252 223 4 0.399993 0.372003 0.0279896 6 3 6 3
19810 19596 214 6 0.799947 0.772024 0.0279224 7 2 7 2
20100 19922 178 8 0.499907 0.479361 0.0205463 5 4 5 4
20800 20499 301 3 0.599917 0.564138 0.0357786 6 3 6 3
20922 20694 228 9 0.69996 0.673538 0.0264222 5 4 5 4
20989 20773 216 2 0.599999 0.575302 0.024697 4 5 4 5
21314 21156 158 5 0.49995 0.481319 0.0186313 4 5 4 5
22498 22366 132 6 0.799866 0.78225 0.0176167 4 5 4 5
23524 23207 317 1 0.599931 0.56145 0.0384805 7 2 7 2
23800 23737 63 7 0.5 0.491288 0.00871163 8 1 8 1
23879 23764 115 4 0.799975 0.785965 0.0140102 7 2 7 2
24195 24133 62 3 0.799956 0.792554 0.00740155 6 3 6 3
24505 24325 180 0 0.399894 0.377707 0.0221868 6 3 6 3
25042 24776 266 9 0.699988 0.668369 0.0316191 5 4 5 4
26012 25958 54 5 0.699962 0.692681 0.00728038 7 2 7 2
26095 26038 57 2 0.599918 0.592247 0.00767065 5 4 5 4
26743 26409 334 8 0.499902 0.458967 0.0409353 7 2 7 2
27621 27554 67 7 0.799942 0.790932 0.00901001 7 2 7 2
28178 28053 125 4 0.599962 0.58469 0.015272 6 3 6 3
28220 27839 381 1 0.699915 0.650923 0.048992 6 3 6 3
28356 28061 295 5 0.899929 0.865231 0.034698 6 3 6 3
28361 28247 114 6 0.399907 0.386653 0.0132541 5 4 5 4
28741 28411 330 3 0.599919 0.560738 0.0391814 3 6 3 6
