799 715 84 6 0.899961 0.887784 0.0121775 9 0 9 0
1685 1600 85 3 0.799975 0.790634 0.00934111 6 3 6 3
1746 1557 189 7 0.799939 0.776847 0.0230919 8 1 8 1
1828 1469 359 5 0.799994 0.755747 0.0442474 8 1 8 1
1861 1599 262 4 0.799997 0.768184 0.0318129 7 2 7 2
1876 1632 244 1 0.799816 0.768137 0.0316789 8 1 8 1
2496 2245 251 2 0.699897 0.670919 0.0289787 4 5 4 5
4269 4161 108 3 0.799943 0.785709 0.0142342 7 2 7 2
4411 4100 311 8 0.499906 0.462608 0.0372978 9 0 9 0
4651 4316 335 7 0.79993 0.759856 0.0400738 7 2 7 2
4667 4526 141 6 0.599991 0.582406 0.0175851 5 4 5 4
4737 4455 282 4 0.7999 0.766103 0.033797 7 2 7 2
5201 4920 281 0 0.399976 0.36312 0.036856 4 5 4 5
5399 5288 111 5 0.699981 0.686176 0.0138049 4 5 4 5
5933 5741 192 9 0.29998 0.276457 0.023523 3 6 3 6
6352 6035 317 1 0.599955 0.558375 0.0415807 4 5 4 5
6834 6685 149 3 0.799983 0.781847 0.0181362 5 4 5 4
8311 8039 272 2 0.499914 0.468548 0.0313659 6 3 6 3
8434 8163 271 7 0.699996 0.668953 0.0310426 7 2 7 2
9159 9060 99 4 0.599899 0.58456 0.0153399 7 2 7 2
9208 9155 53 8 0.699942 0.692034 0.00790782 6 3 6 3
9389 9192 197 5 0.6999 0.675852 0.0240483 6 3 6 3
10623 10567 56 9 0.799935 0.791228 0.00870697 7 2 7 2
10828 10516 312 6 0.499988 0.464669 0.0353188 5 4 5 4
11387 11051 336 3 0.599788 0.56137 0.0384183 5 4 5 4
11526 11178 348 0 0.599955 0.557537 0.0424173 5 4 5 4
11671 11606 65 4 0.89134 0.883472 0.00786857 7 2 6 2
11927 11582 345 1 0.59998 0.55839 0.0415894 5 4 5 4
13231 13118 113 9 0.799892 0.786971 0.0129213 6 3 6 3
13506 13211 295 5 0.699968 0.664237 0.0357317 5 4 5 4
14875 14821 54 7 0.399923 0.392801 0.00712259 6 3 6 3
14893 14695 198 2 0.499948 0.476059 0.0238889 7 2 7 2
14926 14671 255 6 0.79995 0.767931 0.0320195 8 1 8 1
15538 15461 77 8 0.39999 0.389114 0.0108762 6 3 6 3
15973 15678 295 3 0.699908 0.664068 0.0358397 5 4 5 4
16115 15794 321 0 0.699952 0.660988 0.0389644 4 5 4 5
16564 16293 271 4 0.499919 0.46718 0.0327399 4 5 4 5
17264 17108 156 1 0.599984 0.581013 0.0189715 4 5 4 5
17453 17372 81 9 0.599911 0.590398 0.00951298 4 5 4 5
18745 18393 352 6 0.699947 0.65733 0.0426167 6 3 6 3
19317 19194 123 0 0.799909 0.784282 0.0156268 8 1 8 1
19661 19514 147 2 0.699961 0.680696 0.0192651 7 2 7 2
19933 19847 86 7 0.699955 0.68847 0.0114853 7 2 7 2
20133 19916 217 5 0.399929 0.372011 0.0279181 5 4 5 4
20813 20753 60 9 0.799928 0.791405 0.00852359 6 3 6 3
21252 21156 96 4 0.699953 0.688322 0.0116307 6 3 6 3
21587 21411 176 8 0.599941 0.579035 0.0209057 7 2 7 2
21676 21445 231 3 0.499981 0.471951 0.0280307 5 4 5 4
22890 22759 131 0 0.699979 0.685341 0.0146381 7 2 7 2
23401 23176 225 1 0.499909 0.474662 0.0252462 6 3 6 3
24403 24274 129 2 0.599903 0.582455 0.0174478 6 3 6 3
24411 24171 240 8 0.899959 0.867436 0.0325228 6 3 6 3
24446 24145 301 4 0.799922 0.765604 0.0343179 6 3 6 3
24538 24366 172 5 0.799911 0.780168 0.0197435 5 4 5 4
25383 25302 81 7 0.499934 0.488938 0.0109958 3 6 3 6
25446 25238 208 6 0.399947 0.373038 0.0269094 5 4 5 4
26042 25788 254 9 0.4999 0.469632 0.0302683 6 3 6 3
26698 26405 293 3 0.699941 0.662053 0.0378883 7 2 7 2
27555 27386 169 8 0.699979 0.680197 0.0197817 4 5 4 5
27558 27345 213 0 0.599977 0.575365 0.0246125 5 4 5 4
28122 28001 121 1 0.699947 0.685802 0.0141454 4 5 4 5
29055 28741 314 5 0.599932 0.559485 0.0404466 6 3 6 3
29524 29408 116 2 0.6 0.584795 0.0152049 7 2 7 2
29983 29773 210 3 0.799969 0.775981 0.0239885 8 1 8 1
