796 719 77 3 0.899981 0.890416 0.00956469 7 0 7 0
829 732 97 4 0.899963 0.886909 0.0130533 8 1 8 1
847 783 64 9 0.899896 0.890472 0.00942496 8 1 8 1
1848 1607 241 0 0.799981 0.770596 0.0293855 9 0 9 0
1868 1661 207 8 0.799874 0.776847 0.0230267 8 1 8 1
1944 1627 317 6 0.799763 0.760574 0.0391891 9 0 9 0
1959 1610 349 2 0.799978 0.756616 0.0433619 7 2 7 2
2675 2449 226 7 0.699895 0.67392 0.0259746 4 5 4 5
2709 2414 295 5 0.699903 0.663936 0.0359673 5 4 5 4
3103 2948 155 9 0.799942 0.781989 0.0179537 6 3 6 3
4266 4151 115 1 0.499983 0.484767 0.015216 9 0 9 0
4677 4589 88 3 0.599953 0.587954 0.0119989 8 1 8 1
4953 4832 121 9 0.899979 0.884623 0.0153558 7 2 7 2
5357 5304 53 0 0.69986 0.692482 0.00737801 6 3 6 3
5559 5429 130 2 0.699963 0.685447 0.0145163 6 3 6 3
5959 5486 473 4 0.499975 0.447513 0.0524616 5 4 5 4
7249 6961 288 8 0.499884 0.466718 0.0331664 7 2 7 2
7302 7039 263 6 0.499926 0.461965 0.0379617 7 2 7 2
7461 7343 118 7 0.599899 0.584894 0.0150056 6 3 6 3
8263 8008 255 1 0.79993 0.768128 0.0318018 5 4 5 4
8841 8736 105 9 0.599971 0.586697 0.0132744 5 4 5 4
8945 8840 105 3 0.699938 0.685748 0.0141899 4 5 4 5
9963 9910 53 0 0.599994 0.59323 0.00676385 7 2 7 2
10122 9969 153 5 0.29995 0.280686 0.019264 6 3 6 3
10417 10114 303 2 0.599842 0.56498 0.0348614 6 3 6 3
10547 10270 277 8 0.899915 0.867223 0.0326926 6 3 6 3
11336 11227 109 4 0.599997 0.584445 0.0155517 6 3 6 3
12544 12190 354 9 0.799909 0.75817 0.0417396 6 3 6 3
12711 12529 182 1 0.599975 0.577236 0.0227389 6 3 6 3
12744 12691 53 3 0.696725 0.688298 0.00842704 5 4 5 4
13366 13307 59 7 0.499979 0.490623 0.00935671 6 3 6 3
13797 13646 151 6 0.499859 0.482949 0.0169098 6 3 6 3
13914 13855 59 2 0.799923 0.790122 0.00980101 5 4 5 4
14685 14455 230 8 0.59993 0.571477 0.0284531 5 4 5 4
15065 14737 328 5 0.799904 0.762855 0.0370489 6 3 6 3
15667 15494 173 4 0.699945 0.67748 0.0224648 6 3 6 3
16040 15700 340 3 0.799984 0.757465 0.0425192 5 4 5 4
16863 16748 115 6 0.899892 0.884194 0.0156987 7 2 7 2
17009 16897 112 9 0.599913 0.585444 0.0144697 5 4 5 4
17010 16834 176 5 0.89999 0.877464 0.022526 6 3 6 3
17594 17452 142 0 0.299988 0.28228 0.017708 6 3 6 3
18083 17759 324 1 0.599897 0.563837 0.0360596 8 1 8 1
18293 18053 240 2 0.599929 0.570338 0.0295913 6 3 6 3
18471 18323 148 5 0.899972 0.880952 0.0190202 5 4 5 4
18871 18698 173 3 0.799941 0.777906 0.0220346 4 5 4 5
18934 18730 204 7 0.599953 0.574308 0.0256447 4 5 4 5
19603 19547 56 4 0.69993 0.693409 0.00652106 4 5 4 5
20079 19776 303 8 0.599958 0.565088 0.0348702 4 5 4 5
20851 20698 153 1 0.899989 0.881286 0.0187038 6 3 6 3
20916 20609 307 3 0.899912 0.863115 0.0367971 5 4 5 4
21569 21462 107 5 0.699985 0.687325 0.0126592 6 3 6 3
21620 21353 267 0 0.899991 0.869434 0.0305572 6 3 6 3
22447 22059 388 9 0.599909 0.551857 0.0480518 6 3 6 3
22644 22494 150 4 0.79984 0.780551 0.0192887 6 3 6 3
22717 22379 338 7 0.799997 0.759284 0.0407136 7 2 7 2
22746 22422 324 6 0.399963 0.360751 0.0392122 6 3 6 3
24085 23849 236 1 0.699906 0.671235 0.0286707 7 2 7 2
24254 24196 58 2 0.49991 0.491547 0.00836262 6 3 6 3
24678 24417 261 8 0.699951 0.664662 0.035289 6 3 6 3
24770 24607 163 0 0.699991 0.678682 0.0213085 6 3 6 3
24911 24820 91 3 0.599905 0.589904 0.0100011 4 5 4 5
26336 26157 179 7 0.699925 0.676449 0.0234761 7 2 7 2
27065 26842 223 9 0.699963 0.672024 0.0279388 8 1 8 1
27185 27029 156 5 0.499945 0.480902 0.019043 7 2 7 2
27876 27702 174 8 0.799972 0.778312 0.0216595 7 2 7 2
28027 27699 328 4 0.499971 0.46029 0.039681 6 3 6 3
28157 27846 311 6 0.699892 0.662823 0.0370692 6 3 6 3
28883 28711 172 1 0.599973 0.577091 0.0228817 5 4 5 4
29005 28787 218 2 0.699951 0.675119 0.024832 4 5 4 5
