846 737 109 5 0.899916 0.887567 0.0123493 7 2 7 2
850 792 58 0 0.899929 0.891745 0.00818387 6 3 6 3
946 683 263 6 0.899971 0.869985 0.0299859 8 0 8 0
978 833 145 9 0.899922 0.879691 0.0202308 6 3 6 3
1001 708 293 1 0.899902 0.865048 0.0348546 8 1 8 1
1755 1686 69 7 0.776071 0.767274 0.00879756 7 2 7 2
2365 2312 53 9 0.899971 0.893747 0.00622377 8 1 8 1
2695 2445 250 3 0.699963 0.671693 0.0282703 9 0 9 0
3522 3172 350 4 0.599908 0.55642 0.043488 8 1 8 1
3800 3745 55 5 0.699904 0.69188 0.00802318 6 3 6 3
3831 3572 259 7 0.899923 0.866344 0.033579 7 2 7 2
4111 4018 93 2 0.499931 0.488299 0.0116315 5 4 5 4
4147 3978 169 6 0.699966 0.67781 0.0221559 6 3 6 3
4247 4003 244 1 0.699892 0.671962 0.0279295 7 2 7 2
5135 4858 277 3 0.899958 0.867063 0.0328946 4 5 4 5
5173 4874 299 8 0.399895 0.365131 0.0347645 4 5 4 5
6167 6036 131 7 0.799885 0.784016 0.0158693 7 2 7 2
6290 6144 146 9 0.599959 0.582435 0.0175243 6 3 6 3
6635 6383 252 0 0.39996 0.371791 0.028169 5 4 5 4
8036 7873 163 2 0.799939 0.779813 0.0201262 7 2 7 2
8150 7873 277 7 0.899943 0.866265 0.0336785 7 2 7 2
8503 8176 327 3 0.699908 0.662726 0.0371818 6 3 6 3
8832 8682 150 4 0.599976 0.579714 0.0202623 5 4 5 4
9107 8923 184 1 0.599927 0.577554 0.0223728 6 3 6 3
9281 8996 285 5 0.499909 0.467373 0.0325367 4 5 4 5
9712 9538 174 6 0.499985 0.477693 0.0222919 5 4 5 4
9997 9684 313 9 0.79996 0.76363 0.0363302 4 5 4 5
11116 11063 53 8 0.599974 0.593674 0.00629961 6 3 6 3
11447 11172 275 7 0.699957 0.668711 0.0312458 5 4 5 4
12412 12223 189 4 0.799947 0.778937 0.0210096 7 2 7 2
12699 12467 232 1 0.799893 0.771808 0.0280849 6 3 6 3
12833 12477 356 0 0.6 0.560116 0.0398834 6 3 6 3
13234 13181 53 5 0.799974 0.793274 0.00670048 5 4 5 4
13681 13605 76 8 0.89992 0.890526 0.00939381 6 3 6 3
13856 13647 209 7 0.899977 0.874706 0.0252709 6 3 6 1
14513 14460 53 1 0.89994 0.894101 0.00583856 7 2 7 2
14629 14350 279 9 0.599997 0.568901 0.0310958 7 2 7 2
14770 14679 91 2 0.299988 0.288771 0.0112169 6 3 6 3
15117 14809 308 3 0.399978 0.361174 0.0388036 7 2 7 2
15363 15262 101 6 0.599917 0.586923 0.0129945 5 4 5 4
15443 15155 288 7 0.899979 0.865708 0.0342709 6 3 6 3
17496 17388 108 5 0.599893 0.584861 0.0150326 6 3 6 3
17557 17483 74 8 0.599987 0.588599 0.0113883 6 3 6 3
18189 17945 244 0 0.5999 0.568461 0.0314395 7 2 7 2
18307 18003 304 9 0.799912 0.763949 0.0359629 5 4 5 4
18444 18138 306 1 0.599894 0.563727 0.0361676 5 4 5 4
18632 18276 356 4 0.399904 0.355539 0.0443658 4 5 4 5
19610 19318 292 7 0.599983 0.565653 0.0343298 3 6 3 6
20328 20217 111 2 0.699908 0.683891 0.0160162 6 3 6 3
21450 21173 277 6 0.499919 0.468794 0.031125 7 2 7 2
21794 21660 134 8 0.6998 0.682707 0.0170932 6 3 6 3
22035 21858 177 3 0.499994 0.476609 0.0233853 6 3 6 3
22052 21813 239 9 0.699909 0.670479 0.02943 8 1 8 1
22547 22248 299 7 0.899998 0.863847 0.0361518 6 3 6 3
22683 22498 185 5 0.599943 0.577017 0.0229258 4 5 4 5
23565 23252 313 0 0.599916 0.561144 0.038772 5 4 5 4
23658 23518 140 1 0.59999 0.582172 0.0178182 5 4 5 4
24420 24216 204 9 0.899941 0.875443 0.0244978 5 4 5 4
25533 25460 73 4 0.499999 0.488256 0.0117428 7 2 7 2
25646 25333 313 6 0.799979 0.765263 0.0347161 7 2 7 2
25832 25777 55 2 0.499992 0.492856 0.00713592 6 3 6 3
25840 25631 209 7 0.69992 0.676215 0.0237041 7 2 7 2
27818 27505 313 3 0.599941 0.562638 0.0373035 7 2 7 2
27974 27697 277 5 0.599969 0.568559 0.0314095 6 3 6 3
28054 27962 92 7 0.899971 0.888854 0.0111175 6 3 6 3
28245 27907 338 0 0.699998 0.656876 0.043122 5 4 5 4
28564 28286 278 6 0.799934 0.767139 0.0327949 5 4 5 4
29043 28705 338 1 0.599994 0.559429 0.0405653 5 4 5 4
29044 28971 73 8 0.299999 0.291321 0.00867839 4 5 4 5
