841 788 53 0 0.899893 0.893154 0.00673861 8 1 8 1
899 768 131 1 0.899957 0.883758 0.0161984 9 0 9 0
924 747 177 2 0.899998 0.879942 0.0200559 8 1 8 1
1070 731 339 5 0.899891 0.86219 0.0377007 9 0 9 0
1684 1560 124 7 0.799928 0.784067 0.0158614 7 2 7 2
1722 1629 93 3 0.799954 0.788992 0.0109621 7 2 7 2
1850 1568 282 4 0.799917 0.766048 0.0338695 6 3 6 3
2028 1676 352 8 0.799916 0.757201 0.0427146 6 3 6 3
3516 3297 219 6 0.599935 0.574171 0.0257638 9 0 9 0
3526 3404 122 3 0.899996 0.885755 0.0142406 8 1 8 1
3911 3815 96 0 0.699895 0.687269 0.0126261 7 2 7 2
4004 3827 177 1 0.699932 0.677521 0.0224102 6 3 6 3
4108 3953 155 2 0.699938 0.680754 0.0191832 5 4 5 4
4525 4191 334 7 0.799961 0.758701 0.0412604 4 5 4 5
5909 5770 139 5 0.499931 0.483023 0.0169075 8 1 8 1
5982 5634 348 9 0.299808 0.258855 0.040953 6 3 6 3
6347 6247 100 2 0.899933 0.887081 0.012852 6 3 6 3
6382 6117 265 6 0.899964 0.870585 0.0293796 9 0 6 0
7068 6855 213 0 0.799899 0.774017 0.0258821 6 3 6 3
7080 7006 74 4 0.499917 0.490087 0.0098303 6 3 6 3
7135 6992 143 1 0.799907 0.780911 0.0189965 6 3 6 3
7323 7138 185 8 0.499906 0.479454 0.0204525 5 4 5 4
7690 7301 389 3 0.599916 0.553512 0.0464042 4 5 4 5
8663 8606 57 6 0.799955 0.792638 0.00731617 5 4 5 4
9988 9718 270 7 0.499877 0.469609 0.0302684 6 3 6 3
9998 9676 322 0 0.799944 0.762504 0.0374402 8 1 8 1
10041 9950 91 4 0.899768 0.886917 0.0128508 7 2 7 2
10279 10112 167 2 0.599879 0.579599 0.02028 7 2 7 2
11323 11110 213 8 0.799993 0.775433 0.0245599 6 3 6 3
11754 11400 354 5 0.599959 0.559268 0.0406911 6 3 6 3
12309 12253 56 1 0.499916 0.492134 0.00778238 6 3 6 3
12457 12233 224 9 0.599894 0.570355 0.0295396 7 2 7 2
13017 12876 141 6 0.599979 0.582151 0.0178279 6 3 6 3
13245 12869 376 3 0.599878 0.554539 0.0453397 6 3 6 3
13294 13005 289 8 0.899962 0.865813 0.0341487 4 5 4 4
14610 14401 209 5 0.899938 0.874909 0.0250288 5 4 5 4
15017 14705 312 4 0.49987 0.465073 0.0347967 5 4 5 4
15314 15087 227 9 0.899945 0.869684 0.0302604 8 1 7 0
15641 15524 117 8 0.79997 0.786653 0.0133176 6 3 6 3
16053 15966 87 0 0.399959 0.389003 0.0109556 7 2 7 2
16965 16740 225 5 0.799995 0.771469 0.0285268 7 2 7 2
18043 17834 209 2 0.299901 0.274182 0.0257189 7 2 7 2
18084 17912 172 7 0.299891 0.277533 0.0223583 6 3 6 3
19033 18910 123 4 0.799895 0.784816 0.0150789 7 2 7 2
19289 19203 86 9 0.599915 0.588614 0.0113008 6 3 6 3
19749 19696 53 8 0.599824 0.592221 0.00760282 5 4 5 4
20541 20488 53 6 0.299917 0.291752 0.00816473 4 5 4 5
20548 20239 309 1 0.299893 0.260699 0.039194 5 4 5 4
21007 20954 53 3 0.299868 0.293865 0.00600351 3 6 3 6
21879 21821 58 9 0.899974 0.892384 0.00758992 6 3 6 3
22348 22041 307 5 0.499916 0.464852 0.0350634 6 3 6 3
22900 22827 73 0 0.499959 0.491938 0.00802111 4 5 4 5
22981 22731 250 7 0.799932 0.771233 0.0286988 5 4 5 4
23144 23034 110 8 0.799891 0.784903 0.0149881 4 5 4 5
24826 24731 95 3 0.899984 0.889432 0.0105525 8 1 8 1
25105 24948 157 4 0.399903 0.380988 0.0189144 7 2 7 2
25559 25241 318 1 0.79992 0.762732 0.0371872 8 1 8 1
25671 25618 53 9 0.599975 0.592875 0.00709996 7 2 7 2
26301 25956 345 2 0.399911 0.356721 0.0431905 6 3 6 3
26750 26529 221 8 0.699981 0.673967 0.0260147 6 3 6 3
27367 27007 360 5 0.699784 0.658259 0.0415251 5 4 5 4
28224 28069 155 7 0.499904 0.482399 0.0175052 6 3 6 3
28286 28155 131 9 0.899895 0.882973 0.0169226 6 3 6 3
28365 28312 53 6 0.39999 0.392138 0.00785207 4 5 4 5
29376 29137 239 0 0.49992 0.473495 0.0264243 5 4 5 4
29424 29064 360 1 0.699946 0.656157 0.043789 4 5 4 5
29553 29401 152 3 0.499956 0.48242 0.0175363 5 4 5 4
