825 755 70 5 0.899963 0.889971 0.00999184 9 0 9 0
861 768 93 4 0.899894 0.888791 0.011103 7 1 7 1
925 775 150 1 0.899943 0.876954 0.0229894 9 0 9 0
938 781 157 9 0.899966 0.87895 0.0210164 6 3 6 3
1645 1549 96 6 0.799975 0.786874 0.0131011 8 1 8 1
1810 1564 246 7 0.799927 0.767748 0.0321794 7 2 7 2
1829 1619 210 8 0.7999 0.774163 0.0257377 7 2 7 2
1845 1661 184 3 0.799991 0.777819 0.0221722 7 2 7 2
3112 2925 187 4 0.79999 0.777053 0.0229365 9 0 9 0
3513 3254 259 2 0.599893 0.569804 0.0300891 8 1 8 1
3657 3332 325 6 0.899988 0.862639 0.0373493 7 2 7 2
3934 3873 61 9 0.699924 0.691338 0.00858643 6 3 6 3
4233 3899 334 1 0.69991 0.659249 0.0406613 7 2 7 2
5200 4898 302 0 0.399976 0.366013 0.0339628 6 3 6 3
5458 5226 232 7 0.699911 0.673271 0.0266406 5 4 5 4
6112 6036 76 3 0.599966 0.591615 0.00835111 7 2 7 2
6127 5865 262 6 0.799911 0.769324 0.0305873 7 2 7 2
7048 6971 77 5 0.299942 0.291354 0.00858836 5 4 5 4
7428 7300 128 4 0.5999 0.582511 0.0173896 4 5 4 5
7476 7292 184 1 0.799908 0.776197 0.023711 7 2 7 2
8139 7767 372 2 0.699781 0.657859 0.041922 6 3 6 3
8851 8545 306 8 0.299985 0.261015 0.0389699 6 3 6 3
9033 8768 265 6 0.799991 0.767699 0.0322921 5 4 5 4
9418 9352 66 7 0.699948 0.691652 0.00829646 5 4 5 4
10455 10239 216 3 0.699976 0.672821 0.0271542 6 3 6 3
10460 10205 255 9 0.399931 0.369502 0.0304296 7 2 7 2
11467 11178 289 0 0.599961 0.564319 0.0356424 6 3 6 3
12364 12311 53 7 0.799916 0.793782 0.00613411 7 2 7 2
12451 12394 57 6 0.699919 0.691861 0.00805813 6 3 6 3
12460 12407 53 5 0.699882 0.692208 0.00767449 6 3 6 3
13712 13388 324 1 0.399925 0.360477 0.039448 7 2 7 2
13800 13560 240 8 0.799924 0.772623 0.0273013 6 3 6 3
14069 13755 314 2 0.499927 0.464377 0.0355499 5 4 5 4
14336 14082 254 0 0.899987 0.870156 0.0298311 6 3 6 3
15267 15010 257 4 0.299908 0.269629 0.0302792 6 3 6 3
15608 15456 152 9 0.699942 0.683231 0.0167111 6 3 6 3
16175 15949 226 3 0.499762 0.47261 0.0271519 5 4 5 4
16608 16539 69 7 0.59987 0.589348 0.0105219 6 3 6 3
17220 16990 230 6 0.599819 0.57231 0.0275093 6 3 6 3
17258 17065 193 5 0.599973 0.577519 0.0224537 4 5 4 5
17444 17094 350 2 0.899945 0.858738 0.0412069 5 4 5 4
18106 18053 53 1 0.798622 0.790776 0.00784601 4 5 4 5
18308 18170 138 0 0.599958 0.582752 0.0172065 2 7 2 7
18374 18082 292 8 0.59998 0.562717 0.0372632 3 6 3 6
19821 19709 112 2 0.799928 0.787333 0.0125957 7 2 7 2
20106 19954 152 4 0.799812 0.781009 0.0188028 6 3 6 3
20534 20272 262 9 0.599968 0.569324 0.030644 7 2 7 2
21130 20791 339 3 0.69976 0.660543 0.0392167 7 2 7 2
21472 21419 53 1 0.699887 0.693197 0.00668996 7 2 7 2
21717 21396 321 5 0.699965 0.66327 0.0366955 7 2 7 2
22554 22301 253 6 0.599923 0.569857 0.0300659 5 4 5 4
22904 22654 250 8 0.699945 0.670776 0.0291689 4 5 4 5
22928 22481 447 7 0.499923 0.445204 0.0547185 4 5 4 5
23213 23160 53 2 0.699859 0.691664 0.0081949 6 3 6 3
23581 23348 233 3 0.899948 0.874158 0.0257906 5 4 5 4
23970 23909 61 9 0.799929 0.791508 0.0084211 4 5 4 5
24405 24346 59 4 0.599961 0.593147 0.00681456 6 3 6 3
25079 24763 316 5 0.799923 0.759452 0.0404717 6 3 6 3
25327 25274 53 1 0.699904 0.692347 0.00755685 7 2 7 2
25799 25657 142 9 0.899898 0.882644 0.0172538 6 3 6 3
25978 25837 141 0 0.299956 0.284455 0.0155011 5 4 5 4
26506 26130 376 2 0.799897 0.755811 0.0440864 5 4 5 4
26906 26617 289 3 0.699971 0.665883 0.0340883 6 3 6 3
27682 27591 91 6 0.599869 0.586895 0.012974 7 2 7 2
27937 27749 188 5 0.79998 0.774887 0.0250934 6 3 6 3
28397 28195 202 1 0.799911 0.7757 0.0242106 5 4 5 4
28722 28495 227 8 0.499907 0.471876 0.0280308 5 4 5 4
29655 29349 306 7 0.499916 0.465366 0.03455 6 3 6 3
