882 738 144 9 0.899973 0.880907 0.0190666 8 0 8 0
936 810 126 7 0.899923 0.886072 0.0138511 8 1 7 1
1011 795 216 8 0.899939 0.87395 0.0259886 8 1 8 1
1673 1606 67 6 0.799958 0.791417 0.00854064 9 0 9 0
2040 1646 394 3 0.799926 0.737654 0.0622726 8 1 8 1
2406 2149 257 9 0.899969 0.870793 0.0291755 7 2 7 2
2448 2383 65 2 0.699985 0.690647 0.00933787 6 3 6 3
2663 2500 163 1 0.699928 0.681021 0.0189075 6 3 6 3
4285 4083 202 4 0.499934 0.475155 0.0247787 8 1 8 1
4330 4026 304 8 0.699947 0.662722 0.0372244 7 2 7 2
4362 4189 173 6 0.79993 0.780585 0.0193447 7 2 7 2
4750 4474 276 2 0.899967 0.865347 0.0346202 9 0 8 0
4954 4798 156 0 0.399942 0.380758 0.0191843 5 4 5 4
5091 4823 268 1 0.899942 0.866228 0.0337136 4 5 4 5
5741 5607 134 5 0.299994 0.280697 0.0192968 5 4 5 4
6498 6388 110 7 0.399907 0.386716 0.0131907 6 3 6 3
6501 6446 55 3 0.599982 0.59316 0.0068219 7 2 7 2
8253 8104 149 4 0.799927 0.781273 0.0186539 5 4 5 4
8291 7960 331 9 0.399974 0.358703 0.0412711 6 3 6 3
8307 8189 118 1 0.699978 0.683555 0.0164226 5 4 5 4
8355 8222 133 8 0.699898 0.683452 0.0164463 4 5 4 5
8697 8581 116 6 0.599877 0.586378 0.0134997 3 6 3 6
10029 9842 187 7 0.899971 0.875594 0.0243768 7 2 7 2
10425 10372 53 2 0.39994 0.393413 0.00652776 6 3 6 3
11336 11217 119 6 0.899951 0.886807 0.0131447 8 1 8 1
11583 11223 360 1 0.799958 0.759784 0.0401738 8 1 8 1
11614 11306 308 8 0.799921 0.764142 0.0357792 7 2 7 2
12027 11726 301 0 0.499903 0.462703 0.0371994 5 4 5 4
12520 12275 245 3 0.499946 0.470611 0.0293357 5 4 5 4
12710 12605 105 6 0.899947 0.886232 0.0137153 6 3 6 3
12931 12623 308 9 0.799927 0.761679 0.0382485 4 5 4 5
13339 12973 366 5 0.499817 0.457023 0.0427937 3 6 3 6
14091 13857 234 7 0.599898 0.570844 0.0290538 5 4 5 4
14138 14083 55 4 0.399984 0.393383 0.00660026 5 4 5 4
15434 15096 338 1 0.699926 0.660037 0.0398887 6 3 6 3
16132 15928 204 0 0.799933 0.776137 0.023796 7 2 7 2
16544 16451 93 9 0.69989 0.687425 0.0124656 5 4 5 4
16615 16305 310 3 0.799905 0.764789 0.0351162 6 3 6 3
18086 17905 181 2 0.39984 0.379355 0.0204849 8 1 8 1
18116 17868 248 0 0.899942 0.869547 0.0303953 7 2 7 2
18526 18448 78 8 0.299985 0.291204 0.00878152 6 3 6 3
18546 18279 267 7 0.699955 0.669521 0.0304336 7 2 7 2
18773 18635 138 9 0.899894 0.883917 0.0159765 5 4 5 4
19133 18941 192 6 0.299976 0.275975 0.0240008 5 4 5 4
20462 20120 342 1 0.599987 0.560073 0.0399138 5 4 5 4
20515 20339 176 0 0.799973 0.778645 0.0213288 5 4 5 4
20780 20585 195 5 0.399965 0.3754 0.024565 4 5 4 5
21027 20703 324 4 0.499902 0.457466 0.0424353 3 6 3 6
22033 21740 293 9 0.699985 0.66534 0.034645 5 4 5 4
22501 22315 186 2 0.799933 0.778481 0.0214518 5 4 5 4
22733 22547 186 3 0.39992 0.376667 0.0232527 5 4 5 4
23911 23812 99 1 0.799891 0.787624 0.0122671 8 1 8 1
24217 23943 274 8 0.699959 0.669668 0.0302901 8 1 8 1
24450 24074 376 7 0.49987 0.454774 0.0450958 7 2 7 2
25110 25057 53 9 0.799855 0.792096 0.00775853 4 5 4 5
25160 25046 114 5 0.799987 0.785509 0.0144781 5 4 5 4
25161 24952 209 4 0.79997 0.775764 0.0242062 5 4 5 4
26286 26100 186 6 0.499992 0.476851 0.0231407 8 1 8 1
26296 26117 179 3 0.899982 0.876443 0.0235392 5 4 5 4
26507 26349 158 0 0.399986 0.382055 0.017931 5 4 5 4
26960 26758 202 9 0.899934 0.875654 0.0242804 6 3 6 3
27072 26819 253 2 0.599907 0.568054 0.0318538 4 5 4 5
28612 28559 53 4 0.699881 0.69259 0.00729094 5 4 5 4
28660 28507 153 5 0.699941 0.682337 0.0176036 7 2 7 2
28713 28519 194 3 0.799914 0.775926 0.0239879 6 3 6 3
29214 28899 315 1 0.499947 0.459791 0.0401556 5 4 5 4
29324 29254 70 9 0.779016 0.770473 0.00854231 5 4 5 4
29777 29723 54 8 0.499907 0.491617 0.00828973 5 4 5 4
