789 729 60 1 0.89998 0.893085 0.00689483 9 0 9 0
966 747 219 9 0.899964 0.87341 0.0265544 9 0 9 0
1664 1589 75 5 0.79994 0.789487 0.0104529 8 1 8 1
1744 1617 127 4 0.799919 0.785317 0.0146025 7 2 7 2
1803 1586 217 7 0.799991 0.774964 0.0250263 8 1 8 1
1838 1626 212 0 0.799952 0.774378 0.0255742 6 3 6 3
2976 2917 59 1 0.79997 0.793489 0.00648111 8 1 8 1
3458 3351 107 5 0.899982 0.885555 0.0144268 6 3 6 3
3505 3328 177 6 0.599894 0.578513 0.0213812 7 2 7 2
3582 3238 344 3 0.599803 0.558069 0.0417335 8 1 8 1
4322 4099 223 2 0.499931 0.471321 0.0286102 7 2 7 2
4358 4143 215 8 0.49998 0.473907 0.0260734 6 3 6 3
4525 4369 156 7 0.799973 0.78111 0.0188637 5 4 5 4
5320 5096 224 4 0.699933 0.673774 0.0261591 4 5 4 5
5449 5262 187 0 0.699814 0.677185 0.0226287 3 6 3 6
6653 6381 272 5 0.699938 0.667423 0.0325156 5 4 5 4
7674 7316 358 2 0.899964 0.856552 0.0434117 8 1 8 1
7705 7324 381 9 0.299922 0.254112 0.0458102 7 2 7 2
7982 7731 251 6 0.699939 0.669562 0.030377 6 3 6 3
8257 8008 249 1 0.49995 0.469488 0.0304623 5 4 5 4
8976 8723 253 7 0.599957 0.568659 0.0312987 6 3 6 3
9348 9009 339 8 0.699988 0.656637 0.043351 5 4 5 4
10353 10029 324 4 0.599977 0.5615 0.0384776 5 4 5 4
11169 10993 176 0 0.4999 0.478273 0.0216278 8 1 8 1
11247 11141 106 3 0.29992 0.286285 0.0136349 5 4 5 4
11541 11357 184 5 0.599952 0.57507 0.0248816 7 2 7 2
12581 12425 156 7 0.799939 0.779674 0.0202656 6 3 6 3
13469 13283 186 8 0.699894 0.678066 0.0218282 6 3 6 3
13557 13500 57 6 0.499967 0.492816 0.00715148 6 3 6 3
14119 13785 334 4 0.799991 0.760268 0.0397238 7 2 7 2
14357 14045 312 2 0.299912 0.262826 0.0370856 6 3 6 3
14821 14550 271 1 0.499983 0.465335 0.0346473 6 3 6 3
15261 14914 347 9 0.499899 0.459534 0.0403649 4 5 4 5
16105 15817 288 0 0.699924 0.665328 0.0345966 6 3 6 3
17599 17525 74 4 0.699945 0.689594 0.0103506 8 1 8 1
17677 17622 55 7 0.499929 0.49184 0.00808909 7 2 7 2
17815 17422 393 5 0.499894 0.451644 0.0482502 6 3 6 3
18438 18158 280 8 0.599958 0.565372 0.0345855 6 3 6 3
18486 18309 177 3 0.499931 0.47925 0.0206816 5 4 5 4
19628 19497 131 1 0.699936 0.684246 0.0156899 5 4 5 4
20037 19902 135 2 0.699954 0.682051 0.0179025 5 4 5 4
20150 19788 362 6 0.499844 0.454115 0.0457297 4 5 4 5
20919 20863 56 0 0.599911 0.592428 0.00748371 6 3 6 3
21825 21687 138 9 0.499977 0.48181 0.0181668 7 2 7 2
21876 21777 99 5 0.799941 0.786682 0.0132594 6 3 6 3
22379 22183 196 2 0.899949 0.877126 0.0228224 6 3 6 3
22466 22315 151 3 0.799964 0.782194 0.0177697 4 5 4 5
23175 23043 132 4 0.499936 0.483204 0.0167323 6 3 6 3
23204 22961 243 7 0.599961 0.571236 0.028725 5 4 5 4
23873 23589 284 8 0.599958 0.56429 0.0356682 6 3 6 3
24337 24267 70 1 0.599981 0.591021 0.00895966 4 5 4 5
24366 23975 391 6 0.799896 0.752257 0.0476385 7 2 7 2
24369 24243 126 0 0.799997 0.785435 0.0145627 5 4 5 4
25736 25381 355 2 0.699995 0.655629 0.0443657 4 5 4 5
26592 26220 372 6 0.899772 0.855799 0.0439733 7 2 7 2
26729 26668 61 3 0.599978 0.591212 0.00876635 7 2 7 2
26932 26619 313 7 0.799931 0.762827 0.0371038 7 2 7 2
27155 26877 278 5 0.499932 0.467375 0.0325564 6 3 6 3
27499 27294 205 9 0.599928 0.57331 0.0266179 6 3 6 3
27803 27599 204 1 0.799906 0.774012 0.0258937 5 4 5 4
29014 28650 364 4 0.599957 0.55622 0.0437375 6 3 6 3
29039 28955 84 8 0.599956 0.590291 0.00966442 6 3 6 3
29758 29424 334 0 0.49996 0.460007 0.0399539 6 3 6 3
