775 693 82 2 0.899864 0.888324 0.01154 8 0 8 0
1725 1594 131 3 0.799922 0.785254 0.0146684 8 1 8 1
1752 1575 177 7 0.799802 0.776537 0.0232647 9 0 9 0
1802 1522 280 4 0.799903 0.765856 0.0340469 8 0 8 0
2575 2401 174 6 0.699905 0.678684 0.0212209 5 4 5 4
2684 2359 325 1 0.699969 0.660894 0.0390752 6 3 6 3
3390 3149 241 8 0.599771 0.570903 0.0288676 7 2 7 2
4186 4132 54 9 0.499995 0.492305 0.00769005 7 2 7 2
4401 4077 324 5 0.499992 0.458401 0.0415907 7 2 7 2
5683 5351 332 2 0.499954 0.46012 0.0398332 7 2 7 2
5920 5801 119 0 0.299973 0.282562 0.0174107 6 3 6 3
6283 5960 323 4 0.599976 0.562597 0.0373788 6 3 6 3
6854 6801 53 7 0.499854 0.493068 0.00678692 6 3 6 3
8705 8434 271 3 0.299896 0.265259 0.0346369 7 2 7 2
8817 8723 94 9 0.699865 0.688103 0.0117625 5 4 5 4
8858 8508 350 8 0.599907 0.557953 0.0419542 6 3 6 3
9026 8970 56 1 0.399909 0.391303 0.00860599 6 3 6 3
9261 8951 310 6 0.399933 0.362278 0.0376551 4 5 4 5
10599 10429 170 2 0.699969 0.67793 0.0220394 5 4 5 4
10756 10605 151 7 0.799929 0.782142 0.0177864 4 5 4 5
12416 12342 74 1 0.899901 0.891681 0.00821978 6 3 6 3
12473 12229 244 0 0.599973 0.571348 0.0286249 8 1 8 1
12820 12611 209 5 0.299829 0.273764 0.0260658 7 2 7 2
13590 13262 328 3 0.799918 0.759551 0.0403668 7 2 7 2
13657 13601 56 2 0.799937 0.792963 0.00697439 6 3 6 3
13967 13914 53 8 0.599995 0.592691 0.00730329 6 3 6 3
14316 13968 348 4 0.299987 0.259962 0.0400252 5 4 5 4
15381 15131 250 9 0.399958 0.368772 0.0311866 6 3 6 3
16213 16124 89 2 0.799941 0.789691 0.0102499 6 3 6 3
16215 16009 206 6 0.499955 0.4758 0.0241543 6 3 6 3
16322 16121 201 1 0.599815 0.575283 0.0245322 6 3 6 3
16331 16192 139 3 0.799965 0.781679 0.0182861 5 4 5 4
17678 17474 204 7 0.299999 0.276028 0.0239713 5 4 5 4
17849 17499 350 5 0.799925 0.756943 0.0429819 5 4 5 4
18197 18057 140 3 0.899903 0.880165 0.0197376 6 3 6 3
18897 18702 195 2 0.799946 0.775863 0.024083 6 3 6 3
19485 19252 233 0 0.399953 0.373562 0.0263912 7 2 7 2
19883 19750 133 8 0.499942 0.483231 0.0167113 6 3 6 3
20793 20526 267 5 0.799921 0.76662 0.0333008 6 3 6 3
21001 20656 345 2 0.899984 0.858018 0.0419655 5 4 5 4
21006 20670 336 4 0.599899 0.560021 0.0398774 4 5 4 5
21009 20835 174 6 0.699963 0.679727 0.0202359 3 6 3 6
21315 21154 161 9 0.599931 0.57899 0.0209415 3 6 3 6
22080 22025 55 3 0.599981 0.592212 0.00776908 5 4 5 4
22539 22283 256 7 0.799973 0.769894 0.0300788 5 4 5 4
23909 23673 236 0 0.799878 0.765373 0.034505 8 1 8 1
24032 23818 214 1 0.299995 0.274162 0.0258328 8 1 8 1
24400 24096 304 2 0.699913 0.663509 0.0364037 6 3 6 3
24743 24690 53 9 0.799846 0.792795 0.00705069 6 3 6 3
25540 25387 153 3 0.799968 0.781821 0.0181474 6 3 6 3
25974 25688 286 6 0.599958 0.564066 0.0358913 5 4 5 4
26282 26169 113 4 0.599802 0.584386 0.0154159 6 3 6 3
26784 26652 132 5 0.399981 0.383957 0.0160246 5 4 5 4
26796 26606 190 2 0.899902 0.876352 0.0235502 7 2 7 2
27654 27555 99 7 0.499908 0.487278 0.0126293 6 3 6 3
28181 27872 309 8 0.299996 0.262624 0.037372 5 4 5 4
28329 28156 173 0 0.599823 0.577699 0.0221243 6 3 6 3
28955 28701 254 1 0.799973 0.770419 0.0295543 5 4 5 4
29612 29432 180 6 0.799903 0.7798 0.0201028 5 4 5 4
29701 29620 81 4 0.799962 0.790117 0.00984499 4 5 4 5
29761 29688 73 9 0.499956 0.491171 0.00878503 2 7 2 7
29896 29790 106 2 0.699905 0.688139 0.0117663 3 6 3 6
29896 29762 134 3 0.599953 0.585109 0.0148433 3 6 3 6
