850 797 53 7 0.89996 0.892729 0.00723093 9 0 9 0
862 768 94 4 0.899826 0.88615 0.0136757 9 0 9 0
1644 1537 107 2 0.799998 0.787069 0.0129296 9 0 9 0
1713 1614 99 3 0.799917 0.786458 0.0134588 7 2 7 2
1733 1544 189 0 0.799993 0.778094 0.021899 7 2 7 2
2570 2426 144 5 0.699811 0.683875 0.0159362 6 3 6 3
2793 2371 422 1 0.699793 0.648032 0.0517613 8 1 8 1
3477 3200 277 9 0.599954 0.56611 0.0338444 7 2 7 2
4373 4184 189 3 0.799918 0.774711 0.0252072 7 2 7 2
5088 4841 247 6 0.399901 0.369055 0.0308457 7 2 7 2
5215 4886 329 2 0.699925 0.659905 0.0400208 6 3 6 3
5430 5372 58 7 0.499939 0.493323 0.00661595 6 3 6 3
5697 5517 180 5 0.79998 0.78003 0.01995 5 4 5 4
6176 5833 343 8 0.299896 0.258162 0.0417341 5 4 5 4
6214 5912 302 0 0.599901 0.562874 0.0370267 6 3 6 3
7247 7049 198 4 0.299911 0.274244 0.0256676 5 4 5 4
7987 7436 551 2 0.899981 0.822637 0.0773435 6 3 4 3
8772 8537 235 3 0.599933 0.570209 0.0297239 6 3 6 3
8893 8538 355 9 0.599938 0.553763 0.046175 6 3 6 3
9422 9244 178 1 0.399988 0.37575 0.0242379 6 3 6 3
11060 10773 287 5 0.499986 0.465669 0.0343169 6 3 6 3
11845 11683 162 7 0.499951 0.481894 0.0180569 7 2 7 2
12124 11842 282 4 0.799979 0.766792 0.0331876 7 2 7 2
12143 12075 68 2 0.599919 0.590389 0.00952985 6 3 6 3
12465 12245 220 3 0.799927 0.774378 0.0255495 6 3 6 3
12694 12382 312 9 0.799933 0.763445 0.0364888 4 5 4 5
13145 13045 100 0 0.399962 0.386832 0.0131299 3 6 3 6
13587 13343 244 8 0.499982 0.469508 0.0304741 4 5 4 5
13725 13627 98 1 0.799896 0.78592 0.0139766 4 5 4 5
13765 13560 205 6 0.299986 0.276138 0.0238482 3 6 3 6
14994 14741 253 4 0.799957 0.769034 0.030923 6 3 6 3
15256 14936 320 5 0.799945 0.759331 0.0406139 5 4 5 4
15807 15482 325 2 0.79991 0.763168 0.0367422 4 5 4 5
16183 15915 268 3 0.699995 0.669711 0.0302837 4 5 4 5
17140 17085 55 5 0.89996 0.892731 0.00722872 7 2 7 2
17202 17020 182 9 0.599971 0.578425 0.0215458 8 1 8 1
17674 17341 333 7 0.599933 0.559248 0.0406857 6 3 6 3
17784 17603 181 4 0.799974 0.778421 0.0215532 7 2 7 2
18325 18245 80 8 0.699984 0.68855 0.0114343 6 3 6 3
19178 18959 219 0 0.599905 0.573893 0.026012 6 3 6 3
19457 19263 194 6 0.699943 0.677655 0.0222879 7 2 7 2
19476 19243 233 5 0.799998 0.771187 0.028811 7 2 7 2
19768 19577 191 1 0.399978 0.376315 0.0236629 5 4 5 4
21330 21219 111 4 0.699963 0.686753 0.0132107 8 1 8 1
21463 21265 198 8 0.79994 0.777068 0.0228726 7 2 7 2
21628 21397 231 9 0.699934 0.670212 0.0297224 5 4 5 4
21800 21712 88 2 0.399966 0.389907 0.0100587 7 2 7 2
22721 22543 178 3 0.399991 0.375835 0.0241563 5 4 5 4
23527 23400 127 4 0.899921 0.8841 0.0158211 7 2 6 2
23789 23656 133 5 0.599871 0.582983 0.0168878 6 3 6 3
24661 24299 362 0 0.599967 0.557637 0.0423299 6 3 6 3
24892 24524 368 7 0.399981 0.354548 0.0454337 7 2 7 2
26106 25755 351 6 0.399837 0.359287 0.0405507 6 3 6 3
26428 26073 355 3 0.899896 0.856809 0.0430862 6 3 6 3
26558 26471 87 1 0.499846 0.488932 0.0109141 5 4 5 4
26910 26776 134 2 0.699953 0.683876 0.0160766 7 2 7 2
27383 27131 252 9 0.499937 0.467985 0.0319513 6 3 6 3
27474 27302 172 4 0.599998 0.578411 0.0215868 4 5 4 5
28405 28195 210 8 0.299968 0.272876 0.0270926 4 5 4 5
28758 28411 347 7 0.899983 0.857866 0.0421173 4 5 4 5
29024 28696 328 3 0.799908 0.761426 0.0384819 3 6 3 6
29984 29810 174 2 0.799956 0.778898 0.0210579 7 2 7 2
